source	target	sign	permutations	empirical_p	fdr_q	max_block_observation_fraction	max_block_effect_weight_fraction	status
x000104	x013425	preferred	1000	1	1	1	0.07046910141	EXPECTED_FROM_NULL
x000104	x015064	preferred	1000	1	1	0	0.07241812902	EXPECTED_FROM_NULL
x000104	x016448	preferred	1000	0.05694305694	0.2928500071	1	0.07987417374	EXPECTED_FROM_NULL
x000104	x016449	preferred	1000	1	1	0	0.06650937223	EXPECTED_FROM_NULL
x000104	x016451	preferred	1000	0.02697302697	0.2551656488	1	0.07056403831	EXPECTED_FROM_NULL
x000104	x016970	preferred	1000	0.01598401598	0.2517482517	1	0.06650937223	EXPECTED_FROM_NULL
x000104	x021520	preferred	1000	1	1	0	0.07348263185	EXPECTED_FROM_NULL
x000104	x021784	preferred	1000	0.03896103896	0.2670057216	0.5	0.06790557169	EXPECTED_FROM_NULL
x000104	x021786	preferred	1000	1	1	1	0.07242084579	EXPECTED_FROM_NULL
x000104	x022520	preferred	1000	1	1	1	0.08047729219	EXPECTED_FROM_NULL
x000104	x022522	preferred	1000	1	1	0	0.07496799585	EXPECTED_FROM_NULL
x000104	x022524	preferred	1000	1	1	0	0.07046910141	EXPECTED_FROM_NULL
x000104	x034241	preferred	1000	1	1	0	0.06678122535	EXPECTED_FROM_NULL
x000104	x034243	preferred	1000	1	1	0	0.07506348405	EXPECTED_FROM_NULL
x000104	x034244	preferred	1000	1	1	0	0.06597034568	EXPECTED_FROM_NULL
x000104	x038440	preferred	1000	1	1	0	0.07532767671	EXPECTED_FROM_NULL
x000104	x038443	preferred	1000	0.06893106893	0.3251187315	1	0.07752034659	EXPECTED_FROM_NULL
x000104	x039084	preferred	1000	1	1	0	0.08001076179	EXPECTED_FROM_NULL
x000104	x040632	preferred	1000	1	1	1	0.07870355545	EXPECTED_FROM_NULL
x000104	x040634	preferred	1000	1	1	1	0.06678122535	EXPECTED_FROM_NULL
x000104	x040637	preferred	1000	1	1	0	0.08305771152	EXPECTED_FROM_NULL
x000105	x009305	preferred	1000	1	1	0	0.09129796751	EXPECTED_FROM_NULL
x000105	x013425	preferred	1000	1	1	0	0.1066798736	EXPECTED_FROM_NULL
x000105	x016449	preferred	1000	0.01898101898	0.2517482517	1	0.09899307828	EXPECTED_FROM_NULL
x000105	x017033	preferred	1000	0.02697302697	0.2551656488	1	0.106565574	EXPECTED_FROM_NULL
x000105	x021784	preferred	1000	1	1	1	0.09894908901	EXPECTED_FROM_NULL
x000105	x021785	preferred	1000	0.02797202797	0.2551656488	1	0.108104761	EXPECTED_FROM_NULL
x000105	x021788	preferred	1000	0.03696303696	0.2661338661	0.5	0.1105314578	EXPECTED_FROM_NULL
x000105	x022520	preferred	1000	1	1	1	0.1088697462	EXPECTED_FROM_NULL
x000105	x022521	preferred	1000	1	1	0	0.1021405841	EXPECTED_FROM_NULL
x000105	x022522	preferred	1000	1	1	0	0.1173377097	EXPECTED_FROM_NULL
x000105	x022523	preferred	1000	1	1	0	0.1370007929	EXPECTED_FROM_NULL
x000105	x023865	preferred	1000	1	1	0	0.1057347609	EXPECTED_FROM_NULL
x000105	x025547	preferred	1000	1	1	0	0.1155202773	EXPECTED_FROM_NULL
x000105	x034241	preferred	1000	1	1	0	0.09129796751	EXPECTED_FROM_NULL
x000105	x034242	preferred	1000	0.01498501499	0.2517482517	1	0.09770086889	EXPECTED_FROM_NULL
x000105	x034244	preferred	1000	1	1	1	0.1030309227	EXPECTED_FROM_NULL
x000105	x038441	preferred	1000	1	1	0	0.108104761	EXPECTED_FROM_NULL
x000105	x040632	preferred	1000	0.02597402597	0.2551656488	0.3333333333	0.09779693477	EXPECTED_FROM_NULL
x000105	x040633	preferred	1000	1	1	1	0.1066798736	EXPECTED_FROM_NULL
x000105	x040636	preferred	1000	0.06793206793	0.3251187315	1	0.1190638285	EXPECTED_FROM_NULL
x000105	x040637	preferred	1000	1	1	0	0.09823534247	EXPECTED_FROM_NULL
x000106	x016264	preferred	1000	0.02897102897	0.2551656488	1	0.1568929136	EXPECTED_FROM_NULL
x000106	x016448	preferred	1000	1	1	0	0.1383290721	EXPECTED_FROM_NULL
x000106	x016451	preferred	1000	1	1	0	0.1568929136	EXPECTED_FROM_NULL
x000106	x016970	preferred	1000	1	1	0	0.1301763059	EXPECTED_FROM_NULL
x000106	x021784	preferred	1000	1	1	0	0.1757394709	EXPECTED_FROM_NULL
x000106	x021785	preferred	1000	1	1	0	0.1812116176	EXPECTED_FROM_NULL
x000106	x021788	preferred	1000	1	1	0	0.1382255433	EXPECTED_FROM_NULL
x000106	x022521	preferred	1000	1	1	1	0.1313010775	EXPECTED_FROM_NULL
x000106	x022522	preferred	1000	1	1	0	0.1568929136	EXPECTED_FROM_NULL
x000106	x022523	preferred	1000	1	1	0	0.1542324212	EXPECTED_FROM_NULL
x000106	x033600	preferred	1000	1	1	0	0.1236934488	EXPECTED_FROM_NULL
x000106	x034240	preferred	1000	0.02097902098	0.2534725548	1	0.1383290721	EXPECTED_FROM_NULL
x000106	x034242	preferred	1000	0.03396603397	0.2593769866	1	0.1748810333	EXPECTED_FROM_NULL
x000106	x034244	preferred	1000	1	1	0	0.1346094063	EXPECTED_FROM_NULL
x000106	x040635	preferred	1000	0.01198801199	0.2517482517	1	0.1383290721	EXPECTED_FROM_NULL
x000106	x040637	preferred	1000	1	1	0	0.1567754913	EXPECTED_FROM_NULL
x000106	x042282	preferred	1000	1	1	0	0.1521251002	EXPECTED_FROM_NULL
x000107	x001430	preferred	1000	1	1	0	0.2288267068	EXPECTED_FROM_NULL
x000107	x016449	preferred	1000	0.02497502498	0.2551656488	1	0.1415279767	EXPECTED_FROM_NULL
x000107	x016451	preferred	1000	1	1	0	0.1415279767	EXPECTED_FROM_NULL
x000107	x021784	preferred	10000	0.001499850015	0.1058294171	0.3333333333	0.1864820873	EXPECTED_FROM_NULL
x000107	x021785	preferred	10000	9.9990001e-05	0.04409559044	0.5	0.1261549732	BACKBONE_PREFERRED
x000107	x021968	preferred	1000	0.02397602398	0.2551656488	1	0.154712551	EXPECTED_FROM_NULL
x000107	x022524	preferred	1000	1	1	0	0.1402642005	EXPECTED_FROM_NULL
x000107	x034242	preferred	1000	1	1	0	0.1402642005	EXPECTED_FROM_NULL
x000107	x034243	preferred	1000	1	1	0	0.1402642005	EXPECTED_FROM_NULL
x000107	x034244	preferred	1000	0.02397602398	0.2551656488	0.5	0.1622067178	EXPECTED_FROM_NULL
x000107	x040633	preferred	1000	1	1	0	0.1764837464	EXPECTED_FROM_NULL
x000107	x040634	preferred	1000	1	1	0	0.1746433781	EXPECTED_FROM_NULL
x000107	x040635	preferred	1000	1	1	0	0.1415279767	EXPECTED_FROM_NULL
x000107	x040636	preferred	1000	1	1	0	0.1585082435	EXPECTED_FROM_NULL
x000107	x042282	preferred	1000	1	1	0	0.1391927324	EXPECTED_FROM_NULL
x000108	x009305	preferred	1000	1	1	0	0.1796645871	EXPECTED_FROM_NULL
x000108	x016970	preferred	1000	1	1	0	0.1796645871	EXPECTED_FROM_NULL
x000108	x017032	preferred	1000	1	1	0	0.2514172259	EXPECTED_FROM_NULL
x000108	x021784	preferred	1000	1	1	0	0.1796645871	EXPECTED_FROM_NULL
x000108	x021785	preferred	1000	0.03396603397	0.2593769866	1	0.2899789936	EXPECTED_FROM_NULL
x000108	x021953	preferred	1000	1	1	0	0.2024327224	EXPECTED_FROM_NULL
x000108	x022520	preferred	1000	0.07092907093	0.3283960134	1	0.3741892092	EXPECTED_FROM_NULL
x000108	x022521	preferred	1000	1	1	0	0.6656633251	EXPECTED_FROM_NULL
x000108	x022523	preferred	1000	1	1	0	0.1796645871	EXPECTED_FROM_NULL
x000108	x038440	preferred	1000	1	1	0	0.2146692714	EXPECTED_FROM_NULL
x000108	x040637	preferred	1000	1	1	0	0.1796645871	EXPECTED_FROM_NULL
x000108	x041938	preferred	1000	1	1	0	0.3517248563	EXPECTED_FROM_NULL
x000109	x016264	preferred	1000	1	1	0	0.9585732211	INSUFFICIENT_SUPPORT
x000109	x021784	preferred	1000	1	1	0	0.5244809647	INSUFFICIENT_SUPPORT
x000109	x021786	preferred	1000	1	1	0	0.5244809647	INSUFFICIENT_SUPPORT
x000109	x022520	preferred	1000	1	1	0	0.5244809647	INSUFFICIENT_SUPPORT
x000109	x022522	preferred	1000	1	1	0	0.5244809647	INSUFFICIENT_SUPPORT
x000109	x022523	preferred	1000	1	1	0	0.9475994121	INSUFFICIENT_SUPPORT
x000109	x022524	preferred	1000	1	1	0	0.5244809647	INSUFFICIENT_SUPPORT
x000109	x034242	preferred	1000	1	1	0	0.5244809647	INSUFFICIENT_SUPPORT
x000109	x038441	preferred	1000	1	1	0	0.9585732211	INSUFFICIENT_SUPPORT
x000109	x040632	preferred	1000	0.01698301698	1	1	0.9475994121	INSUFFICIENT_SUPPORT
x000110	x013425	preferred	1000	0.000999000999	1	0	0	INSUFFICIENT_SUPPORT
x000110	x021784	preferred	1000	0.000999000999	1	0	0	INSUFFICIENT_SUPPORT
x000110	x021785	preferred	1000	0.000999000999	1	0	0	INSUFFICIENT_SUPPORT
x000110	x021969	preferred	1000	0.000999000999	1	0	0	INSUFFICIENT_SUPPORT
x000110	x022521	preferred	1000	0.000999000999	1	0	0	INSUFFICIENT_SUPPORT
x000110	x022523	preferred	1000	0.000999000999	1	0	0	INSUFFICIENT_SUPPORT
x000110	x023864	preferred	1000	0.000999000999	1	0	0	INSUFFICIENT_SUPPORT
x000110	x025545	preferred	1000	0.000999000999	1	0	0	INSUFFICIENT_SUPPORT
x000110	x040633	preferred	1000	0.000999000999	1	0	0	INSUFFICIENT_SUPPORT
x000110	x040636	preferred	1000	0.000999000999	1	0	0	INSUFFICIENT_SUPPORT
x000110	x041240	preferred	1000	0.000999000999	1	0	0	INSUFFICIENT_SUPPORT
x000111	x013425	preferred	1000	1	1	0	1	INSUFFICIENT_SUPPORT
x000111	x021784	preferred	1000	1	1	0	1	INSUFFICIENT_SUPPORT
x000111	x038441	preferred	1000	1	1	0	1	INSUFFICIENT_SUPPORT
x000160	x000104	preferred	1000	0.000999000999	1	0	0	INSUFFICIENT_SUPPORT
x000160	x017674	preferred	1000	0.000999000999	1	0	0	INSUFFICIENT_SUPPORT
x000160	x017834	preferred	1000	0.000999000999	1	0	0	INSUFFICIENT_SUPPORT
x000160	x017837	preferred	1000	0.000999000999	1	0	0	INSUFFICIENT_SUPPORT
x000160	x018873	preferred	1000	0.000999000999	1	0	0	INSUFFICIENT_SUPPORT
x000160	x018875	preferred	1000	0.000999000999	1	0	0	INSUFFICIENT_SUPPORT
x000160	x020017	preferred	1000	0.000999000999	1	0	0	INSUFFICIENT_SUPPORT
x000160	x020018	preferred	1000	0.000999000999	1	0	0	INSUFFICIENT_SUPPORT
x000160	x024075	preferred	1000	0.000999000999	1	0	0	INSUFFICIENT_SUPPORT
x000160	x024240	preferred	1000	0.000999000999	1	0	0	INSUFFICIENT_SUPPORT
x000160	x037856	preferred	1000	0.000999000999	1	0	0	INSUFFICIENT_SUPPORT
x000160	x037859	preferred	1000	0.000999000999	1	0	0	INSUFFICIENT_SUPPORT
x000160	x037861	preferred	1000	0.000999000999	1	0	0	INSUFFICIENT_SUPPORT
x000160	x037899	preferred	1000	0.000999000999	1	0	0	INSUFFICIENT_SUPPORT
x000160	x038104	preferred	1000	0.000999000999	1	0	0	INSUFFICIENT_SUPPORT
x000160	x038106	preferred	1000	0.000999000999	1	0	0	INSUFFICIENT_SUPPORT
x000160	x041584	preferred	1000	0.000999000999	1	0	0	INSUFFICIENT_SUPPORT
x000161	x000107	preferred	1000	0.000999000999	1	0	0	INSUFFICIENT_SUPPORT
x000161	x002105	preferred	1000	0.000999000999	1	0	0	INSUFFICIENT_SUPPORT
x000161	x017694	preferred	1000	0.000999000999	1	0	0	INSUFFICIENT_SUPPORT
x000161	x017836	preferred	1000	0.000999000999	1	0	0	INSUFFICIENT_SUPPORT
x000161	x017889	preferred	1000	0.000999000999	1	0	0	INSUFFICIENT_SUPPORT
x000161	x017892	preferred	1000	0.000999000999	1	0	0	INSUFFICIENT_SUPPORT
x000161	x018874	preferred	1000	0.000999000999	1	0	0	INSUFFICIENT_SUPPORT
x000161	x020017	preferred	1000	0.000999000999	1	0	0	INSUFFICIENT_SUPPORT
x000161	x037857	preferred	1000	0.000999000999	1	0	0	INSUFFICIENT_SUPPORT
x000161	x037859	preferred	1000	0.000999000999	1	0	0	INSUFFICIENT_SUPPORT
x000161	x037860	preferred	1000	0.000999000999	1	0	0	INSUFFICIENT_SUPPORT
x000161	x037897	preferred	1000	0.000999000999	1	0	0	INSUFFICIENT_SUPPORT
x000161	x038104	preferred	1000	0.000999000999	1	0	0	INSUFFICIENT_SUPPORT
x000162	x002105	preferred	1000	0.000999000999	1	0	0	INSUFFICIENT_SUPPORT
x000162	x014824	preferred	1000	0.000999000999	1	0	0	INSUFFICIENT_SUPPORT
x000162	x017833	preferred	1000	0.000999000999	1	0	0	INSUFFICIENT_SUPPORT
x000162	x018878	preferred	1000	0.000999000999	1	0	0	INSUFFICIENT_SUPPORT
x000162	x020016	preferred	1000	0.000999000999	1	0	0	INSUFFICIENT_SUPPORT
x000162	x020017	preferred	1000	0.000999000999	1	0	0	INSUFFICIENT_SUPPORT
x000162	x020019	preferred	1000	0.000999000999	1	0	0	INSUFFICIENT_SUPPORT
x000162	x020021	preferred	1000	0.000999000999	1	0	0	INSUFFICIENT_SUPPORT
x000162	x020022	preferred	1000	0.000999000999	1	0	0	INSUFFICIENT_SUPPORT
x000162	x037856	preferred	1000	0.000999000999	1	0	0	INSUFFICIENT_SUPPORT
x000162	x037957	preferred	1000	0.000999000999	1	0	0	INSUFFICIENT_SUPPORT
x000162	x038540	preferred	1000	0.000999000999	1	0	0	INSUFFICIENT_SUPPORT
x000162	x041584	preferred	1000	0.000999000999	1	0	0	INSUFFICIENT_SUPPORT
x000164	x002104	preferred	1000	0.000999000999	1	0	0	INSUFFICIENT_SUPPORT
x000164	x018872	preferred	1000	0.000999000999	1	0	0	INSUFFICIENT_SUPPORT
x000164	x023368	preferred	1000	0.000999000999	1	0	0	INSUFFICIENT_SUPPORT
x000164	x037861	preferred	1000	0.000999000999	1	0	0	INSUFFICIENT_SUPPORT
x000164	x038539	preferred	1000	0.000999000999	1	0	0	INSUFFICIENT_SUPPORT
x001088	x009304	preferred	1000	0.000999000999	1	0	0	INSUFFICIENT_SUPPORT
x001088	x017408	preferred	1000	0.000999000999	1	0	0	INSUFFICIENT_SUPPORT
x001088	x017890	preferred	1000	0.000999000999	1	0	0	INSUFFICIENT_SUPPORT
x001088	x018497	preferred	1000	0.000999000999	1	0	0	INSUFFICIENT_SUPPORT
x001088	x018875	preferred	1000	0.000999000999	1	0	0	INSUFFICIENT_SUPPORT
x001088	x020016	preferred	1000	0.000999000999	1	0	0	INSUFFICIENT_SUPPORT
x001088	x020017	preferred	1000	0.000999000999	1	0	0	INSUFFICIENT_SUPPORT
x001088	x022380	preferred	1000	0.000999000999	1	0	0	INSUFFICIENT_SUPPORT
x001088	x025528	preferred	1000	0.000999000999	1	0	0	INSUFFICIENT_SUPPORT
x001088	x025889	preferred	1000	0.000999000999	1	0	0	INSUFFICIENT_SUPPORT
x001088	x031705	preferred	1000	0.000999000999	1	0	0	INSUFFICIENT_SUPPORT
x001088	x033099	preferred	1000	0.000999000999	1	0	0	INSUFFICIENT_SUPPORT
x001088	x037849	preferred	1000	0.000999000999	1	0	0	INSUFFICIENT_SUPPORT
x001088	x037851	preferred	1000	0.000999000999	1	0	0	INSUFFICIENT_SUPPORT
x001088	x037856	preferred	1000	0.000999000999	1	0	0	INSUFFICIENT_SUPPORT
x001088	x037857	preferred	1000	0.000999000999	1	0	0	INSUFFICIENT_SUPPORT
x001088	x037858	preferred	1000	0.000999000999	1	0	0	INSUFFICIENT_SUPPORT
x001088	x041117	preferred	1000	0.000999000999	1	0	0	INSUFFICIENT_SUPPORT
x001088	x041259	preferred	1000	0.000999000999	1	0	0	INSUFFICIENT_SUPPORT
x001088	x042802	preferred	1000	0.000999000999	1	0	0	INSUFFICIENT_SUPPORT
x001088	x042803	preferred	1000	0.000999000999	1	0	0	INSUFFICIENT_SUPPORT
x001089	x000160	preferred	1000	0.000999000999	1	0	0	INSUFFICIENT_SUPPORT
x001089	x000162	preferred	1000	0.000999000999	1	0	0	INSUFFICIENT_SUPPORT
x001089	x007098	preferred	1000	0.000999000999	1	0	0	INSUFFICIENT_SUPPORT
x001089	x018496	preferred	1000	0.000999000999	1	0	0	INSUFFICIENT_SUPPORT
x001089	x024244	preferred	1000	0.000999000999	1	0	0	INSUFFICIENT_SUPPORT
x001089	x025784	preferred	1000	0.000999000999	1	0	0	INSUFFICIENT_SUPPORT
x001089	x025787	preferred	1000	0.000999000999	1	0	0	INSUFFICIENT_SUPPORT
x001089	x037854	preferred	1000	0.000999000999	1	0	0	INSUFFICIENT_SUPPORT
x001089	x037859	preferred	1000	0.000999000999	1	0	0	INSUFFICIENT_SUPPORT
x001089	x037862	preferred	1000	0.000999000999	1	0	0	INSUFFICIENT_SUPPORT
x001089	x038105	preferred	1000	0.000999000999	1	0	0	INSUFFICIENT_SUPPORT
x001089	x041256	preferred	1000	0.000999000999	1	0	0	INSUFFICIENT_SUPPORT
x001089	x041938	preferred	1000	0.000999000999	1	0	0	INSUFFICIENT_SUPPORT
x001090	x001393	preferred	1000	0.000999000999	1	0	0	INSUFFICIENT_SUPPORT
x001090	x001889	preferred	1000	0.000999000999	1	0	0	INSUFFICIENT_SUPPORT
x001090	x005074	preferred	1000	0.000999000999	1	0	0	INSUFFICIENT_SUPPORT
x001090	x009305	preferred	1000	0.000999000999	1	0	0	INSUFFICIENT_SUPPORT
x001090	x017378	preferred	1000	0.000999000999	1	0	0	INSUFFICIENT_SUPPORT
x001090	x018497	preferred	1000	0.000999000999	1	0	0	INSUFFICIENT_SUPPORT
x001090	x018499	preferred	1000	0.000999000999	1	0	0	INSUFFICIENT_SUPPORT
x001090	x019939	preferred	1000	0.000999000999	1	0	0	INSUFFICIENT_SUPPORT
x001090	x020632	preferred	1000	0.000999000999	1	0	0	INSUFFICIENT_SUPPORT
x001090	x024241	preferred	1000	0.000999000999	1	0	0	INSUFFICIENT_SUPPORT
x001090	x024738	preferred	1000	0.000999000999	1	0	0	INSUFFICIENT_SUPPORT
x001090	x031370	preferred	1000	0.000999000999	1	0	0	INSUFFICIENT_SUPPORT
x001090	x034498	preferred	1000	0.000999000999	1	0	0	INSUFFICIENT_SUPPORT
x001090	x037851	preferred	1000	0.000999000999	1	0	0	INSUFFICIENT_SUPPORT
x001090	x037853	preferred	1000	0.000999000999	1	0	0	INSUFFICIENT_SUPPORT
x001090	x037857	preferred	1000	0.000999000999	1	0	0	INSUFFICIENT_SUPPORT
x001090	x037858	preferred	1000	0.000999000999	1	0	0	INSUFFICIENT_SUPPORT
x001090	x037861	preferred	1000	0.000999000999	1	0	0	INSUFFICIENT_SUPPORT
x001090	x038105	preferred	1000	0.000999000999	1	0	0	INSUFFICIENT_SUPPORT
x001090	x038106	preferred	1000	0.000999000999	1	0	0	INSUFFICIENT_SUPPORT
x001090	x038109	preferred	1000	0.000999000999	1	0	0	INSUFFICIENT_SUPPORT
x001090	x038110	preferred	1000	0.000999000999	1	0	0	INSUFFICIENT_SUPPORT
x001090	x040221	preferred	1000	0.000999000999	1	0	0	INSUFFICIENT_SUPPORT
x001090	x040635	preferred	1000	0.000999000999	1	0	0	INSUFFICIENT_SUPPORT
x001091	x017890	preferred	1000	0.000999000999	1	0	0	INSUFFICIENT_SUPPORT
x001091	x017892	preferred	1000	0.000999000999	1	0	0	INSUFFICIENT_SUPPORT
x001091	x024203	preferred	1000	0.000999000999	1	0	0	INSUFFICIENT_SUPPORT
x001091	x031370	preferred	1000	0.000999000999	1	0	0	INSUFFICIENT_SUPPORT
x001091	x037858	preferred	1000	0.000999000999	1	0	0	INSUFFICIENT_SUPPORT
x001091	x038106	preferred	1000	0.000999000999	1	0	0	INSUFFICIENT_SUPPORT
x001091	x038108	preferred	1000	0.000999000999	1	0	0	INSUFFICIENT_SUPPORT
x001091	x040633	preferred	1000	0.000999000999	1	0	0	INSUFFICIENT_SUPPORT
x001091	x041113	preferred	1000	0.000999000999	1	0	0	INSUFFICIENT_SUPPORT
x001092	x009304	preferred	1000	0.000999000999	1	0	0	INSUFFICIENT_SUPPORT
x001092	x017894	preferred	1000	0.000999000999	1	0	0	INSUFFICIENT_SUPPORT
x001092	x024739	preferred	1000	0.000999000999	1	0	0	INSUFFICIENT_SUPPORT
x001092	x025889	preferred	1000	0.000999000999	1	0	0	INSUFFICIENT_SUPPORT
x001092	x037858	preferred	1000	0.000999000999	1	0	0	INSUFFICIENT_SUPPORT
x001092	x037859	preferred	1000	0.000999000999	1	0	0	INSUFFICIENT_SUPPORT
x001092	x038105	preferred	1000	0.000999000999	1	0	0	INSUFFICIENT_SUPPORT
x001093	x025738	preferred	1000	0.000999000999	1	0	0	INSUFFICIENT_SUPPORT
x001093	x025763	preferred	1000	0.000999000999	1	0	0	INSUFFICIENT_SUPPORT
x001093	x025785	preferred	1000	0.000999000999	1	0	0	INSUFFICIENT_SUPPORT
x001093	x025891	preferred	1000	0.000999000999	1	0	0	INSUFFICIENT_SUPPORT
x001093	x031370	preferred	1000	0.000999000999	1	0	0	INSUFFICIENT_SUPPORT
x001093	x037856	preferred	1000	0.000999000999	1	0	0	INSUFFICIENT_SUPPORT
x001093	x037860	preferred	1000	0.000999000999	1	0	0	INSUFFICIENT_SUPPORT
x001093	x038104	preferred	1000	0.000999000999	1	0	0	INSUFFICIENT_SUPPORT
x001093	x040210	preferred	1000	0.000999000999	1	0	0	INSUFFICIENT_SUPPORT
x001272	x000104	preferred	1000	0.000999000999	1	0	0	INSUFFICIENT_SUPPORT
x001272	x000106	preferred	1000	0.000999000999	1	0	0	INSUFFICIENT_SUPPORT
x001272	x018876	preferred	1000	0.000999000999	1	0	0	INSUFFICIENT_SUPPORT
x001272	x024929	preferred	1000	0.000999000999	1	0	0	INSUFFICIENT_SUPPORT
x001272	x024931	preferred	1000	0.000999000999	1	0	0	INSUFFICIENT_SUPPORT
x001273	x000162	preferred	1000	0.000999000999	1	0	0	INSUFFICIENT_SUPPORT
x001273	x001092	preferred	1000	0.000999000999	1	0	0	INSUFFICIENT_SUPPORT
x001273	x018875	preferred	1000	0.000999000999	1	0	0	INSUFFICIENT_SUPPORT
x001273	x034502	preferred	1000	0.000999000999	1	0	0	INSUFFICIENT_SUPPORT
x001275	x000110	preferred	1000	0.000999000999	1	0	0	INSUFFICIENT_SUPPORT
x001275	x017688	preferred	1000	0.000999000999	1	0	0	INSUFFICIENT_SUPPORT
x001275	x025395	preferred	1000	0.000999000999	1	0	0	INSUFFICIENT_SUPPORT
x001275	x037859	preferred	1000	0.000999000999	1	0	0	INSUFFICIENT_SUPPORT
x001392	x012816	preferred	1000	0.000999000999	1	0	0	INSUFFICIENT_SUPPORT
x001393	x025489	preferred	1000	0.000999000999	1	0	0	INSUFFICIENT_SUPPORT
x001396	x018500	preferred	1000	0.000999000999	1	0	0	INSUFFICIENT_SUPPORT
x001397	x000107	preferred	1000	0.000999000999	1	0	0	INSUFFICIENT_SUPPORT
x001398	x018498	preferred	1000	0.000999000999	1	0	0	INSUFFICIENT_SUPPORT
x001424	x000104	depleted	1000	0.993006993	1	0.25	0.07251454856	EXPECTED_FROM_NULL
x001424	x000105	depleted	1000	0.4805194805	1	1	0.06427719846	EXPECTED_FROM_NULL
x001424	x000106	depleted	1000	0.8021978022	1	0.5	0.07481765906	EXPECTED_FROM_NULL
x001424	x000107	depleted	1000	0.9000999001	1	1	0.08425584281	EXPECTED_FROM_NULL
x001424	x000108	depleted	1000	0.7302697303	1	1	0.1021618724	EXPECTED_FROM_NULL
x001424	x000110	preferred	1000	1	1	0	0.08342405992	EXPECTED_FROM_NULL
x001424	x000111	preferred	1000	1	1	1	0.06749126275	EXPECTED_FROM_NULL
x001424	x001089	preferred	1000	1	1	1	0.05922475726	EXPECTED_FROM_NULL
x001424	x002584	preferred	1000	1	1	0	0.04757185012	EXPECTED_FROM_NULL
x001424	x002608	preferred	1000	1	1	0	0.05252962315	EXPECTED_FROM_NULL
x001424	x005109	preferred	1000	1	1	0	0.05154431298	EXPECTED_FROM_NULL
x001424	x015913	preferred	1000	1	1	0	0.04957406238	EXPECTED_FROM_NULL
x001424	x016896	preferred	1000	1	1	1	0.09706947738	EXPECTED_FROM_NULL
x001424	x016899	preferred	1000	1	1	1	0.08700117995	EXPECTED_FROM_NULL
x001424	x017409	depleted	1000	0.972027972	1	1	0.07167248263	EXPECTED_FROM_NULL
x001424	x017410	preferred	1000	1	1	0	0.08314685643	EXPECTED_FROM_NULL
x001424	x017411	preferred	1000	1	1	1	0.0880206827	EXPECTED_FROM_NULL
x001424	x017414	preferred	1000	0.1948051948	0.6998703944	1	0.07470753054	EXPECTED_FROM_NULL
x001424	x017415	preferred	1000	1	1	0	0.06049440828	EXPECTED_FROM_NULL
x001424	x017673	preferred	1000	1	1	0	0.05550750381	EXPECTED_FROM_NULL
x001424	x017676	preferred	1000	1	1	1	0.05146191186	EXPECTED_FROM_NULL
x001424	x017888	depleted	1000	0.9190809191	1	1	0.06714780963	EXPECTED_FROM_NULL
x001424	x017890	preferred	1000	1	1	1	0.1016848684	EXPECTED_FROM_NULL
x001424	x017891	preferred	1000	0.2207792208	0.7867768595	1	0.08919876063	EXPECTED_FROM_NULL
x001424	x017993	preferred	1000	1	1	1	0.05241048735	EXPECTED_FROM_NULL
x001424	x018496	depleted	1000	0.992007992	1	0.25	0.06662900342	EXPECTED_FROM_NULL
x001424	x018497	depleted	1000	0.5914085914	1	1	0.07991230321	EXPECTED_FROM_NULL
x001424	x018498	depleted	1000	1	1	0.3333333333	0.1116336961	EXPECTED_FROM_NULL
x001424	x018500	depleted	1000	0.978021978	1	0.5	0.1252493346	EXPECTED_FROM_NULL
x001424	x018501	depleted	1000	0.961038961	1	1	0.08780028621	EXPECTED_FROM_NULL
x001424	x018502	preferred	1000	0.01398601399	0.2517482517	0.5	0.0687065256	EXPECTED_FROM_NULL
x001424	x018503	preferred	1000	1	1	0	0.05343765334	EXPECTED_FROM_NULL
x001424	x018561	preferred	1000	0.04695304695	0.272451233	1	0.05449227613	EXPECTED_FROM_NULL
x001424	x018562	preferred	1000	1	1	0	0.06217614452	EXPECTED_FROM_NULL
x001424	x018872	depleted	1000	0.7652347652	1	1	0.08748338854	EXPECTED_FROM_NULL
x001424	x018874	depleted	1000	0.8321678322	1	0	0.08715685509	EXPECTED_FROM_NULL
x001424	x018877	preferred	1000	1	1	1	0.1008661929	EXPECTED_FROM_NULL
x001424	x019938	preferred	1000	1	1	1	0.07331019041	EXPECTED_FROM_NULL
x001424	x020016	depleted	1000	0.9440559441	1	1	0.07777732194	EXPECTED_FROM_NULL
x001424	x020018	depleted	1000	0.971028971	1	1	0.1108592308	EXPECTED_FROM_NULL
x001424	x020019	depleted	1000	0.7802197802	1	0	0.08136771101	EXPECTED_FROM_NULL
x001424	x024240	preferred	1000	1	1	1	0.0702306744	EXPECTED_FROM_NULL
x001424	x024243	preferred	1000	1	1	0	0.05215664081	EXPECTED_FROM_NULL
x001424	x024928	preferred	1000	1	1	0	0.07536350624	EXPECTED_FROM_NULL
x001424	x025010	preferred	1000	1	1	0	0.05385298851	EXPECTED_FROM_NULL
x001424	x025393	depleted	1000	0.8361638362	1	0	0.08670572893	EXPECTED_FROM_NULL
x001424	x025789	preferred	1000	1	1	1	0.05463891946	EXPECTED_FROM_NULL
x001424	x029027	preferred	1000	0.06393606394	0.3141593782	1	0.04821661812	EXPECTED_FROM_NULL
x001424	x032442	preferred	1000	1	1	0	0.06488148768	EXPECTED_FROM_NULL
x001424	x033413	preferred	1000	1	1	0	0.04631523533	EXPECTED_FROM_NULL
x001424	x034496	preferred	1000	0.06993006993	0.3280761791	1	0.07724561793	EXPECTED_FROM_NULL
x001424	x034497	preferred	1000	1	1	1	0.05816862163	EXPECTED_FROM_NULL
x001424	x034498	preferred	1000	0.04495504496	0.272451233	1	0.0544374776	EXPECTED_FROM_NULL
x001424	x034502	preferred	1000	1	1	0	0.05521192029	EXPECTED_FROM_NULL
x001424	x037809	preferred	1000	1	1	1	0.04457639355	EXPECTED_FROM_NULL
x001424	x037848	depleted	1000	0.954045954	1	0.5	0.08259237628	EXPECTED_FROM_NULL
x001424	x037850	preferred	1000	1	1	1	0.07375099029	EXPECTED_FROM_NULL
x001424	x037853	preferred	1000	1	1	0	0.08199533973	EXPECTED_FROM_NULL
x001424	x037856	depleted	1000	0.5444555445	1	1	0.06240213525	EXPECTED_FROM_NULL
x001424	x037858	depleted	1000	0.6653346653	1	0.5	0.06398005049	EXPECTED_FROM_NULL
x001424	x037859	depleted	1000	0.8691308691	1	0.5	0.05900844597	EXPECTED_FROM_NULL
x001424	x037861	depleted	1000	0.8481518482	1	1	0.08056988069	EXPECTED_FROM_NULL
x001424	x037862	depleted	1000	0.982017982	1	0.5	0.1403466089	EXPECTED_FROM_NULL
x001424	x037863	preferred	1000	0.2597402597	0.9200438116	1	0.08860512192	EXPECTED_FROM_NULL
x001424	x037912	preferred	1000	1	1	0.5	0.05628111744	EXPECTED_FROM_NULL
x001424	x037955	preferred	1000	1	1	1	0.06318223892	EXPECTED_FROM_NULL
x001424	x037958	preferred	1000	0.04695304695	0.272451233	1	0.05138105364	EXPECTED_FROM_NULL
x001424	x038104	preferred	1000	1	1	0	0.05951076392	EXPECTED_FROM_NULL
x001424	x038169	preferred	1000	0.07492507493	0.3406387427	1	0.05025230311	EXPECTED_FROM_NULL
x001424	x038536	depleted	1000	0.956043956	1	1	0.06898592019	EXPECTED_FROM_NULL
x001424	x038537	depleted	1000	0.954045954	1	1	0.07529026804	EXPECTED_FROM_NULL
x001424	x038539	depleted	1000	0.968031968	1	1	0.0921117642	EXPECTED_FROM_NULL
x001424	x038540	depleted	1000	0.8111888112	1	1	0.06663036912	EXPECTED_FROM_NULL
x001424	x038543	preferred	1000	0.05394605395	0.2892426722	1	0.081100986	EXPECTED_FROM_NULL
x001424	x039657	preferred	1000	1	1	1	0.05141042717	EXPECTED_FROM_NULL
x001424	x041113	depleted	1000	0.954045954	1	1	0.094538625	EXPECTED_FROM_NULL
x001424	x041114	depleted	1000	0.7102897103	1	1	0.07836990587	EXPECTED_FROM_NULL
x001424	x041115	depleted	1000	0.6723276723	1	0	0.09913579404	EXPECTED_FROM_NULL
x001424	x041118	preferred	1000	0.06593406593	0.3221819732	1	0.07304157631	EXPECTED_FROM_NULL
x001424	x041256	preferred	1000	1	1	0	0.0887632723	EXPECTED_FROM_NULL
x001424	x041257	preferred	1000	1	1	0	0.06469116378	EXPECTED_FROM_NULL
x001424	x041258	depleted	1000	0.95004995	1	1	0.0731347987	EXPECTED_FROM_NULL
x001424	x041259	preferred	1000	0.08791208791	0.3683537365	0.5	0.06450366613	EXPECTED_FROM_NULL
x001424	x041260	preferred	1000	0.1268731269	0.4802665146	1	0.07421934865	EXPECTED_FROM_NULL
x001424	x041261	preferred	1000	1	1	0	0.06185208725	EXPECTED_FROM_NULL
x001424	x041657	preferred	1000	1	1	1	0.1119194345	EXPECTED_FROM_NULL
x001424	x042106	preferred	1000	0.0989010989	0.401061008	1	0.06549641983	EXPECTED_FROM_NULL
x001424	x042109	preferred	1000	1	1	1	0.06610184486	EXPECTED_FROM_NULL
x001424	x042464	preferred	1000	1	1	0	0.05819513106	EXPECTED_FROM_NULL
x001424	x042820	preferred	1000	0.02797202797	0.2551656488	1	0.04958535173	EXPECTED_FROM_NULL
x001425	x000104	depleted	1000	0.6553446553	1	0	0.1131735214	EXPECTED_FROM_NULL
x001425	x000105	depleted	1000	0.9370629371	1	1	0.1015457831	EXPECTED_FROM_NULL
x001425	x000106	depleted	1000	0.995004995	1	0.5	0.1373750456	EXPECTED_FROM_NULL
x001425	x000108	depleted	1000	0.8591408591	1	1	0.165248372	EXPECTED_FROM_NULL
x001425	x001088	preferred	1000	1	1	0	0.1389087671	EXPECTED_FROM_NULL
x001425	x001089	preferred	1000	1	1	1	0.07500893329	EXPECTED_FROM_NULL
x001425	x002104	preferred	1000	1	1	0	0.1109147214	EXPECTED_FROM_NULL
x001425	x002108	preferred	1000	1	1	1	0.1126535356	EXPECTED_FROM_NULL
x001425	x002338	preferred	1000	1	1	0	0.1002066904	EXPECTED_FROM_NULL
x001425	x010936	preferred	1000	1	1	0	0.08265880896	EXPECTED_FROM_NULL
x001425	x011176	preferred	1000	1	1	0	0.101885823	EXPECTED_FROM_NULL
x001425	x011179	preferred	1000	1	1	0	0.09780418629	EXPECTED_FROM_NULL
x001425	x014827	preferred	1000	1	1	0	0.09828477567	EXPECTED_FROM_NULL
x001425	x015281	preferred	1000	1	1	0	0.11412968	EXPECTED_FROM_NULL
x001425	x015285	preferred	1000	1	1	1	0.08550583128	EXPECTED_FROM_NULL
x001425	x015913	preferred	1000	1	1	0	0.08009489029	EXPECTED_FROM_NULL
x001425	x016896	depleted	1000	0.8591408591	1	1	0.1582499276	EXPECTED_FROM_NULL
x001425	x017381	preferred	1000	1	1	0	0.09327882184	EXPECTED_FROM_NULL
x001425	x017408	depleted	1000	0.9180819181	1	1	0.1446129373	EXPECTED_FROM_NULL
x001425	x017409	depleted	1000	0.8691308691	1	0	0.1308352945	EXPECTED_FROM_NULL
x001425	x017410	preferred	1000	1	1	0	0.1569487525	EXPECTED_FROM_NULL
x001425	x017411	preferred	1000	0.1018981019	0.4103841364	1	0.1312633393	EXPECTED_FROM_NULL
x001425	x017694	preferred	1000	1	1	1	0.07727540198	EXPECTED_FROM_NULL
x001425	x017888	preferred	1000	1	1	0	0.1080012706	EXPECTED_FROM_NULL
x001425	x017890	depleted	1000	0.7992007992	1	0	0.10254826	EXPECTED_FROM_NULL
x001425	x017891	depleted	1000	0.994005994	1	1	0.1470077488	EXPECTED_FROM_NULL
x001425	x017892	preferred	1000	0.1138861139	0.442500231	1	0.1128951471	EXPECTED_FROM_NULL
x001425	x017893	preferred	1000	1	1	0	0.1196681404	EXPECTED_FROM_NULL
x001425	x018251	preferred	1000	1	1	1	0.07250496712	EXPECTED_FROM_NULL
x001425	x018496	depleted	1000	0.6343656344	1	0	0.1035935936	EXPECTED_FROM_NULL
x001425	x018497	depleted	1000	0.965034965	1	1	0.1497904106	EXPECTED_FROM_NULL
x001425	x018498	depleted	1000	0.7112887113	1	0	0.121217768	EXPECTED_FROM_NULL
x001425	x018500	depleted	1000	0.8571428571	1	0	0.1718798868	EXPECTED_FROM_NULL
x001425	x018502	depleted	1000	0.987012987	1	1	0.1441717989	EXPECTED_FROM_NULL
x001425	x018565	preferred	1000	1	1	0	0.08524396524	EXPECTED_FROM_NULL
x001425	x018872	depleted	1000	0.991008991	1	1	0.1642655638	EXPECTED_FROM_NULL
x001425	x020016	depleted	1000	0.957042957	1	1	0.121613405	EXPECTED_FROM_NULL
x001425	x020017	depleted	1000	0.975024975	1	1	0.1271447965	EXPECTED_FROM_NULL
x001425	x021953	preferred	1000	0.01398601399	0.2517482517	1	0.07498151179	EXPECTED_FROM_NULL
x001425	x021968	preferred	1000	1	1	0	0.07954554613	EXPECTED_FROM_NULL
x001425	x021969	preferred	1000	1	1	1	0.08222536048	EXPECTED_FROM_NULL
x001425	x023865	preferred	1000	1	1	1	0.08542693167	EXPECTED_FROM_NULL
x001425	x024241	preferred	1000	0.05094905095	0.2808566434	1	0.1044209914	EXPECTED_FROM_NULL
x001425	x024802	preferred	1000	1	1	0	0.1047393205	EXPECTED_FROM_NULL
x001425	x025008	preferred	1000	0.03096903097	0.2551656488	1	0.0910592907	EXPECTED_FROM_NULL
x001425	x025010	preferred	1000	1	1	1	0.08270613689	EXPECTED_FROM_NULL
x001425	x025395	depleted	1000	0.9060939061	1	0	0.1257944072	EXPECTED_FROM_NULL
x001425	x025530	preferred	1000	0.02997002997	0.2551656488	1	0.1232284522	EXPECTED_FROM_NULL
x001425	x025789	preferred	1000	1	1	0	0.1000775717	EXPECTED_FROM_NULL
x001425	x034496	preferred	1000	0.1048951049	0.4205340114	1	0.1317915146	EXPECTED_FROM_NULL
x001425	x037848	depleted	1000	0.8211788212	1	0	0.10582633	EXPECTED_FROM_NULL
x001425	x037850	preferred	1000	1	1	0	0.08762134384	EXPECTED_FROM_NULL
x001425	x037852	preferred	10000	0.005199480052	0.2517482517	0.5	0.106740469	EXPECTED_FROM_NULL
x001425	x037854	preferred	1000	1	1	0	0.1080878618	EXPECTED_FROM_NULL
x001425	x037856	depleted	1000	0.977022977	1	0.3333333333	0.09484347499	EXPECTED_FROM_NULL
x001425	x037857	depleted	1000	0.6813186813	1	1	0.09641754678	EXPECTED_FROM_NULL
x001425	x037859	depleted	1000	0.4935064935	1	0	0.08861413013	EXPECTED_FROM_NULL
x001425	x037860	depleted	1000	0.6743256743	1	0	0.1040003778	EXPECTED_FROM_NULL
x001425	x037912	preferred	1000	1	1	0	0.1071863578	EXPECTED_FROM_NULL
x001425	x037914	preferred	1000	0.02497502498	0.2551656488	1	0.09212785593	EXPECTED_FROM_NULL
x001425	x037952	preferred	1000	0.04895104895	0.2776516088	1	0.1037399775	EXPECTED_FROM_NULL
x001425	x037953	preferred	1000	1	1	0	0.1145784561	EXPECTED_FROM_NULL
x001425	x037954	preferred	1000	0.07092907093	0.3283960134	1	0.1246424057	EXPECTED_FROM_NULL
x001425	x037956	preferred	1000	1	1	1	0.09576643722	EXPECTED_FROM_NULL
x001425	x037957	preferred	1000	1	1	0	0.08405906853	EXPECTED_FROM_NULL
x001425	x037987	preferred	1000	1	1	0	0.09093023364	EXPECTED_FROM_NULL
x001425	x038107	preferred	10000	0.01529847015	0.2517482517	1	0.0724379805	EXPECTED_FROM_NULL
x001425	x038108	preferred	1000	1	1	1	0.09454118583	EXPECTED_FROM_NULL
x001425	x038536	depleted	1000	0.8681318681	1	0	0.1126236881	EXPECTED_FROM_NULL
x001425	x038537	depleted	1000	0.998001998	1	0.5	0.1242747653	EXPECTED_FROM_NULL
x001425	x039656	preferred	1000	0.05494505495	0.2910602911	1	0.09886236379	EXPECTED_FROM_NULL
x001425	x040636	preferred	1000	1	1	0	0.09243846152	EXPECTED_FROM_NULL
x001425	x041113	depleted	1000	0.8621378621	1	0	0.1841734927	EXPECTED_FROM_NULL
x001425	x041114	depleted	1000	0.961038961	1	1	0.1162760241	EXPECTED_FROM_NULL
x001425	x041116	depleted	1000	0.8361638362	1	0	0.1459653757	EXPECTED_FROM_NULL
x001425	x041258	depleted	1000	0.8841158841	1	0	0.1355209728	EXPECTED_FROM_NULL
x001425	x041259	preferred	1000	1	1	0	0.1262469878	EXPECTED_FROM_NULL
x001425	x041939	preferred	1000	0.03196803197	0.2551656488	1	0.08170439212	EXPECTED_FROM_NULL
x001425	x042107	depleted	1000	0.9350649351	1	1	0.1605471391	EXPECTED_FROM_NULL
x001425	x042464	preferred	1000	0.01598401598	0.2517482517	1	0.07851281166	EXPECTED_FROM_NULL
x001425	x042800	depleted	1000	0.8741258741	1	0	0.1586864003	EXPECTED_FROM_NULL
x001425	x042801	preferred	1000	0.06193806194	0.3095148478	1	0.1533728064	EXPECTED_FROM_NULL
x001426	x000104	depleted	1000	0.979020979	1	0.5	0.0848563391	EXPECTED_FROM_NULL
x001426	x000106	depleted	1000	0.8961038961	1	1	0.09999373058	EXPECTED_FROM_NULL
x001426	x000107	depleted	1000	0.969030969	1	0.5	0.08987156067	EXPECTED_FROM_NULL
x001426	x000110	preferred	1000	0.1288711289	0.4867851634	1	0.1034027612	EXPECTED_FROM_NULL
x001426	x002104	preferred	1000	0.1368631369	0.5071986837	1	0.1303564032	EXPECTED_FROM_NULL
x001426	x002338	preferred	1000	0.08791208791	0.3683537365	1	0.09565267997	EXPECTED_FROM_NULL
x001426	x005235	preferred	1000	1	1	0	0.07384847196	EXPECTED_FROM_NULL
x001426	x008312	preferred	1000	1	1	0	0.09090922314	EXPECTED_FROM_NULL
x001426	x008314	preferred	1000	1	1	1	0.0982876743	EXPECTED_FROM_NULL
x001426	x015280	preferred	1000	1	1	0	0.1218370858	EXPECTED_FROM_NULL
x001426	x015281	preferred	1000	0.03096903097	0.2551656488	1	0.07910267138	EXPECTED_FROM_NULL
x001426	x015801	preferred	1000	1	1	0	0.07199147336	EXPECTED_FROM_NULL
x001426	x016451	preferred	1000	0.04495504496	0.272451233	1	0.07199147336	EXPECTED_FROM_NULL
x001426	x016896	depleted	1000	0.976023976	1	1	0.1235720189	EXPECTED_FROM_NULL
x001426	x017032	preferred	1000	1	1	0	0.07501586157	EXPECTED_FROM_NULL
x001426	x017409	depleted	1000	0.7002997003	1	0	0.08613569409	EXPECTED_FROM_NULL
x001426	x017413	preferred	1000	1	1	0	0.1063546926	EXPECTED_FROM_NULL
x001426	x017414	preferred	1000	1	1	0	0.0935627989	EXPECTED_FROM_NULL
x001426	x017675	preferred	1000	1	1	1	0.0681759996	EXPECTED_FROM_NULL
x001426	x017690	preferred	1000	1	1	0	0.07135170636	EXPECTED_FROM_NULL
x001426	x017889	preferred	1000	1	1	0	0.1310453201	EXPECTED_FROM_NULL
x001426	x017891	preferred	1000	1	1	0	0.09696022431	EXPECTED_FROM_NULL
x001426	x017893	preferred	1000	1	1	1	0.08755318162	EXPECTED_FROM_NULL
x001426	x018249	preferred	1000	1	1	0	0.07664236132	EXPECTED_FROM_NULL
x001426	x018496	depleted	1000	0.9400599401	1	1	0.09400824444	EXPECTED_FROM_NULL
x001426	x018497	depleted	1000	0.7222777223	1	1	0.1188458996	EXPECTED_FROM_NULL
x001426	x018498	depleted	1000	0.8571428571	1	0.5	0.1268788246	EXPECTED_FROM_NULL
x001426	x018499	depleted	1000	0.999000999	1	0.6	0.1364442711	EXPECTED_FROM_NULL
x001426	x018500	depleted	1000	0.8681318681	1	0.5	0.1263061546	EXPECTED_FROM_NULL
x001426	x018501	preferred	1000	0.1778221778	0.6441033299	1	0.1162165347	EXPECTED_FROM_NULL
x001426	x019936	preferred	1000	1	1	0	0.09655050948	EXPECTED_FROM_NULL
x001426	x020018	preferred	1000	1	1	1	0.1310554742	EXPECTED_FROM_NULL
x001426	x024241	preferred	1000	0.1908091908	0.6869130869	1	0.09648439964	EXPECTED_FROM_NULL
x001426	x024244	preferred	1000	0.1198801199	0.4607157548	1	0.09030808479	EXPECTED_FROM_NULL
x001426	x024664	preferred	1000	0.06393606394	0.3141593782	1	0.07902045465	EXPECTED_FROM_NULL
x001426	x024801	preferred	1000	1	1	0	0.08919406246	EXPECTED_FROM_NULL
x001426	x025008	preferred	1000	0.04595404595	0.272451233	1	0.07687741731	EXPECTED_FROM_NULL
x001426	x025397	depleted	1000	0.991008991	1	0	0.1314421424	EXPECTED_FROM_NULL
x001426	x025764	preferred	1000	0.04195804196	0.268166616	1	0.07956353268	EXPECTED_FROM_NULL
x001426	x034496	preferred	1000	0.05694305694	0.2928500071	1	0.09364663803	EXPECTED_FROM_NULL
x001426	x034497	preferred	1000	1	1	0	0.07227389523	EXPECTED_FROM_NULL
x001426	x034499	preferred	1000	1	1	1	0.07209479089	EXPECTED_FROM_NULL
x001426	x037848	depleted	1000	0.8601398601	1	0	0.1220790581	EXPECTED_FROM_NULL
x001426	x037856	depleted	1000	0.9060939061	1	0.5	0.07305719499	EXPECTED_FROM_NULL
x001426	x037857	depleted	1000	0.9140859141	1	0.5	0.07385286196	EXPECTED_FROM_NULL
x001426	x037858	depleted	1000	0.9230769231	1	0.5	0.09086634728	EXPECTED_FROM_NULL
x001426	x037859	depleted	1000	0.8621378621	1	0.5	0.08648790411	EXPECTED_FROM_NULL
x001426	x037860	depleted	1000	0.6083916084	1	1	0.09004425232	EXPECTED_FROM_NULL
x001426	x037861	depleted	1000	0.6433566434	1	0	0.1041454177	EXPECTED_FROM_NULL
x001426	x037912	preferred	1000	1	1	0	0.07519823908	EXPECTED_FROM_NULL
x001426	x037913	preferred	1000	1	1	1	0.06227074738	EXPECTED_FROM_NULL
x001426	x037952	preferred	1000	1	1	0	0.136171898	EXPECTED_FROM_NULL
x001426	x037953	preferred	1000	0.03996003996	0.2670057216	1	0.0773849632	EXPECTED_FROM_NULL
x001426	x037956	preferred	1000	1	1	0	0.0841921817	EXPECTED_FROM_NULL
x001426	x038109	preferred	1000	1	1	0	0.06409737777	EXPECTED_FROM_NULL
x001426	x038266	preferred	1000	1	1	1	0.07204087647	EXPECTED_FROM_NULL
x001426	x038536	depleted	1000	0.958041958	1	1	0.1215879354	EXPECTED_FROM_NULL
x001426	x038539	depleted	1000	0.8601398601	1	0	0.1153361641	EXPECTED_FROM_NULL
x001426	x040219	preferred	1000	1	1	0	0.07113709003	EXPECTED_FROM_NULL
x001426	x041257	preferred	1000	0.01198801199	0.2517482517	0.5	0.09901519381	EXPECTED_FROM_NULL
x001426	x041258	preferred	1000	0.1338661339	0.4981853589	1	0.1037769609	EXPECTED_FROM_NULL
x001426	x041528	preferred	1000	1	1	1	0.08070389529	EXPECTED_FROM_NULL
x001426	x041529	preferred	1000	1	1	0	0.07007611876	EXPECTED_FROM_NULL
x001426	x041586	preferred	1000	1	1	1	0.07813555111	EXPECTED_FROM_NULL
x001426	x042105	preferred	1000	0.08491508492	0.3618121009	1	0.09917184368	EXPECTED_FROM_NULL
x001426	x042801	preferred	1000	1	1	1	0.08793367125	EXPECTED_FROM_NULL
x001426	x042802	preferred	1000	1	1	0	0.09732262645	EXPECTED_FROM_NULL
x001426	x042817	preferred	1000	1	1	0	0.07447822807	EXPECTED_FROM_NULL
x001426	x042820	preferred	1000	1	1	1	0.07231563073	EXPECTED_FROM_NULL
x001427	x000104	depleted	1000	0.978021978	1	1	0.2454756622	EXPECTED_FROM_NULL
x001427	x000106	depleted	1000	0.7702297702	1	0	0.179278434	EXPECTED_FROM_NULL
x001427	x000108	preferred	1000	1	1	0	0.336950078	EXPECTED_FROM_NULL
x001427	x001091	preferred	1000	1	1	0	0.175921701	EXPECTED_FROM_NULL
x001427	x001396	preferred	1000	1	1	0	0.1417804397	EXPECTED_FROM_NULL
x001427	x002104	depleted	1000	0.991008991	1	0	0.2821425405	EXPECTED_FROM_NULL
x001427	x002110	preferred	1000	1	1	1	0.1585161823	EXPECTED_FROM_NULL
x001427	x011179	preferred	1000	1	1	0	0.1864100927	EXPECTED_FROM_NULL
x001427	x015280	preferred	1000	0.02397602398	0.2551656488	1	0.1864100927	EXPECTED_FROM_NULL
x001427	x015282	preferred	1000	1	1	0	0.203854271	EXPECTED_FROM_NULL
x001427	x015283	preferred	1000	1	1	0	0.1873189979	EXPECTED_FROM_NULL
x001427	x016186	preferred	1000	1	1	0	0.1574668065	EXPECTED_FROM_NULL
x001427	x016897	preferred	1000	1	1	0	0.1938200754	EXPECTED_FROM_NULL
x001427	x017291	preferred	1000	1	1	0	0.1608307157	EXPECTED_FROM_NULL
x001427	x017412	preferred	1000	1	1	0	0.2314980751	EXPECTED_FROM_NULL
x001427	x017414	preferred	1000	1	1	0	0.2372376135	EXPECTED_FROM_NULL
x001427	x017672	preferred	1000	1	1	0	0.1608307157	EXPECTED_FROM_NULL
x001427	x017688	preferred	1000	1	1	0	0.1578529736	EXPECTED_FROM_NULL
x001427	x017690	preferred	1000	1	1	0	0.1833055281	EXPECTED_FROM_NULL
x001427	x017889	preferred	1000	1	1	1	0.229647892	EXPECTED_FROM_NULL
x001427	x017890	depleted	1000	0.8601398601	1	0	0.3831700701	EXPECTED_FROM_NULL
x001427	x017892	preferred	1000	1	1	0	0.1955857809	EXPECTED_FROM_NULL
x001427	x017894	preferred	1000	0.01598401598	0.2517482517	1	0.1574603819	EXPECTED_FROM_NULL
x001427	x017895	preferred	10000	0.01209879012	0.2517482517	1	0.1608307157	EXPECTED_FROM_NULL
x001427	x017992	preferred	1000	1	1	1	0.1417804397	EXPECTED_FROM_NULL
x001427	x018496	depleted	1000	0.7932067932	1	0	0.1704608286	EXPECTED_FROM_NULL
x001427	x018497	depleted	1000	0.986013986	1	1	0.2289508467	EXPECTED_FROM_NULL
x001427	x018498	depleted	1000	0.981018981	1	1	0.2667968907	EXPECTED_FROM_NULL
x001427	x018499	depleted	1000	0.8021978022	1	0	0.2208969298	EXPECTED_FROM_NULL
x001427	x018500	depleted	1000	0.7672327672	1	0	0.2935485549	EXPECTED_FROM_NULL
x001427	x018502	depleted	1000	0.993006993	1	1	0.2644330169	EXPECTED_FROM_NULL
x001427	x020017	depleted	1000	0.961038961	1	0	0.200790575	EXPECTED_FROM_NULL
x001427	x023867	preferred	1000	1	1	0	0.1865538816	EXPECTED_FROM_NULL
x001427	x024075	preferred	1000	1	1	0	0.1608307157	EXPECTED_FROM_NULL
x001427	x024241	preferred	1000	1	1	0	0.2260308583	EXPECTED_FROM_NULL
x001427	x024245	depleted	1000	0.9210789211	1	0	0.2648314471	EXPECTED_FROM_NULL
x001427	x024805	preferred	1000	1	1	0	0.1574603819	EXPECTED_FROM_NULL
x001427	x025008	preferred	1000	1	1	0	0.1834404762	EXPECTED_FROM_NULL
x001427	x025529	preferred	1000	0.04395604396	0.2720647773	1	0.2516511484	EXPECTED_FROM_NULL
x001427	x025532	preferred	1000	1	1	1	0.1941211604	EXPECTED_FROM_NULL
x001427	x025785	preferred	1000	0.05394605395	0.2892426722	1	0.3269890371	EXPECTED_FROM_NULL
x001427	x029027	preferred	1000	1	1	0	0.1820343823	EXPECTED_FROM_NULL
x001427	x033096	preferred	1000	1	1	0	0.1417804397	EXPECTED_FROM_NULL
x001427	x037851	depleted	1000	0.9400599401	1	0	0.2605516461	EXPECTED_FROM_NULL
x001427	x037852	preferred	1000	1	1	0	0.3394865898	EXPECTED_FROM_NULL
x001427	x037856	depleted	1000	0.957042957	1	0.5	0.2280792551	EXPECTED_FROM_NULL
x001427	x037858	depleted	1000	0.7412587413	1	0	0.2167328768	EXPECTED_FROM_NULL
x001427	x037860	depleted	1000	0.992007992	1	0.5	0.2493809744	EXPECTED_FROM_NULL
x001427	x037912	preferred	1000	1	1	0	0.1782180654	EXPECTED_FROM_NULL
x001427	x037913	preferred	1000	1	1	0	0.1665409719	EXPECTED_FROM_NULL
x001427	x037952	preferred	1000	1	1	0	0.2688274323	EXPECTED_FROM_NULL
x001427	x037954	preferred	1000	0.03096903097	0.2551656488	1	0.1932757008	EXPECTED_FROM_NULL
x001427	x037955	preferred	1000	0.06293706294	0.3118566826	1	0.2481141153	EXPECTED_FROM_NULL
x001427	x037957	preferred	1000	1	1	0	0.1613990597	EXPECTED_FROM_NULL
x001427	x037984	preferred	1000	1	1	0	0.1962923138	EXPECTED_FROM_NULL
x001427	x039659	preferred	1000	1	1	0	0.1574603819	EXPECTED_FROM_NULL
x001427	x040211	preferred	1000	1	1	0	0.1583781954	EXPECTED_FROM_NULL
x001427	x041659	preferred	1000	1	1	0	0.1825592796	EXPECTED_FROM_NULL
x001427	x042104	preferred	1000	1	1	0	0.1832208086	EXPECTED_FROM_NULL
x001427	x042105	preferred	1000	1	1	0	0.2352947013	EXPECTED_FROM_NULL
x001427	x042107	preferred	1000	1	1	0	0.3695834717	EXPECTED_FROM_NULL
x001427	x042109	preferred	1000	1	1	0	0.1775362122	EXPECTED_FROM_NULL
x001427	x042801	preferred	1000	1	1	0	0.2304936236	EXPECTED_FROM_NULL
x001428	x000105	depleted	1000	0.8981018981	1	0	0.5401253152	EXPECTED_FROM_NULL
x001428	x000106	depleted	1000	0.8761238761	1	0	0.3068235492	EXPECTED_FROM_NULL
x001428	x000109	depleted	1000	0.968031968	1	0	0.5108060684	EXPECTED_FROM_NULL
x001428	x000111	preferred	1000	1	1	0	0.6959730624	EXPECTED_FROM_NULL
x001428	x001090	preferred	1000	1	1	0	0.3369654883	EXPECTED_FROM_NULL
x001428	x001275	preferred	1000	0.01598401598	0.2517482517	1	0.3369654883	EXPECTED_FROM_NULL
x001428	x002338	preferred	1000	1	1	0	0.6274696074	EXPECTED_FROM_NULL
x001428	x002978	preferred	1000	1	1	0	0.3264983747	EXPECTED_FROM_NULL
x001428	x005105	preferred	1000	1	1	0	0.4744576793	EXPECTED_FROM_NULL
x001428	x011176	preferred	1000	1	1	0	0.4716825331	EXPECTED_FROM_NULL
x001428	x014825	preferred	1000	1	1	0	0.4459539115	EXPECTED_FROM_NULL
x001428	x014828	preferred	1000	1	1	0	0.3369654883	EXPECTED_FROM_NULL
x001428	x016897	preferred	1000	0.01798201798	0.2517482517	1	0.360889132	EXPECTED_FROM_NULL
x001428	x017409	preferred	1000	1	1	0	0.2901471998	EXPECTED_FROM_NULL
x001428	x017412	preferred	1000	1	1	0	0.264199384	EXPECTED_FROM_NULL
x001428	x017677	preferred	1000	1	1	0	0.264199384	EXPECTED_FROM_NULL
x001428	x017889	depleted	1000	0.9090909091	1	0	0.3571891339	EXPECTED_FROM_NULL
x001428	x017890	depleted	1000	0.8501498501	1	0	0.3865178566	EXPECTED_FROM_NULL
x001428	x018496	depleted	1000	0.8161838162	1	1	0.3334363069	EXPECTED_FROM_NULL
x001428	x018497	depleted	1000	0.8851148851	1	0	0.3765036069	EXPECTED_FROM_NULL
x001428	x018498	depleted	1000	0.8721278721	1	0	0.2879115297	EXPECTED_FROM_NULL
x001428	x018499	depleted	1000	0.999000999	1	1	0.458257982	EXPECTED_FROM_NULL
x001428	x018500	depleted	1000	0.9090909091	1	0	0.4001274979	EXPECTED_FROM_NULL
x001428	x018503	preferred	1000	1	1	0	0.3398775433	EXPECTED_FROM_NULL
x001428	x018560	preferred	1000	1	1	0	0.4060601676	EXPECTED_FROM_NULL
x001428	x018874	preferred	1000	1	1	0	0.6787324335	EXPECTED_FROM_NULL
x001428	x020021	depleted	1000	0.999000999	1	1	0.3456788898	EXPECTED_FROM_NULL
x001428	x025011	preferred	1000	1	1	0	0.264199384	EXPECTED_FROM_NULL
x001428	x025397	depleted	1000	1	1	0	0.5840082561	EXPECTED_FROM_NULL
x001428	x025547	preferred	1000	1	1	0	0.3398775433	EXPECTED_FROM_NULL
x001428	x025761	preferred	1000	1	1	0	0.3690897509	EXPECTED_FROM_NULL
x001428	x025762	preferred	1000	1	1	0	0.264199384	EXPECTED_FROM_NULL
x001428	x032992	preferred	1000	1	1	0	0.264199384	EXPECTED_FROM_NULL
x001428	x033097	preferred	1000	1	1	0	0.264199384	EXPECTED_FROM_NULL
x001428	x037849	depleted	1000	0.959040959	1	0	0.3840859652	EXPECTED_FROM_NULL
x001428	x037856	depleted	1000	0.7892107892	1	0	0.3350351376	EXPECTED_FROM_NULL
x001428	x037857	depleted	1000	0.7002997003	1	0	0.3606853171	EXPECTED_FROM_NULL
x001428	x037860	depleted	1000	0.955044955	1	1	0.4706532522	EXPECTED_FROM_NULL
x001428	x037952	preferred	1000	1	1	0	0.327162401	EXPECTED_FROM_NULL
x001428	x038536	depleted	1000	0.9310689311	1	0	0.3445260183	EXPECTED_FROM_NULL
x001428	x038539	depleted	1000	1	1	1	0.4756859015	EXPECTED_FROM_NULL
x001428	x040208	preferred	1000	1	1	0	0.4611034293	EXPECTED_FROM_NULL
x001428	x041115	preferred	1000	1	1	0	0.4334868387	EXPECTED_FROM_NULL
x001428	x041118	preferred	1000	1	1	0	0.4611034293	EXPECTED_FROM_NULL
x001428	x041119	preferred	1000	1	1	0	0.4611034293	EXPECTED_FROM_NULL
x001428	x041256	preferred	1000	0.04095904096	0.268166616	1	0.3770837284	EXPECTED_FROM_NULL
x001428	x041259	preferred	1000	1	1	0	0.4842536837	EXPECTED_FROM_NULL
x001428	x041609	preferred	1000	1	1	0	0.264199384	EXPECTED_FROM_NULL
x001428	x042465	preferred	1000	1	1	0	0.264199384	EXPECTED_FROM_NULL
x001428	x042800	depleted	1000	0.9400599401	1	0	0.3866179118	EXPECTED_FROM_NULL
x001429	x000104	preferred	1000	0.000999000999	1	0	0	INSUFFICIENT_SUPPORT
x001429	x000105	preferred	1000	0.000999000999	1	0	0	INSUFFICIENT_SUPPORT
x001429	x000107	preferred	1000	0.000999000999	1	0	0	INSUFFICIENT_SUPPORT
x001429	x001091	preferred	1000	0.000999000999	1	0	0	INSUFFICIENT_SUPPORT
x001429	x001393	preferred	1000	0.000999000999	1	0	0	INSUFFICIENT_SUPPORT
x001429	x002105	preferred	1000	0.000999000999	1	0	0	INSUFFICIENT_SUPPORT
x001429	x002107	preferred	1000	0.000999000999	1	0	0	INSUFFICIENT_SUPPORT
x001429	x005109	preferred	1000	0.000999000999	1	0	0	INSUFFICIENT_SUPPORT
x001429	x014826	preferred	1000	0.000999000999	1	0	0	INSUFFICIENT_SUPPORT
x001429	x017293	preferred	1000	0.000999000999	1	0	0	INSUFFICIENT_SUPPORT
x001429	x017380	preferred	1000	0.000999000999	1	0	0	INSUFFICIENT_SUPPORT
x001429	x017411	preferred	1000	0.000999000999	1	0	0	INSUFFICIENT_SUPPORT
x001429	x017673	preferred	1000	0.000999000999	1	0	0	INSUFFICIENT_SUPPORT
x001429	x017676	preferred	1000	0.000999000999	1	0	0	INSUFFICIENT_SUPPORT
x001429	x018496	preferred	1000	0.000999000999	1	0	0	INSUFFICIENT_SUPPORT
x001429	x018497	preferred	1000	0.000999000999	1	0	0	INSUFFICIENT_SUPPORT
x001429	x025013	preferred	1000	0.000999000999	1	0	0	INSUFFICIENT_SUPPORT
x001429	x025396	preferred	1000	0.000999000999	1	0	0	INSUFFICIENT_SUPPORT
x001429	x025528	preferred	1000	0.000999000999	1	0	0	INSUFFICIENT_SUPPORT
x001429	x025544	preferred	1000	0.000999000999	1	0	0	INSUFFICIENT_SUPPORT
x001429	x025552	preferred	1000	0.000999000999	1	0	0	INSUFFICIENT_SUPPORT
x001429	x025740	preferred	1000	0.000999000999	1	0	0	INSUFFICIENT_SUPPORT
x001429	x037849	preferred	1000	0.000999000999	1	0	0	INSUFFICIENT_SUPPORT
x001429	x037854	preferred	1000	0.000999000999	1	0	0	INSUFFICIENT_SUPPORT
x001429	x037856	preferred	1000	0.000999000999	1	0	0	INSUFFICIENT_SUPPORT
x001429	x037857	preferred	1000	0.000999000999	1	0	0	INSUFFICIENT_SUPPORT
x001429	x037858	preferred	1000	0.000999000999	1	0	0	INSUFFICIENT_SUPPORT
x001429	x037912	preferred	1000	0.000999000999	1	0	0	INSUFFICIENT_SUPPORT
x001429	x037954	preferred	1000	0.000999000999	1	0	0	INSUFFICIENT_SUPPORT
x001429	x037957	preferred	1000	0.000999000999	1	0	0	INSUFFICIENT_SUPPORT
x001429	x038537	preferred	1000	0.000999000999	1	0	0	INSUFFICIENT_SUPPORT
x001429	x039660	preferred	1000	0.000999000999	1	0	0	INSUFFICIENT_SUPPORT
x001429	x042806	preferred	1000	0.000999000999	1	0	0	INSUFFICIENT_SUPPORT
x001430	x000105	preferred	1000	0.000999000999	1	0	0	INSUFFICIENT_SUPPORT
x001430	x001088	preferred	1000	0.000999000999	1	0	0	INSUFFICIENT_SUPPORT
x001430	x002106	preferred	1000	0.000999000999	1	0	0	INSUFFICIENT_SUPPORT
x001430	x002977	preferred	1000	0.000999000999	1	0	0	INSUFFICIENT_SUPPORT
x001430	x005235	preferred	1000	0.000999000999	1	0	0	INSUFFICIENT_SUPPORT
x001430	x017411	preferred	1000	0.000999000999	1	0	0	INSUFFICIENT_SUPPORT
x001430	x017888	preferred	1000	0.000999000999	1	0	0	INSUFFICIENT_SUPPORT
x001430	x017889	preferred	1000	0.000999000999	1	0	0	INSUFFICIENT_SUPPORT
x001430	x018496	preferred	1000	0.000999000999	1	0	0	INSUFFICIENT_SUPPORT
x001430	x018498	preferred	1000	0.000999000999	1	0	0	INSUFFICIENT_SUPPORT
x001430	x018499	preferred	1000	0.000999000999	1	0	0	INSUFFICIENT_SUPPORT
x001430	x018500	preferred	1000	0.000999000999	1	0	0	INSUFFICIENT_SUPPORT
x001430	x018502	preferred	1000	0.000999000999	1	0	0	INSUFFICIENT_SUPPORT
x001430	x018503	preferred	1000	0.000999000999	1	0	0	INSUFFICIENT_SUPPORT
x001430	x018879	preferred	1000	0.000999000999	1	0	0	INSUFFICIENT_SUPPORT
x001430	x020016	preferred	1000	0.000999000999	1	0	0	INSUFFICIENT_SUPPORT
x001430	x020017	preferred	1000	0.000999000999	1	0	0	INSUFFICIENT_SUPPORT
x001430	x023864	preferred	1000	0.000999000999	1	0	0	INSUFFICIENT_SUPPORT
x001430	x024201	preferred	1000	0.000999000999	1	0	0	INSUFFICIENT_SUPPORT
x001430	x024932	preferred	1000	0.000999000999	1	0	0	INSUFFICIENT_SUPPORT
x001430	x025784	preferred	1000	0.000999000999	1	0	0	INSUFFICIENT_SUPPORT
x001430	x033097	preferred	1000	0.000999000999	1	0	0	INSUFFICIENT_SUPPORT
x001430	x033098	preferred	1000	0.000999000999	1	0	0	INSUFFICIENT_SUPPORT
x001430	x034672	preferred	1000	0.000999000999	1	0	0	INSUFFICIENT_SUPPORT
x001430	x037848	preferred	1000	0.000999000999	1	0	0	INSUFFICIENT_SUPPORT
x001430	x037856	preferred	1000	0.000999000999	1	0	0	INSUFFICIENT_SUPPORT
x001430	x037857	preferred	1000	0.000999000999	1	0	0	INSUFFICIENT_SUPPORT
x001430	x037863	preferred	1000	0.000999000999	1	0	0	INSUFFICIENT_SUPPORT
x001430	x037913	preferred	1000	0.000999000999	1	0	0	INSUFFICIENT_SUPPORT
x001430	x038537	preferred	1000	0.000999000999	1	0	0	INSUFFICIENT_SUPPORT
x001430	x041115	preferred	1000	0.000999000999	1	0	0	INSUFFICIENT_SUPPORT
x001431	x001089	preferred	1000	0.000999000999	1	0	0	INSUFFICIENT_SUPPORT
x001431	x001393	preferred	1000	0.000999000999	1	0	0	INSUFFICIENT_SUPPORT
x001431	x017888	preferred	1000	0.000999000999	1	0	0	INSUFFICIENT_SUPPORT
x001431	x018497	preferred	1000	0.000999000999	1	0	0	INSUFFICIENT_SUPPORT
x001431	x018499	preferred	1000	0.000999000999	1	0	0	INSUFFICIENT_SUPPORT
x001431	x018562	preferred	1000	0.000999000999	1	0	0	INSUFFICIENT_SUPPORT
x001431	x022924	preferred	1000	0.000999000999	1	0	0	INSUFFICIENT_SUPPORT
x001431	x022952	preferred	1000	0.000999000999	1	0	0	INSUFFICIENT_SUPPORT
x001431	x037849	preferred	1000	0.000999000999	1	0	0	INSUFFICIENT_SUPPORT
x001431	x037953	preferred	1000	0.000999000999	1	0	0	INSUFFICIENT_SUPPORT
x001431	x041259	preferred	1000	0.000999000999	1	0	0	INSUFFICIENT_SUPPORT
x001431	x041467	preferred	1000	0.000999000999	1	0	0	INSUFFICIENT_SUPPORT
x001431	x042805	preferred	1000	0.000999000999	1	0	0	INSUFFICIENT_SUPPORT
x001569	x001426	preferred	1000	0.000999000999	1	0	0	INSUFFICIENT_SUPPORT
x001569	x018496	preferred	1000	0.000999000999	1	0	0	INSUFFICIENT_SUPPORT
x001569	x018503	preferred	1000	0.000999000999	1	0	0	INSUFFICIENT_SUPPORT
x001569	x020017	preferred	1000	0.000999000999	1	0	0	INSUFFICIENT_SUPPORT
x001569	x020018	preferred	1000	0.000999000999	1	0	0	INSUFFICIENT_SUPPORT
x001569	x040633	preferred	1000	0.000999000999	1	0	0	INSUFFICIENT_SUPPORT
x001569	x041257	preferred	1000	0.000999000999	1	0	0	INSUFFICIENT_SUPPORT
x001570	x000109	preferred	1000	0.000999000999	1	0	0	INSUFFICIENT_SUPPORT
x001570	x018497	preferred	1000	0.000999000999	1	0	0	INSUFFICIENT_SUPPORT
x001570	x018498	preferred	1000	0.000999000999	1	0	0	INSUFFICIENT_SUPPORT
x001570	x020020	preferred	1000	0.000999000999	1	0	0	INSUFFICIENT_SUPPORT
x001570	x024928	preferred	1000	0.000999000999	1	0	0	INSUFFICIENT_SUPPORT
x001570	x037861	preferred	1000	0.000999000999	1	0	0	INSUFFICIENT_SUPPORT
x001570	x041443	preferred	1000	0.000999000999	1	0	0	INSUFFICIENT_SUPPORT
x001570	x042104	preferred	1000	0.000999000999	1	0	0	INSUFFICIENT_SUPPORT
x001632	x025393	preferred	1000	0.000999000999	1	0	0	INSUFFICIENT_SUPPORT
x001632	x025396	preferred	1000	0.000999000999	1	0	0	INSUFFICIENT_SUPPORT
x001632	x025737	preferred	1000	0.000999000999	1	0	0	INSUFFICIENT_SUPPORT
x001632	x025738	preferred	1000	0.000999000999	1	0	0	INSUFFICIENT_SUPPORT
x001634	x025399	preferred	1000	0.000999000999	1	0	0	INSUFFICIENT_SUPPORT
x001634	x025544	preferred	1000	0.000999000999	1	0	0	INSUFFICIENT_SUPPORT
x001634	x025546	preferred	1000	0.000999000999	1	0	0	INSUFFICIENT_SUPPORT
x001634	x025740	preferred	1000	0.000999000999	1	0	0	INSUFFICIENT_SUPPORT
x001888	x000106	preferred	1000	0.000999000999	1	0	0	INSUFFICIENT_SUPPORT
x001888	x000107	preferred	1000	0.000999000999	1	0	0	INSUFFICIENT_SUPPORT
x001888	x000109	preferred	1000	0.000999000999	1	0	0	INSUFFICIENT_SUPPORT
x001888	x002108	preferred	1000	0.000999000999	1	0	0	INSUFFICIENT_SUPPORT
x001888	x018872	preferred	1000	0.000999000999	1	0	0	INSUFFICIENT_SUPPORT
x001888	x018878	preferred	1000	0.000999000999	1	0	0	INSUFFICIENT_SUPPORT
x001888	x023520	preferred	1000	0.000999000999	1	0	0	INSUFFICIENT_SUPPORT
x001888	x024664	preferred	1000	0.000999000999	1	0	0	INSUFFICIENT_SUPPORT
x001888	x024800	preferred	1000	0.000999000999	1	0	0	INSUFFICIENT_SUPPORT
x001888	x024930	preferred	1000	0.000999000999	1	0	0	INSUFFICIENT_SUPPORT
x001888	x031709	preferred	1000	0.000999000999	1	0	0	INSUFFICIENT_SUPPORT
x001888	x037858	preferred	1000	0.000999000999	1	0	0	INSUFFICIENT_SUPPORT
x001888	x037859	preferred	1000	0.000999000999	1	0	0	INSUFFICIENT_SUPPORT
x001888	x037988	preferred	1000	0.000999000999	1	0	0	INSUFFICIENT_SUPPORT
x001888	x040636	preferred	1000	0.000999000999	1	0	0	INSUFFICIENT_SUPPORT
x001888	x042106	preferred	1000	0.000999000999	1	0	0	INSUFFICIENT_SUPPORT
x001888	x042802	preferred	1000	0.000999000999	1	0	0	INSUFFICIENT_SUPPORT
x001888	x042804	preferred	1000	0.000999000999	1	0	0	INSUFFICIENT_SUPPORT
x001889	x002107	preferred	1000	0.000999000999	1	0	0	INSUFFICIENT_SUPPORT
x001889	x005076	preferred	1000	0.000999000999	1	0	0	INSUFFICIENT_SUPPORT
x001889	x015283	preferred	1000	0.000999000999	1	0	0	INSUFFICIENT_SUPPORT
x001889	x018875	preferred	1000	0.000999000999	1	0	0	INSUFFICIENT_SUPPORT
x001889	x024933	preferred	1000	0.000999000999	1	0	0	INSUFFICIENT_SUPPORT
x001889	x025528	preferred	1000	0.000999000999	1	0	0	INSUFFICIENT_SUPPORT
x001889	x025531	preferred	1000	0.000999000999	1	0	0	INSUFFICIENT_SUPPORT
x001889	x025787	preferred	1000	0.000999000999	1	0	0	INSUFFICIENT_SUPPORT
x001889	x037856	preferred	1000	0.000999000999	1	0	0	INSUFFICIENT_SUPPORT
x001889	x037912	preferred	1000	0.000999000999	1	0	0	INSUFFICIENT_SUPPORT
x001889	x038106	preferred	1000	0.000999000999	1	0	0	INSUFFICIENT_SUPPORT
x001889	x040632	preferred	1000	0.000999000999	1	0	0	INSUFFICIENT_SUPPORT
x001889	x041259	preferred	1000	0.000999000999	1	0	0	INSUFFICIENT_SUPPORT
x001890	x001397	preferred	1000	0.000999000999	1	0	0	INSUFFICIENT_SUPPORT
x001890	x018878	preferred	1000	0.000999000999	1	0	0	INSUFFICIENT_SUPPORT
x001890	x034240	preferred	1000	0.000999000999	1	0	0	INSUFFICIENT_SUPPORT
x001891	x000105	preferred	1000	0.000999000999	1	0	0	INSUFFICIENT_SUPPORT
x001891	x001088	preferred	1000	0.000999000999	1	0	0	INSUFFICIENT_SUPPORT
x001891	x001090	preferred	1000	0.000999000999	1	0	0	INSUFFICIENT_SUPPORT
x001891	x024240	preferred	1000	0.000999000999	1	0	0	INSUFFICIENT_SUPPORT
x001891	x025392	preferred	1000	0.000999000999	1	0	0	INSUFFICIENT_SUPPORT
x001891	x040634	preferred	1000	0.000999000999	1	0	0	INSUFFICIENT_SUPPORT
x001891	x041256	preferred	1000	0.000999000999	1	0	0	INSUFFICIENT_SUPPORT
x001891	x042800	preferred	1000	0.000999000999	1	0	0	INSUFFICIENT_SUPPORT
x001892	x001088	preferred	1000	0.000999000999	1	0	0	INSUFFICIENT_SUPPORT
x001892	x024802	preferred	1000	0.000999000999	1	0	0	INSUFFICIENT_SUPPORT
x001892	x040633	preferred	1000	0.000999000999	1	0	0	INSUFFICIENT_SUPPORT
x001892	x040635	preferred	1000	0.000999000999	1	0	0	INSUFFICIENT_SUPPORT
x001892	x042805	preferred	1000	0.000999000999	1	0	0	INSUFFICIENT_SUPPORT
x001893	x018497	preferred	1000	0.000999000999	1	0	0	INSUFFICIENT_SUPPORT
x001893	x018877	preferred	1000	0.000999000999	1	0	0	INSUFFICIENT_SUPPORT
x001893	x024800	preferred	1000	0.000999000999	1	0	0	INSUFFICIENT_SUPPORT
x001893	x024931	preferred	1000	0.000999000999	1	0	0	INSUFFICIENT_SUPPORT
x001893	x032442	preferred	1000	0.000999000999	1	0	0	INSUFFICIENT_SUPPORT
x001893	x037857	preferred	1000	0.000999000999	1	0	0	INSUFFICIENT_SUPPORT
x001893	x037858	preferred	1000	0.000999000999	1	0	0	INSUFFICIENT_SUPPORT
x001893	x040634	preferred	1000	0.000999000999	1	0	0	INSUFFICIENT_SUPPORT
x001893	x042802	preferred	1000	0.000999000999	1	0	0	INSUFFICIENT_SUPPORT
x002104	x000105	preferred	1000	0.000999000999	1	0	0	INSUFFICIENT_SUPPORT
x002104	x000106	preferred	1000	0.000999000999	1	0	0	INSUFFICIENT_SUPPORT
x002104	x000107	preferred	1000	0.000999000999	1	0	0	INSUFFICIENT_SUPPORT
x002104	x000108	preferred	1000	0.000999000999	1	0	0	INSUFFICIENT_SUPPORT
x002104	x001392	preferred	1000	0.000999000999	1	0	0	INSUFFICIENT_SUPPORT
x002104	x001395	preferred	1000	0.000999000999	1	0	0	INSUFFICIENT_SUPPORT
x002104	x005104	preferred	1000	0.000999000999	1	0	0	INSUFFICIENT_SUPPORT
x002104	x013721	preferred	1000	0.000999000999	1	0	0	INSUFFICIENT_SUPPORT
x002104	x017408	preferred	1000	0.000999000999	1	0	0	INSUFFICIENT_SUPPORT
x002104	x017410	preferred	1000	0.000999000999	1	0	0	INSUFFICIENT_SUPPORT
x002104	x017412	preferred	1000	0.000999000999	1	0	0	INSUFFICIENT_SUPPORT
x002104	x018496	preferred	1000	0.000999000999	1	0	0	INSUFFICIENT_SUPPORT
x002104	x018497	preferred	1000	0.000999000999	1	0	0	INSUFFICIENT_SUPPORT
x002104	x018498	preferred	1000	0.000999000999	1	0	0	INSUFFICIENT_SUPPORT
x002104	x018499	preferred	1000	0.000999000999	1	0	0	INSUFFICIENT_SUPPORT
x002104	x020016	preferred	1000	0.000999000999	1	0	0	INSUFFICIENT_SUPPORT
x002104	x020017	preferred	1000	0.000999000999	1	0	0	INSUFFICIENT_SUPPORT
x002104	x024088	preferred	1000	0.000999000999	1	0	0	INSUFFICIENT_SUPPORT
x002104	x033099	preferred	1000	0.000999000999	1	0	0	INSUFFICIENT_SUPPORT
x002104	x037848	preferred	1000	0.000999000999	1	0	0	INSUFFICIENT_SUPPORT
x002104	x037854	preferred	1000	0.000999000999	1	0	0	INSUFFICIENT_SUPPORT
x002104	x037856	preferred	1000	0.000999000999	1	0	0	INSUFFICIENT_SUPPORT
x002104	x037857	preferred	1000	0.000999000999	1	0	0	INSUFFICIENT_SUPPORT
x002104	x037860	preferred	1000	0.000999000999	1	0	0	INSUFFICIENT_SUPPORT
x002104	x037861	preferred	1000	0.000999000999	1	0	0	INSUFFICIENT_SUPPORT
x002104	x037986	preferred	1000	0.000999000999	1	0	0	INSUFFICIENT_SUPPORT
x002104	x037987	preferred	1000	0.000999000999	1	0	0	INSUFFICIENT_SUPPORT
x002104	x038105	preferred	1000	0.000999000999	1	0	0	INSUFFICIENT_SUPPORT
x002104	x038108	preferred	1000	0.000999000999	1	0	0	INSUFFICIENT_SUPPORT
x002104	x038160	preferred	1000	0.000999000999	1	0	0	INSUFFICIENT_SUPPORT
x002104	x038537	preferred	1000	0.000999000999	1	0	0	INSUFFICIENT_SUPPORT
x002104	x038538	preferred	1000	0.000999000999	1	0	0	INSUFFICIENT_SUPPORT
x002104	x038539	preferred	1000	0.000999000999	1	0	0	INSUFFICIENT_SUPPORT
x002104	x038541	preferred	1000	0.000999000999	1	0	0	INSUFFICIENT_SUPPORT
x002104	x038543	preferred	1000	0.000999000999	1	0	0	INSUFFICIENT_SUPPORT
x002104	x041256	preferred	1000	0.000999000999	1	0	0	INSUFFICIENT_SUPPORT
x002104	x041257	preferred	1000	0.000999000999	1	0	0	INSUFFICIENT_SUPPORT
x002104	x041440	preferred	1000	0.000999000999	1	0	0	INSUFFICIENT_SUPPORT
x002104	x041441	preferred	1000	0.000999000999	1	0	0	INSUFFICIENT_SUPPORT
x002104	x042800	preferred	1000	0.000999000999	1	0	0	INSUFFICIENT_SUPPORT
x002104	x042801	preferred	1000	0.000999000999	1	0	0	INSUFFICIENT_SUPPORT
x002104	x042806	preferred	1000	0.000999000999	1	0	0	INSUFFICIENT_SUPPORT
x002104	x042807	preferred	1000	0.000999000999	1	0	0	INSUFFICIENT_SUPPORT
x002105	x000104	preferred	1000	0.000999000999	1	0	0	INSUFFICIENT_SUPPORT
x002105	x000105	preferred	1000	0.000999000999	1	0	0	INSUFFICIENT_SUPPORT
x002105	x000107	preferred	1000	0.000999000999	1	0	0	INSUFFICIENT_SUPPORT
x002105	x000109	preferred	1000	0.000999000999	1	0	0	INSUFFICIENT_SUPPORT
x002105	x001392	preferred	1000	0.000999000999	1	0	0	INSUFFICIENT_SUPPORT
x002105	x001394	preferred	1000	0.000999000999	1	0	0	INSUFFICIENT_SUPPORT
x002105	x001632	preferred	1000	0.000999000999	1	0	0	INSUFFICIENT_SUPPORT
x002105	x013721	preferred	1000	0.000999000999	1	0	0	INSUFFICIENT_SUPPORT
x002105	x016897	preferred	1000	0.000999000999	1	0	0	INSUFFICIENT_SUPPORT
x002105	x017408	preferred	1000	0.000999000999	1	0	0	INSUFFICIENT_SUPPORT
x002105	x017409	preferred	1000	0.000999000999	1	0	0	INSUFFICIENT_SUPPORT
x002105	x017410	preferred	1000	0.000999000999	1	0	0	INSUFFICIENT_SUPPORT
x002105	x017411	preferred	1000	0.000999000999	1	0	0	INSUFFICIENT_SUPPORT
x002105	x018496	preferred	1000	0.000999000999	1	0	0	INSUFFICIENT_SUPPORT
x002105	x018498	preferred	1000	0.000999000999	1	0	0	INSUFFICIENT_SUPPORT
x002105	x018499	preferred	1000	0.000999000999	1	0	0	INSUFFICIENT_SUPPORT
x002105	x018500	preferred	1000	0.000999000999	1	0	0	INSUFFICIENT_SUPPORT
x002105	x018501	preferred	1000	0.000999000999	1	0	0	INSUFFICIENT_SUPPORT
x002105	x018563	preferred	1000	0.000999000999	1	0	0	INSUFFICIENT_SUPPORT
x002105	x020016	preferred	1000	0.000999000999	1	0	0	INSUFFICIENT_SUPPORT
x002105	x020017	preferred	1000	0.000999000999	1	0	0	INSUFFICIENT_SUPPORT
x002105	x020018	preferred	1000	0.000999000999	1	0	0	INSUFFICIENT_SUPPORT
x002105	x020020	preferred	1000	0.000999000999	1	0	0	INSUFFICIENT_SUPPORT
x002105	x020022	preferred	1000	0.000999000999	1	0	0	INSUFFICIENT_SUPPORT
x002105	x024240	preferred	1000	0.000999000999	1	0	0	INSUFFICIENT_SUPPORT
x002105	x037850	preferred	1000	0.000999000999	1	0	0	INSUFFICIENT_SUPPORT
x002105	x037859	preferred	1000	0.000999000999	1	0	0	INSUFFICIENT_SUPPORT
x002105	x037954	preferred	1000	0.000999000999	1	0	0	INSUFFICIENT_SUPPORT
x002105	x037958	preferred	1000	0.000999000999	1	0	0	INSUFFICIENT_SUPPORT
x002105	x038106	preferred	1000	0.000999000999	1	0	0	INSUFFICIENT_SUPPORT
x002105	x038160	preferred	1000	0.000999000999	1	0	0	INSUFFICIENT_SUPPORT
x002105	x038538	preferred	1000	0.000999000999	1	0	0	INSUFFICIENT_SUPPORT
x002105	x038540	preferred	1000	0.000999000999	1	0	0	INSUFFICIENT_SUPPORT
x002105	x038542	preferred	1000	0.000999000999	1	0	0	INSUFFICIENT_SUPPORT
x002105	x041257	preferred	1000	0.000999000999	1	0	0	INSUFFICIENT_SUPPORT
x002105	x041258	preferred	1000	0.000999000999	1	0	0	INSUFFICIENT_SUPPORT
x002105	x041440	preferred	1000	0.000999000999	1	0	0	INSUFFICIENT_SUPPORT
x002105	x041584	preferred	1000	0.000999000999	1	0	0	INSUFFICIENT_SUPPORT
x002105	x042800	preferred	1000	0.000999000999	1	0	0	INSUFFICIENT_SUPPORT
x002105	x042801	preferred	1000	0.000999000999	1	0	0	INSUFFICIENT_SUPPORT
x002106	x000105	preferred	1000	0.000999000999	1	0	0	INSUFFICIENT_SUPPORT
x002106	x000106	preferred	1000	0.000999000999	1	0	0	INSUFFICIENT_SUPPORT
x002106	x000108	preferred	1000	0.000999000999	1	0	0	INSUFFICIENT_SUPPORT
x002106	x000110	preferred	1000	0.000999000999	1	0	0	INSUFFICIENT_SUPPORT
x002106	x015283	preferred	1000	0.000999000999	1	0	0	INSUFFICIENT_SUPPORT
x002106	x017408	preferred	1000	0.000999000999	1	0	0	INSUFFICIENT_SUPPORT
x002106	x017409	preferred	1000	0.000999000999	1	0	0	INSUFFICIENT_SUPPORT
x002106	x017415	preferred	1000	0.000999000999	1	0	0	INSUFFICIENT_SUPPORT
x002106	x017891	preferred	1000	0.000999000999	1	0	0	INSUFFICIENT_SUPPORT
x002106	x018496	preferred	1000	0.000999000999	1	0	0	INSUFFICIENT_SUPPORT
x002106	x018497	preferred	1000	0.000999000999	1	0	0	INSUFFICIENT_SUPPORT
x002106	x018499	preferred	1000	0.000999000999	1	0	0	INSUFFICIENT_SUPPORT
x002106	x018501	preferred	1000	0.000999000999	1	0	0	INSUFFICIENT_SUPPORT
x002106	x020020	preferred	1000	0.000999000999	1	0	0	INSUFFICIENT_SUPPORT
x002106	x024928	preferred	1000	0.000999000999	1	0	0	INSUFFICIENT_SUPPORT
x002106	x033096	preferred	1000	0.000999000999	1	0	0	INSUFFICIENT_SUPPORT
x002106	x033099	preferred	1000	0.000999000999	1	0	0	INSUFFICIENT_SUPPORT
x002106	x037856	preferred	1000	0.000999000999	1	0	0	INSUFFICIENT_SUPPORT
x002106	x037857	preferred	1000	0.000999000999	1	0	0	INSUFFICIENT_SUPPORT
x002106	x037986	preferred	1000	0.000999000999	1	0	0	INSUFFICIENT_SUPPORT
x002106	x037987	preferred	1000	0.000999000999	1	0	0	INSUFFICIENT_SUPPORT
x002106	x037988	preferred	1000	0.000999000999	1	0	0	INSUFFICIENT_SUPPORT
x002106	x038537	preferred	1000	0.000999000999	1	0	0	INSUFFICIENT_SUPPORT
x002106	x041256	preferred	1000	0.000999000999	1	0	0	INSUFFICIENT_SUPPORT
x002106	x041257	preferred	1000	0.000999000999	1	0	0	INSUFFICIENT_SUPPORT
x002106	x041440	preferred	1000	0.000999000999	1	0	0	INSUFFICIENT_SUPPORT
x002106	x041442	preferred	1000	0.000999000999	1	0	0	INSUFFICIENT_SUPPORT
x002107	x000104	preferred	1000	0.000999000999	1	0	0	INSUFFICIENT_SUPPORT
x002107	x000107	preferred	1000	0.000999000999	1	0	0	INSUFFICIENT_SUPPORT
x002107	x001392	preferred	1000	0.000999000999	1	0	0	INSUFFICIENT_SUPPORT
x002107	x010280	preferred	1000	0.000999000999	1	0	0	INSUFFICIENT_SUPPORT
x002107	x017410	preferred	1000	0.000999000999	1	0	0	INSUFFICIENT_SUPPORT
x002107	x017412	preferred	1000	0.000999000999	1	0	0	INSUFFICIENT_SUPPORT
x002107	x018497	preferred	1000	0.000999000999	1	0	0	INSUFFICIENT_SUPPORT
x002107	x018498	preferred	1000	0.000999000999	1	0	0	INSUFFICIENT_SUPPORT
x002107	x018499	preferred	1000	0.000999000999	1	0	0	INSUFFICIENT_SUPPORT
x002107	x018500	preferred	1000	0.000999000999	1	0	0	INSUFFICIENT_SUPPORT
x002107	x018503	preferred	1000	0.000999000999	1	0	0	INSUFFICIENT_SUPPORT
x002107	x018876	preferred	1000	0.000999000999	1	0	0	INSUFFICIENT_SUPPORT
x002107	x020017	preferred	1000	0.000999000999	1	0	0	INSUFFICIENT_SUPPORT
x002107	x020019	preferred	1000	0.000999000999	1	0	0	INSUFFICIENT_SUPPORT
x002107	x024243	preferred	1000	0.000999000999	1	0	0	INSUFFICIENT_SUPPORT
x002107	x025550	preferred	1000	0.000999000999	1	0	0	INSUFFICIENT_SUPPORT
x002107	x037857	preferred	1000	0.000999000999	1	0	0	INSUFFICIENT_SUPPORT
x002107	x037858	preferred	1000	0.000999000999	1	0	0	INSUFFICIENT_SUPPORT
x002107	x037860	preferred	1000	0.000999000999	1	0	0	INSUFFICIENT_SUPPORT
x002107	x037956	preferred	1000	0.000999000999	1	0	0	INSUFFICIENT_SUPPORT
x002107	x038106	preferred	1000	0.000999000999	1	0	0	INSUFFICIENT_SUPPORT
x002107	x038160	preferred	1000	0.000999000999	1	0	0	INSUFFICIENT_SUPPORT
x002107	x038536	preferred	1000	0.000999000999	1	0	0	INSUFFICIENT_SUPPORT
x002107	x038537	preferred	1000	0.000999000999	1	0	0	INSUFFICIENT_SUPPORT
x002107	x038539	preferred	1000	0.000999000999	1	0	0	INSUFFICIENT_SUPPORT
x002107	x038542	preferred	1000	0.000999000999	1	0	0	INSUFFICIENT_SUPPORT
x002107	x041256	preferred	1000	0.000999000999	1	0	0	INSUFFICIENT_SUPPORT
x002107	x041258	preferred	1000	0.000999000999	1	0	0	INSUFFICIENT_SUPPORT
x002107	x041260	preferred	1000	0.000999000999	1	0	0	INSUFFICIENT_SUPPORT
x002108	x000104	preferred	1000	0.000999000999	1	0	0	INSUFFICIENT_SUPPORT
x002108	x000105	preferred	1000	0.000999000999	1	0	0	INSUFFICIENT_SUPPORT
x002108	x000108	preferred	1000	0.000999000999	1	0	0	INSUFFICIENT_SUPPORT
x002108	x000109	preferred	1000	0.000999000999	1	0	0	INSUFFICIENT_SUPPORT
x002108	x001393	preferred	1000	0.000999000999	1	0	0	INSUFFICIENT_SUPPORT
x002108	x013721	preferred	1000	0.000999000999	1	0	0	INSUFFICIENT_SUPPORT
x002108	x014829	preferred	1000	0.000999000999	1	0	0	INSUFFICIENT_SUPPORT
x002108	x017409	preferred	1000	0.000999000999	1	0	0	INSUFFICIENT_SUPPORT
x002108	x017410	preferred	1000	0.000999000999	1	0	0	INSUFFICIENT_SUPPORT
x002108	x017411	preferred	1000	0.000999000999	1	0	0	INSUFFICIENT_SUPPORT
x002108	x017889	preferred	1000	0.000999000999	1	0	0	INSUFFICIENT_SUPPORT
x002108	x018498	preferred	1000	0.000999000999	1	0	0	INSUFFICIENT_SUPPORT
x002108	x018564	preferred	1000	0.000999000999	1	0	0	INSUFFICIENT_SUPPORT
x002108	x019712	preferred	1000	0.000999000999	1	0	0	INSUFFICIENT_SUPPORT
x002108	x024088	preferred	1000	0.000999000999	1	0	0	INSUFFICIENT_SUPPORT
x002108	x025786	preferred	1000	0.000999000999	1	0	0	INSUFFICIENT_SUPPORT
x002108	x033097	preferred	1000	0.000999000999	1	0	0	INSUFFICIENT_SUPPORT
x002108	x037848	preferred	1000	0.000999000999	1	0	0	INSUFFICIENT_SUPPORT
x002108	x037987	preferred	1000	0.000999000999	1	0	0	INSUFFICIENT_SUPPORT
x002108	x038536	preferred	1000	0.000999000999	1	0	0	INSUFFICIENT_SUPPORT
x002108	x038540	preferred	1000	0.000999000999	1	0	0	INSUFFICIENT_SUPPORT
x002108	x038542	preferred	1000	0.000999000999	1	0	0	INSUFFICIENT_SUPPORT
x002108	x041257	preferred	1000	0.000999000999	1	0	0	INSUFFICIENT_SUPPORT
x002108	x041260	preferred	1000	0.000999000999	1	0	0	INSUFFICIENT_SUPPORT
x002108	x041261	preferred	1000	0.000999000999	1	0	0	INSUFFICIENT_SUPPORT
x002108	x042801	preferred	1000	0.000999000999	1	0	0	INSUFFICIENT_SUPPORT
x002108	x042802	preferred	1000	0.000999000999	1	0	0	INSUFFICIENT_SUPPORT
x002108	x042804	preferred	1000	0.000999000999	1	0	0	INSUFFICIENT_SUPPORT
x002108	x042806	preferred	1000	0.000999000999	1	0	0	INSUFFICIENT_SUPPORT
x002109	x000105	preferred	1000	0.000999000999	1	0	0	INSUFFICIENT_SUPPORT
x002109	x000108	preferred	1000	0.000999000999	1	0	0	INSUFFICIENT_SUPPORT
x002109	x000109	preferred	1000	0.000999000999	1	0	0	INSUFFICIENT_SUPPORT
x002109	x017409	preferred	1000	0.000999000999	1	0	0	INSUFFICIENT_SUPPORT
x002109	x017410	preferred	1000	0.000999000999	1	0	0	INSUFFICIENT_SUPPORT
x002109	x017414	preferred	1000	0.000999000999	1	0	0	INSUFFICIENT_SUPPORT
x002109	x018496	preferred	1000	0.000999000999	1	0	0	INSUFFICIENT_SUPPORT
x002109	x018560	preferred	1000	0.000999000999	1	0	0	INSUFFICIENT_SUPPORT
x002109	x018562	preferred	1000	0.000999000999	1	0	0	INSUFFICIENT_SUPPORT
x002109	x018563	preferred	1000	0.000999000999	1	0	0	INSUFFICIENT_SUPPORT
x002109	x018872	preferred	1000	0.000999000999	1	0	0	INSUFFICIENT_SUPPORT
x002109	x037860	preferred	1000	0.000999000999	1	0	0	INSUFFICIENT_SUPPORT
x002109	x038537	preferred	1000	0.000999000999	1	0	0	INSUFFICIENT_SUPPORT
x002109	x041257	preferred	1000	0.000999000999	1	0	0	INSUFFICIENT_SUPPORT
x002109	x041262	preferred	1000	0.000999000999	1	0	0	INSUFFICIENT_SUPPORT
x002109	x042801	preferred	1000	0.000999000999	1	0	0	INSUFFICIENT_SUPPORT
x002110	x000104	preferred	1000	0.000999000999	1	0	0	INSUFFICIENT_SUPPORT
x002110	x000107	preferred	1000	0.000999000999	1	0	0	INSUFFICIENT_SUPPORT
x002110	x001393	preferred	1000	0.000999000999	1	0	0	INSUFFICIENT_SUPPORT
x002110	x017408	preferred	1000	0.000999000999	1	0	0	INSUFFICIENT_SUPPORT
x002110	x018496	preferred	1000	0.000999000999	1	0	0	INSUFFICIENT_SUPPORT
x002110	x018500	preferred	1000	0.000999000999	1	0	0	INSUFFICIENT_SUPPORT
x002110	x025766	preferred	1000	0.000999000999	1	0	0	INSUFFICIENT_SUPPORT
x002110	x037849	preferred	1000	0.000999000999	1	0	0	INSUFFICIENT_SUPPORT
x002110	x037852	preferred	1000	0.000999000999	1	0	0	INSUFFICIENT_SUPPORT
x002110	x037856	preferred	1000	0.000999000999	1	0	0	INSUFFICIENT_SUPPORT
x002110	x037859	preferred	1000	0.000999000999	1	0	0	INSUFFICIENT_SUPPORT
x002110	x037952	preferred	1000	0.000999000999	1	0	0	INSUFFICIENT_SUPPORT
x002110	x038536	preferred	1000	0.000999000999	1	0	0	INSUFFICIENT_SUPPORT
x002110	x038538	preferred	1000	0.000999000999	1	0	0	INSUFFICIENT_SUPPORT
x002110	x038540	preferred	1000	0.000999000999	1	0	0	INSUFFICIENT_SUPPORT
x002110	x038541	preferred	1000	0.000999000999	1	0	0	INSUFFICIENT_SUPPORT
x002110	x041440	preferred	1000	0.000999000999	1	0	0	INSUFFICIENT_SUPPORT
x002336	x000104	preferred	1000	0.000999000999	1	0	0	INSUFFICIENT_SUPPORT
x002336	x000106	preferred	1000	0.000999000999	1	0	0	INSUFFICIENT_SUPPORT
x002336	x000107	preferred	1000	0.000999000999	1	0	0	INSUFFICIENT_SUPPORT
x002336	x000109	preferred	1000	0.000999000999	1	0	0	INSUFFICIENT_SUPPORT
x002336	x000110	preferred	1000	0.000999000999	1	0	0	INSUFFICIENT_SUPPORT
x002336	x001632	preferred	1000	0.000999000999	1	0	0	INSUFFICIENT_SUPPORT
x002336	x017832	preferred	1000	0.000999000999	1	0	0	INSUFFICIENT_SUPPORT
x002336	x017835	preferred	1000	0.000999000999	1	0	0	INSUFFICIENT_SUPPORT
x002336	x017890	preferred	1000	0.000999000999	1	0	0	INSUFFICIENT_SUPPORT
x002336	x017893	preferred	1000	0.000999000999	1	0	0	INSUFFICIENT_SUPPORT
x002336	x020019	preferred	1000	0.000999000999	1	0	0	INSUFFICIENT_SUPPORT
x002336	x022952	preferred	1000	0.000999000999	1	0	0	INSUFFICIENT_SUPPORT
x002336	x022953	preferred	1000	0.000999000999	1	0	0	INSUFFICIENT_SUPPORT
x002336	x024736	preferred	1000	0.000999000999	1	0	0	INSUFFICIENT_SUPPORT
x002336	x037848	preferred	1000	0.000999000999	1	0	0	INSUFFICIENT_SUPPORT
x002336	x037856	preferred	1000	0.000999000999	1	0	0	INSUFFICIENT_SUPPORT
x002336	x037857	preferred	1000	0.000999000999	1	0	0	INSUFFICIENT_SUPPORT
x002336	x037858	preferred	1000	0.000999000999	1	0	0	INSUFFICIENT_SUPPORT
x002336	x037859	preferred	1000	0.000999000999	1	0	0	INSUFFICIENT_SUPPORT
x002336	x037861	preferred	1000	0.000999000999	1	0	0	INSUFFICIENT_SUPPORT
x002336	x037862	preferred	1000	0.000999000999	1	0	0	INSUFFICIENT_SUPPORT
x002336	x038104	preferred	1000	0.000999000999	1	0	0	INSUFFICIENT_SUPPORT
x002336	x038105	preferred	1000	0.000999000999	1	0	0	INSUFFICIENT_SUPPORT
x002336	x038107	preferred	1000	0.000999000999	1	0	0	INSUFFICIENT_SUPPORT
x002336	x039656	preferred	1000	0.000999000999	1	0	0	INSUFFICIENT_SUPPORT
x002336	x040257	preferred	1000	0.000999000999	1	0	0	INSUFFICIENT_SUPPORT
x002336	x040259	preferred	1000	0.000999000999	1	0	0	INSUFFICIENT_SUPPORT
x002337	x000105	preferred	1000	0.000999000999	1	0	0	INSUFFICIENT_SUPPORT
x002337	x000109	preferred	1000	0.000999000999	1	0	0	INSUFFICIENT_SUPPORT
x002337	x001088	preferred	1000	0.000999000999	1	0	0	INSUFFICIENT_SUPPORT
x002337	x001090	preferred	1000	0.000999000999	1	0	0	INSUFFICIENT_SUPPORT
x002337	x001632	preferred	1000	0.000999000999	1	0	0	INSUFFICIENT_SUPPORT
x002337	x001635	preferred	1000	0.000999000999	1	0	0	INSUFFICIENT_SUPPORT
x002337	x014362	preferred	1000	0.000999000999	1	0	0	INSUFFICIENT_SUPPORT
x002337	x017672	preferred	1000	0.000999000999	1	0	0	INSUFFICIENT_SUPPORT
x002337	x017833	preferred	1000	0.000999000999	1	0	0	INSUFFICIENT_SUPPORT
x002337	x017890	preferred	1000	0.000999000999	1	0	0	INSUFFICIENT_SUPPORT
x002337	x017891	preferred	1000	0.000999000999	1	0	0	INSUFFICIENT_SUPPORT
x002337	x020017	preferred	1000	0.000999000999	1	0	0	INSUFFICIENT_SUPPORT
x002337	x020018	preferred	1000	0.000999000999	1	0	0	INSUFFICIENT_SUPPORT
x002337	x020969	preferred	1000	0.000999000999	1	0	0	INSUFFICIENT_SUPPORT
x002337	x022952	preferred	1000	0.000999000999	1	0	0	INSUFFICIENT_SUPPORT
x002337	x022956	preferred	1000	0.000999000999	1	0	0	INSUFFICIENT_SUPPORT
x002337	x022957	preferred	1000	0.000999000999	1	0	0	INSUFFICIENT_SUPPORT
x002337	x024241	preferred	1000	0.000999000999	1	0	0	INSUFFICIENT_SUPPORT
x002337	x024929	preferred	1000	0.000999000999	1	0	0	INSUFFICIENT_SUPPORT
x002337	x025544	preferred	1000	0.000999000999	1	0	0	INSUFFICIENT_SUPPORT
x002337	x025548	preferred	1000	0.000999000999	1	0	0	INSUFFICIENT_SUPPORT
x002337	x025549	preferred	1000	0.000999000999	1	0	0	INSUFFICIENT_SUPPORT
x002337	x034497	preferred	1000	0.000999000999	1	0	0	INSUFFICIENT_SUPPORT
x002337	x034675	preferred	1000	0.000999000999	1	0	0	INSUFFICIENT_SUPPORT
x002337	x037849	preferred	1000	0.000999000999	1	0	0	INSUFFICIENT_SUPPORT
x002337	x037850	preferred	1000	0.000999000999	1	0	0	INSUFFICIENT_SUPPORT
x002337	x037851	preferred	1000	0.000999000999	1	0	0	INSUFFICIENT_SUPPORT
x002337	x037856	preferred	1000	0.000999000999	1	0	0	INSUFFICIENT_SUPPORT
x002337	x037857	preferred	1000	0.000999000999	1	0	0	INSUFFICIENT_SUPPORT
x002337	x037858	preferred	1000	0.000999000999	1	0	0	INSUFFICIENT_SUPPORT
x002337	x037859	preferred	1000	0.000999000999	1	0	0	INSUFFICIENT_SUPPORT
x002337	x037860	preferred	1000	0.000999000999	1	0	0	INSUFFICIENT_SUPPORT
x002337	x037861	preferred	1000	0.000999000999	1	0	0	INSUFFICIENT_SUPPORT
x002337	x037862	preferred	1000	0.000999000999	1	0	0	INSUFFICIENT_SUPPORT
x002337	x038104	preferred	1000	0.000999000999	1	0	0	INSUFFICIENT_SUPPORT
x002337	x038106	preferred	1000	0.000999000999	1	0	0	INSUFFICIENT_SUPPORT
x002337	x038110	preferred	1000	0.000999000999	1	0	0	INSUFFICIENT_SUPPORT
x002337	x040256	preferred	1000	0.000999000999	1	0	0	INSUFFICIENT_SUPPORT
x002337	x041660	preferred	1000	0.000999000999	1	0	0	INSUFFICIENT_SUPPORT
x002337	x041661	preferred	1000	0.000999000999	1	0	0	INSUFFICIENT_SUPPORT
x002338	x014829	preferred	1000	0.000999000999	1	0	0	INSUFFICIENT_SUPPORT
x002338	x017835	preferred	1000	0.000999000999	1	0	0	INSUFFICIENT_SUPPORT
x002338	x017888	preferred	1000	0.000999000999	1	0	0	INSUFFICIENT_SUPPORT
x002338	x020018	preferred	1000	0.000999000999	1	0	0	INSUFFICIENT_SUPPORT
x002338	x020969	preferred	1000	0.000999000999	1	0	0	INSUFFICIENT_SUPPORT
x002338	x022953	preferred	1000	0.000999000999	1	0	0	INSUFFICIENT_SUPPORT
x002338	x025545	preferred	1000	0.000999000999	1	0	0	INSUFFICIENT_SUPPORT
x002338	x037848	preferred	1000	0.000999000999	1	0	0	INSUFFICIENT_SUPPORT
x002338	x037850	preferred	1000	0.000999000999	1	0	0	INSUFFICIENT_SUPPORT
x002338	x037856	preferred	1000	0.000999000999	1	0	0	INSUFFICIENT_SUPPORT
x002338	x037857	preferred	1000	0.000999000999	1	0	0	INSUFFICIENT_SUPPORT
x002338	x037858	preferred	1000	0.000999000999	1	0	0	INSUFFICIENT_SUPPORT
x002338	x037860	preferred	1000	0.000999000999	1	0	0	INSUFFICIENT_SUPPORT
x002338	x037861	preferred	1000	0.000999000999	1	0	0	INSUFFICIENT_SUPPORT
x002338	x037862	preferred	1000	0.000999000999	1	0	0	INSUFFICIENT_SUPPORT
x002338	x038108	preferred	1000	0.000999000999	1	0	0	INSUFFICIENT_SUPPORT
x002338	x041656	preferred	1000	0.000999000999	1	0	0	INSUFFICIENT_SUPPORT
x002339	x000106	depleted	1000	0.966033966	1	0	1	INSUFFICIENT_SUPPORT
x002339	x000108	depleted	1000	0.984015984	1	0	1	INSUFFICIENT_SUPPORT
x002339	x000109	preferred	1000	1	1	0	1	INSUFFICIENT_SUPPORT
x002339	x000111	depleted	1000	0.99000999	1	0	1	INSUFFICIENT_SUPPORT
x002339	x017889	preferred	1000	1	1	0	1	INSUFFICIENT_SUPPORT
x002339	x020969	preferred	1000	1	1	0	1	INSUFFICIENT_SUPPORT
x002339	x022954	preferred	1000	1	1	0	1	INSUFFICIENT_SUPPORT
x002339	x024244	preferred	1000	1	1	0	1	INSUFFICIENT_SUPPORT
x002339	x024246	preferred	1000	1	1	0	1	INSUFFICIENT_SUPPORT
x002339	x024801	preferred	1000	1	1	0	1	INSUFFICIENT_SUPPORT
x002339	x025549	preferred	1000	1	1	0	1	INSUFFICIENT_SUPPORT
x002339	x025761	preferred	1000	0.03396603397	1	1	1	INSUFFICIENT_SUPPORT
x002339	x025766	preferred	1000	1	1	0	1	INSUFFICIENT_SUPPORT
x002339	x037856	depleted	1000	0.9130869131	1	0	1	INSUFFICIENT_SUPPORT
x002339	x037857	depleted	1000	0.9140859141	1	0	1	INSUFFICIENT_SUPPORT
x002339	x037858	depleted	1000	1	1	1	1	INSUFFICIENT_SUPPORT
x002339	x037859	depleted	1000	0.951048951	1	0	1	INSUFFICIENT_SUPPORT
x002339	x037861	depleted	1000	0.971028971	1	0	1	INSUFFICIENT_SUPPORT
x002339	x037862	preferred	1000	0.02897102897	1	1	1	INSUFFICIENT_SUPPORT
x002339	x038104	preferred	1000	1	1	0	1	INSUFFICIENT_SUPPORT
x002339	x038110	preferred	1000	1	1	0	1	INSUFFICIENT_SUPPORT
x002339	x042816	preferred	1000	1	1	0	1	INSUFFICIENT_SUPPORT
x002340	x000106	preferred	1000	0.000999000999	1	0	0	INSUFFICIENT_SUPPORT
x002340	x001089	preferred	1000	0.000999000999	1	0	0	INSUFFICIENT_SUPPORT
x002340	x001090	preferred	1000	0.000999000999	1	0	0	INSUFFICIENT_SUPPORT
x002340	x005106	preferred	1000	0.000999000999	1	0	0	INSUFFICIENT_SUPPORT
x002340	x017889	preferred	1000	0.000999000999	1	0	0	INSUFFICIENT_SUPPORT
x002340	x018500	preferred	1000	0.000999000999	1	0	0	INSUFFICIENT_SUPPORT
x002340	x020969	preferred	1000	0.000999000999	1	0	0	INSUFFICIENT_SUPPORT
x002340	x024801	preferred	1000	0.000999000999	1	0	0	INSUFFICIENT_SUPPORT
x002340	x025550	preferred	1000	0.000999000999	1	0	0	INSUFFICIENT_SUPPORT
x002340	x025658	preferred	1000	0.000999000999	1	0	0	INSUFFICIENT_SUPPORT
x002340	x037848	preferred	1000	0.000999000999	1	0	0	INSUFFICIENT_SUPPORT
x002340	x037856	preferred	1000	0.000999000999	1	0	0	INSUFFICIENT_SUPPORT
x002340	x037857	preferred	1000	0.000999000999	1	0	0	INSUFFICIENT_SUPPORT
x002340	x037858	preferred	1000	0.000999000999	1	0	0	INSUFFICIENT_SUPPORT
x002340	x037860	preferred	1000	0.000999000999	1	0	0	INSUFFICIENT_SUPPORT
x002340	x037861	preferred	1000	0.000999000999	1	0	0	INSUFFICIENT_SUPPORT
x002340	x037862	preferred	1000	0.000999000999	1	0	0	INSUFFICIENT_SUPPORT
x002340	x040256	preferred	1000	0.000999000999	1	0	0	INSUFFICIENT_SUPPORT
x002340	x040258	preferred	1000	0.000999000999	1	0	0	INSUFFICIENT_SUPPORT
x002340	x040259	preferred	1000	0.000999000999	1	0	0	INSUFFICIENT_SUPPORT
x002341	x000104	preferred	1000	0.000999000999	1	0	0	INSUFFICIENT_SUPPORT
x002341	x000105	preferred	1000	0.000999000999	1	0	0	INSUFFICIENT_SUPPORT
x002341	x001089	preferred	1000	0.000999000999	1	0	0	INSUFFICIENT_SUPPORT
x002341	x014362	preferred	1000	0.000999000999	1	0	0	INSUFFICIENT_SUPPORT
x002341	x020020	preferred	1000	0.000999000999	1	0	0	INSUFFICIENT_SUPPORT
x002341	x022955	preferred	1000	0.000999000999	1	0	0	INSUFFICIENT_SUPPORT
x002341	x024241	preferred	1000	0.000999000999	1	0	0	INSUFFICIENT_SUPPORT
x002341	x024242	preferred	1000	0.000999000999	1	0	0	INSUFFICIENT_SUPPORT
x002341	x024739	preferred	1000	0.000999000999	1	0	0	INSUFFICIENT_SUPPORT
x002341	x037856	preferred	1000	0.000999000999	1	0	0	INSUFFICIENT_SUPPORT
x002341	x037857	preferred	1000	0.000999000999	1	0	0	INSUFFICIENT_SUPPORT
x002341	x037860	preferred	1000	0.000999000999	1	0	0	INSUFFICIENT_SUPPORT
x002341	x037861	preferred	1000	0.000999000999	1	0	0	INSUFFICIENT_SUPPORT
x002341	x038105	preferred	1000	0.000999000999	1	0	0	INSUFFICIENT_SUPPORT
x002342	x000110	preferred	1000	0.000999000999	1	0	0	INSUFFICIENT_SUPPORT
x002342	x017832	preferred	1000	0.000999000999	1	0	0	INSUFFICIENT_SUPPORT
x002342	x020018	preferred	1000	0.000999000999	1	0	0	INSUFFICIENT_SUPPORT
x002342	x037857	preferred	1000	0.000999000999	1	0	0	INSUFFICIENT_SUPPORT
x002342	x037859	preferred	1000	0.000999000999	1	0	0	INSUFFICIENT_SUPPORT
x002342	x037861	preferred	1000	0.000999000999	1	0	0	INSUFFICIENT_SUPPORT
x002342	x037898	preferred	1000	0.000999000999	1	0	0	INSUFFICIENT_SUPPORT
x002343	x000104	preferred	1000	0.000999000999	1	0	0	INSUFFICIENT_SUPPORT
x002343	x017891	preferred	1000	0.000999000999	1	0	0	INSUFFICIENT_SUPPORT
x002343	x020017	preferred	1000	0.000999000999	1	0	0	INSUFFICIENT_SUPPORT
x002343	x037857	preferred	1000	0.000999000999	1	0	0	INSUFFICIENT_SUPPORT
x002343	x040260	preferred	1000	0.000999000999	1	0	0	INSUFFICIENT_SUPPORT
x002584	x001429	preferred	1000	0.000999000999	1	0	0	INSUFFICIENT_SUPPORT
x002584	x015285	preferred	1000	0.000999000999	1	0	0	INSUFFICIENT_SUPPORT
x002584	x018874	preferred	1000	0.000999000999	1	0	0	INSUFFICIENT_SUPPORT
x002584	x019939	preferred	1000	0.000999000999	1	0	0	INSUFFICIENT_SUPPORT
x002584	x037861	preferred	1000	0.000999000999	1	0	0	INSUFFICIENT_SUPPORT
x002584	x037984	preferred	1000	0.000999000999	1	0	0	INSUFFICIENT_SUPPORT
x002608	x001426	preferred	1000	0.000999000999	1	0	0	INSUFFICIENT_SUPPORT
x002608	x001430	preferred	1000	0.000999000999	1	0	0	INSUFFICIENT_SUPPORT
x002608	x002337	preferred	1000	0.000999000999	1	0	0	INSUFFICIENT_SUPPORT
x002608	x005075	preferred	1000	0.000999000999	1	0	0	INSUFFICIENT_SUPPORT
x002608	x018561	preferred	1000	0.000999000999	1	0	0	INSUFFICIENT_SUPPORT
x002608	x018872	preferred	1000	0.000999000999	1	0	0	INSUFFICIENT_SUPPORT
x002608	x018873	preferred	1000	0.000999000999	1	0	0	INSUFFICIENT_SUPPORT
x002608	x018875	preferred	1000	0.000999000999	1	0	0	INSUFFICIENT_SUPPORT
x002608	x037859	preferred	1000	0.000999000999	1	0	0	INSUFFICIENT_SUPPORT
x002608	x037956	preferred	1000	0.000999000999	1	0	0	INSUFFICIENT_SUPPORT
x002608	x038539	preferred	1000	0.000999000999	1	0	0	INSUFFICIENT_SUPPORT
x002608	x042104	preferred	1000	0.000999000999	1	0	0	INSUFFICIENT_SUPPORT
x002608	x042801	preferred	1000	0.000999000999	1	0	0	INSUFFICIENT_SUPPORT
x002609	x001425	preferred	1000	0.000999000999	1	0	0	INSUFFICIENT_SUPPORT
x002609	x002341	preferred	1000	0.000999000999	1	0	0	INSUFFICIENT_SUPPORT
x002609	x017893	preferred	1000	0.000999000999	1	0	0	INSUFFICIENT_SUPPORT
x002609	x024243	preferred	1000	0.000999000999	1	0	0	INSUFFICIENT_SUPPORT
x002609	x025531	preferred	1000	0.000999000999	1	0	0	INSUFFICIENT_SUPPORT
x002609	x038536	preferred	1000	0.000999000999	1	0	0	INSUFFICIENT_SUPPORT
x002609	x038537	preferred	1000	0.000999000999	1	0	0	INSUFFICIENT_SUPPORT
x002609	x038539	preferred	1000	0.000999000999	1	0	0	INSUFFICIENT_SUPPORT
x002609	x038541	preferred	1000	0.000999000999	1	0	0	INSUFFICIENT_SUPPORT
x002609	x040210	preferred	1000	0.000999000999	1	0	0	INSUFFICIENT_SUPPORT
x002609	x042105	preferred	1000	0.000999000999	1	0	0	INSUFFICIENT_SUPPORT
x002610	x001427	preferred	1000	0.000999000999	1	0	0	INSUFFICIENT_SUPPORT
x002610	x018872	preferred	1000	0.000999000999	1	0	0	INSUFFICIENT_SUPPORT
x002610	x018875	preferred	1000	0.000999000999	1	0	0	INSUFFICIENT_SUPPORT
x002610	x024242	preferred	1000	0.000999000999	1	0	0	INSUFFICIENT_SUPPORT
x002610	x025396	preferred	1000	0.000999000999	1	0	0	INSUFFICIENT_SUPPORT
x002610	x038538	preferred	1000	0.000999000999	1	0	0	INSUFFICIENT_SUPPORT
x002610	x040218	preferred	1000	0.000999000999	1	0	0	INSUFFICIENT_SUPPORT
x002610	x041528	preferred	1000	0.000999000999	1	0	0	INSUFFICIENT_SUPPORT
x002610	x042104	preferred	1000	0.000999000999	1	0	0	INSUFFICIENT_SUPPORT
x002610	x042805	preferred	1000	0.000999000999	1	0	0	INSUFFICIENT_SUPPORT
x002976	x000104	depleted	1000	0.985014985	1	0	1	INSUFFICIENT_SUPPORT
x002976	x000105	preferred	1000	1	1	0	1	INSUFFICIENT_SUPPORT
x002976	x001398	preferred	1000	1	1	0	1	INSUFFICIENT_SUPPORT
x002976	x002105	preferred	1000	1	1	0	1	INSUFFICIENT_SUPPORT
x002976	x002340	preferred	1000	1	1	0	1	INSUFFICIENT_SUPPORT
x002976	x002609	preferred	1000	1	1	0	1	INSUFFICIENT_SUPPORT
x002976	x016264	preferred	1000	1	1	0	1	INSUFFICIENT_SUPPORT
x002976	x017409	depleted	1000	0.996003996	1	0	1	INSUFFICIENT_SUPPORT
x002976	x018499	depleted	1000	0.987012987	1	0	1	INSUFFICIENT_SUPPORT
x002976	x018875	preferred	1000	1	1	0	1	INSUFFICIENT_SUPPORT
x002976	x024089	preferred	1000	1	1	0	1	INSUFFICIENT_SUPPORT
x002976	x024804	preferred	1000	1	1	0	1	INSUFFICIENT_SUPPORT
x002976	x025392	depleted	1000	0.99000999	1	0	1	INSUFFICIENT_SUPPORT
x002976	x025393	depleted	1000	1	1	0	1	INSUFFICIENT_SUPPORT
x002976	x025395	preferred	1000	1	1	0	1	INSUFFICIENT_SUPPORT
x002976	x025398	depleted	1000	1	1	0	1	INSUFFICIENT_SUPPORT
x002976	x034497	preferred	1000	1	1	0	1	INSUFFICIENT_SUPPORT
x002976	x038539	depleted	1000	0.987012987	1	0	1	INSUFFICIENT_SUPPORT
x002976	x042106	preferred	1000	0.01098901099	1	1	1	INSUFFICIENT_SUPPORT
x002977	x000106	preferred	1000	0.000999000999	1	0	0	INSUFFICIENT_SUPPORT
x002977	x000108	preferred	1000	0.000999000999	1	0	0	INSUFFICIENT_SUPPORT
x002977	x000110	preferred	1000	0.000999000999	1	0	0	INSUFFICIENT_SUPPORT
x002977	x000111	preferred	1000	0.000999000999	1	0	0	INSUFFICIENT_SUPPORT
x002977	x001394	preferred	1000	0.000999000999	1	0	0	INSUFFICIENT_SUPPORT
x002977	x002107	preferred	1000	0.000999000999	1	0	0	INSUFFICIENT_SUPPORT
x002977	x002336	preferred	1000	0.000999000999	1	0	0	INSUFFICIENT_SUPPORT
x002977	x002610	preferred	1000	0.000999000999	1	0	0	INSUFFICIENT_SUPPORT
x002977	x015056	preferred	1000	0.000999000999	1	0	0	INSUFFICIENT_SUPPORT
x002977	x017888	preferred	1000	0.000999000999	1	0	0	INSUFFICIENT_SUPPORT
x002977	x018502	preferred	1000	0.000999000999	1	0	0	INSUFFICIENT_SUPPORT
x002977	x018876	preferred	1000	0.000999000999	1	0	0	INSUFFICIENT_SUPPORT
x002977	x025392	preferred	1000	0.000999000999	1	0	0	INSUFFICIENT_SUPPORT
x002977	x034496	preferred	1000	0.000999000999	1	0	0	INSUFFICIENT_SUPPORT
x002977	x037860	preferred	1000	0.000999000999	1	0	0	INSUFFICIENT_SUPPORT
x002977	x037953	preferred	1000	0.000999000999	1	0	0	INSUFFICIENT_SUPPORT
x002977	x038538	preferred	1000	0.000999000999	1	0	0	INSUFFICIENT_SUPPORT
x002977	x040211	preferred	1000	0.000999000999	1	0	0	INSUFFICIENT_SUPPORT
x002977	x040633	preferred	1000	0.000999000999	1	0	0	INSUFFICIENT_SUPPORT
x002977	x042282	preferred	1000	0.000999000999	1	0	0	INSUFFICIENT_SUPPORT
x002978	x000104	depleted	1000	0.975024975	1	0	1	INSUFFICIENT_SUPPORT
x002978	x000105	preferred	1000	1	1	0	1	INSUFFICIENT_SUPPORT
x002978	x000106	preferred	1000	1	1	0	1	INSUFFICIENT_SUPPORT
x002978	x000107	depleted	1000	0.961038961	1	0	1	INSUFFICIENT_SUPPORT
x002978	x001634	preferred	1000	1	1	0	1	INSUFFICIENT_SUPPORT
x002978	x002104	preferred	1000	1	1	0	1	INSUFFICIENT_SUPPORT
x002978	x002105	preferred	1000	1	1	0	1	INSUFFICIENT_SUPPORT
x002978	x002336	preferred	1000	1	1	0	1	INSUFFICIENT_SUPPORT
x002978	x002337	preferred	1000	1	1	0	1	INSUFFICIENT_SUPPORT
x002978	x002339	preferred	1000	1	1	0	1	INSUFFICIENT_SUPPORT
x002978	x012816	preferred	1000	1	1	0	1	INSUFFICIENT_SUPPORT
x002978	x015056	preferred	1000	1	1	0	1	INSUFFICIENT_SUPPORT
x002978	x025396	depleted	1000	1	1	0	1	INSUFFICIENT_SUPPORT
x002978	x025547	preferred	1000	0.01998001998	1	1	1	INSUFFICIENT_SUPPORT
x002978	x025786	preferred	1000	1	1	0	1	INSUFFICIENT_SUPPORT
x002978	x034496	preferred	1000	1	1	0	1	INSUFFICIENT_SUPPORT
x002978	x037857	depleted	1000	0.9310689311	1	0	1	INSUFFICIENT_SUPPORT
x002978	x037858	depleted	1000	0.9110889111	1	0	1	INSUFFICIENT_SUPPORT
x002978	x037861	depleted	1000	0.967032967	1	0	1	INSUFFICIENT_SUPPORT
x002978	x038538	depleted	1000	0.972027972	1	0	1	INSUFFICIENT_SUPPORT
x002978	x038540	depleted	1000	1	1	0	1	INSUFFICIENT_SUPPORT
x002978	x042801	depleted	1000	0.952047952	1	0	1	INSUFFICIENT_SUPPORT
x002979	x000104	preferred	1000	0.01598401598	1	1	1	INSUFFICIENT_SUPPORT
x002979	x000105	depleted	1000	0.972027972	1	0	1	INSUFFICIENT_SUPPORT
x002979	x000106	preferred	1000	0.04895104895	1	1	1	INSUFFICIENT_SUPPORT
x002979	x000108	depleted	1000	1	1	0	1	INSUFFICIENT_SUPPORT
x002979	x000109	depleted	1000	0.953046953	1	0	1	INSUFFICIENT_SUPPORT
x002979	x002336	depleted	1000	1	1	0	1	INSUFFICIENT_SUPPORT
x002979	x018874	preferred	1000	0.01498501499	1	1	1	INSUFFICIENT_SUPPORT
x002979	x018877	preferred	1000	1	1	0	1	INSUFFICIENT_SUPPORT
x002979	x025393	depleted	1000	1	1	0	1	INSUFFICIENT_SUPPORT
x002979	x025394	depleted	1000	0.983016983	1	0	1	INSUFFICIENT_SUPPORT
x002979	x037858	depleted	1000	0.988011988	1	0	1	INSUFFICIENT_SUPPORT
x002979	x037860	depleted	1000	0.953046953	1	0	1	INSUFFICIENT_SUPPORT
x002979	x037862	depleted	1000	0.987012987	1	0	1	INSUFFICIENT_SUPPORT
x002979	x042107	preferred	1000	0.01598401598	1	1	1	INSUFFICIENT_SUPPORT
x002979	x042108	preferred	1000	1	1	0	1	INSUFFICIENT_SUPPORT
x002980	x000105	preferred	1000	0.000999000999	1	0	0	INSUFFICIENT_SUPPORT
x002980	x000108	preferred	1000	0.000999000999	1	0	0	INSUFFICIENT_SUPPORT
x002980	x002338	preferred	1000	0.000999000999	1	0	0	INSUFFICIENT_SUPPORT
x002980	x017692	preferred	1000	0.000999000999	1	0	0	INSUFFICIENT_SUPPORT
x002980	x024088	preferred	1000	0.000999000999	1	0	0	INSUFFICIENT_SUPPORT
x002980	x024802	preferred	1000	0.000999000999	1	0	0	INSUFFICIENT_SUPPORT
x002980	x024803	preferred	1000	0.000999000999	1	0	0	INSUFFICIENT_SUPPORT
x002980	x025394	preferred	1000	0.000999000999	1	0	0	INSUFFICIENT_SUPPORT
x002980	x040209	preferred	1000	0.000999000999	1	0	0	INSUFFICIENT_SUPPORT
x002980	x040635	preferred	1000	0.000999000999	1	0	0	INSUFFICIENT_SUPPORT
x002981	x000111	preferred	1000	0.000999000999	1	0	0	INSUFFICIENT_SUPPORT
x002981	x001088	preferred	1000	0.000999000999	1	0	0	INSUFFICIENT_SUPPORT
x002981	x001397	preferred	1000	0.000999000999	1	0	0	INSUFFICIENT_SUPPORT
x002981	x002608	preferred	1000	0.000999000999	1	0	0	INSUFFICIENT_SUPPORT
x002981	x025394	preferred	1000	0.000999000999	1	0	0	INSUFFICIENT_SUPPORT
x002981	x025395	preferred	1000	0.000999000999	1	0	0	INSUFFICIENT_SUPPORT
x002981	x040635	preferred	1000	0.000999000999	1	0	0	INSUFFICIENT_SUPPORT
x002982	x000108	preferred	1000	0.000999000999	1	0	0	INSUFFICIENT_SUPPORT
x002982	x018560	preferred	1000	0.000999000999	1	0	0	INSUFFICIENT_SUPPORT
x003192	x000104	preferred	1000	0.000999000999	1	0	0	INSUFFICIENT_SUPPORT
x003192	x000106	preferred	1000	0.000999000999	1	0	0	INSUFFICIENT_SUPPORT
x003192	x002337	preferred	1000	0.000999000999	1	0	0	INSUFFICIENT_SUPPORT
x003192	x002584	preferred	1000	0.000999000999	1	0	0	INSUFFICIENT_SUPPORT
x003192	x018874	preferred	1000	0.000999000999	1	0	0	INSUFFICIENT_SUPPORT
x003192	x023864	preferred	1000	0.000999000999	1	0	0	INSUFFICIENT_SUPPORT
x003192	x024243	preferred	1000	0.000999000999	1	0	0	INSUFFICIENT_SUPPORT
x003192	x025544	preferred	1000	0.000999000999	1	0	0	INSUFFICIENT_SUPPORT
x003192	x034498	preferred	1000	0.000999000999	1	0	0	INSUFFICIENT_SUPPORT
x003192	x038109	preferred	1000	0.000999000999	1	0	0	INSUFFICIENT_SUPPORT
x003192	x040220	preferred	1000	0.000999000999	1	0	0	INSUFFICIENT_SUPPORT
x003192	x041257	preferred	1000	0.000999000999	1	0	0	INSUFFICIENT_SUPPORT
x003193	x002339	preferred	1000	0.000999000999	1	0	0	INSUFFICIENT_SUPPORT
x003193	x018874	preferred	1000	0.000999000999	1	0	0	INSUFFICIENT_SUPPORT
x003193	x018875	preferred	1000	0.000999000999	1	0	0	INSUFFICIENT_SUPPORT
x003193	x040632	preferred	1000	0.000999000999	1	0	0	INSUFFICIENT_SUPPORT
x003194	x000109	preferred	1000	0.000999000999	1	0	0	INSUFFICIENT_SUPPORT
x003194	x002336	preferred	1000	0.000999000999	1	0	0	INSUFFICIENT_SUPPORT
x003194	x018873	preferred	1000	0.000999000999	1	0	0	INSUFFICIENT_SUPPORT
x003194	x037861	preferred	1000	0.000999000999	1	0	0	INSUFFICIENT_SUPPORT
x003194	x037955	preferred	1000	0.000999000999	1	0	0	INSUFFICIENT_SUPPORT
x003195	x000108	preferred	1000	0.000999000999	1	0	0	INSUFFICIENT_SUPPORT
x003195	x025531	preferred	1000	0.000999000999	1	0	0	INSUFFICIENT_SUPPORT
x003195	x025785	preferred	1000	0.000999000999	1	0	0	INSUFFICIENT_SUPPORT
x003195	x036658	preferred	1000	0.000999000999	1	0	0	INSUFFICIENT_SUPPORT
x003195	x037856	preferred	1000	0.000999000999	1	0	0	INSUFFICIENT_SUPPORT
x003195	x040635	preferred	1000	0.000999000999	1	0	0	INSUFFICIENT_SUPPORT
x003196	x002106	preferred	1000	0.000999000999	1	0	0	INSUFFICIENT_SUPPORT
x003196	x018874	preferred	1000	0.000999000999	1	0	0	INSUFFICIENT_SUPPORT
x003196	x024245	preferred	1000	0.000999000999	1	0	0	INSUFFICIENT_SUPPORT
x003196	x037857	preferred	1000	0.000999000999	1	0	0	INSUFFICIENT_SUPPORT
x003196	x038539	preferred	1000	0.000999000999	1	0	0	INSUFFICIENT_SUPPORT
x003197	x000106	preferred	1000	0.000999000999	1	0	0	INSUFFICIENT_SUPPORT
x003197	x034496	preferred	1000	0.000999000999	1	0	0	INSUFFICIENT_SUPPORT
x003197	x034675	preferred	1000	0.000999000999	1	0	0	INSUFFICIENT_SUPPORT
x003197	x037860	preferred	1000	0.000999000999	1	0	0	INSUFFICIENT_SUPPORT
x003197	x040212	preferred	1000	0.000999000999	1	0	0	INSUFFICIENT_SUPPORT
x004344	x001427	preferred	1000	0.000999000999	1	0	0	INSUFFICIENT_SUPPORT
x004344	x001431	preferred	1000	0.000999000999	1	0	0	INSUFFICIENT_SUPPORT
x004344	x002608	preferred	1000	0.000999000999	1	0	0	INSUFFICIENT_SUPPORT
x004344	x017410	preferred	1000	0.000999000999	1	0	0	INSUFFICIENT_SUPPORT
x004344	x017411	preferred	1000	0.000999000999	1	0	0	INSUFFICIENT_SUPPORT
x004344	x038538	preferred	1000	0.000999000999	1	0	0	INSUFFICIENT_SUPPORT
x004344	x041114	preferred	1000	0.000999000999	1	0	0	INSUFFICIENT_SUPPORT
x004344	x041656	preferred	1000	0.000999000999	1	0	0	INSUFFICIENT_SUPPORT
x004729	x001424	preferred	1000	0.000999000999	1	0	0	INSUFFICIENT_SUPPORT
x004729	x001426	preferred	1000	0.000999000999	1	0	0	INSUFFICIENT_SUPPORT
x004729	x001428	preferred	1000	0.000999000999	1	0	0	INSUFFICIENT_SUPPORT
x004729	x031617	preferred	1000	0.000999000999	1	0	0	INSUFFICIENT_SUPPORT
x004729	x037952	preferred	1000	0.000999000999	1	0	0	INSUFFICIENT_SUPPORT
x004729	x041114	preferred	1000	0.000999000999	1	0	0	INSUFFICIENT_SUPPORT
x004729	x041804	preferred	1000	0.000999000999	1	0	0	INSUFFICIENT_SUPPORT
x005072	x000105	preferred	1000	0.000999000999	1	0	0	INSUFFICIENT_SUPPORT
x005072	x001394	preferred	1000	0.000999000999	1	0	0	INSUFFICIENT_SUPPORT
x005072	x002108	preferred	1000	0.000999000999	1	0	0	INSUFFICIENT_SUPPORT
x005072	x002340	preferred	1000	0.000999000999	1	0	0	INSUFFICIENT_SUPPORT
x005072	x017409	preferred	1000	0.000999000999	1	0	0	INSUFFICIENT_SUPPORT
x005072	x017410	preferred	1000	0.000999000999	1	0	0	INSUFFICIENT_SUPPORT
x005072	x017413	preferred	1000	0.000999000999	1	0	0	INSUFFICIENT_SUPPORT
x005072	x017414	preferred	1000	0.000999000999	1	0	0	INSUFFICIENT_SUPPORT
x005072	x017890	preferred	1000	0.000999000999	1	0	0	INSUFFICIENT_SUPPORT
x005072	x018249	preferred	1000	0.000999000999	1	0	0	INSUFFICIENT_SUPPORT
x005072	x018496	preferred	1000	0.000999000999	1	0	0	INSUFFICIENT_SUPPORT
x005072	x018497	preferred	1000	0.000999000999	1	0	0	INSUFFICIENT_SUPPORT
x005072	x018498	preferred	1000	0.000999000999	1	0	0	INSUFFICIENT_SUPPORT
x005072	x018499	preferred	1000	0.000999000999	1	0	0	INSUFFICIENT_SUPPORT
x005072	x018501	preferred	1000	0.000999000999	1	0	0	INSUFFICIENT_SUPPORT
x005072	x018502	preferred	1000	0.000999000999	1	0	0	INSUFFICIENT_SUPPORT
x005072	x019939	preferred	1000	0.000999000999	1	0	0	INSUFFICIENT_SUPPORT
x005072	x020018	preferred	1000	0.000999000999	1	0	0	INSUFFICIENT_SUPPORT
x005072	x025394	preferred	1000	0.000999000999	1	0	0	INSUFFICIENT_SUPPORT
x005072	x025528	preferred	1000	0.000999000999	1	0	0	INSUFFICIENT_SUPPORT
x005072	x025761	preferred	1000	0.000999000999	1	0	0	INSUFFICIENT_SUPPORT
x005072	x033100	preferred	1000	0.000999000999	1	0	0	INSUFFICIENT_SUPPORT
x005072	x034498	preferred	1000	0.000999000999	1	0	0	INSUFFICIENT_SUPPORT
x005072	x037860	preferred	1000	0.000999000999	1	0	0	INSUFFICIENT_SUPPORT
x005072	x037955	preferred	1000	0.000999000999	1	0	0	INSUFFICIENT_SUPPORT
x005072	x038056	preferred	1000	0.000999000999	1	0	0	INSUFFICIENT_SUPPORT
x005072	x038058	preferred	1000	0.000999000999	1	0	0	INSUFFICIENT_SUPPORT
x005072	x038540	preferred	1000	0.000999000999	1	0	0	INSUFFICIENT_SUPPORT
x005072	x041115	preferred	1000	0.000999000999	1	0	0	INSUFFICIENT_SUPPORT
x005072	x041257	preferred	1000	0.000999000999	1	0	0	INSUFFICIENT_SUPPORT
x005072	x042800	preferred	1000	0.000999000999	1	0	0	INSUFFICIENT_SUPPORT
x005072	x042801	preferred	1000	0.000999000999	1	0	0	INSUFFICIENT_SUPPORT
x005072	x042803	preferred	1000	0.000999000999	1	0	0	INSUFFICIENT_SUPPORT
x005072	x042804	preferred	1000	0.000999000999	1	0	0	INSUFFICIENT_SUPPORT
x005072	x042806	preferred	1000	0.000999000999	1	0	0	INSUFFICIENT_SUPPORT
x005073	x002104	preferred	1000	0.000999000999	1	0	0	INSUFFICIENT_SUPPORT
x005073	x002337	preferred	1000	0.000999000999	1	0	0	INSUFFICIENT_SUPPORT
x005073	x014825	preferred	1000	0.000999000999	1	0	0	INSUFFICIENT_SUPPORT
x005073	x017409	preferred	1000	0.000999000999	1	0	0	INSUFFICIENT_SUPPORT
x005073	x017412	preferred	1000	0.000999000999	1	0	0	INSUFFICIENT_SUPPORT
x005073	x017413	preferred	1000	0.000999000999	1	0	0	INSUFFICIENT_SUPPORT
x005073	x017414	preferred	1000	0.000999000999	1	0	0	INSUFFICIENT_SUPPORT
x005073	x018496	preferred	1000	0.000999000999	1	0	0	INSUFFICIENT_SUPPORT
x005073	x018498	preferred	1000	0.000999000999	1	0	0	INSUFFICIENT_SUPPORT
x005073	x018500	preferred	1000	0.000999000999	1	0	0	INSUFFICIENT_SUPPORT
x005073	x018501	preferred	1000	0.000999000999	1	0	0	INSUFFICIENT_SUPPORT
x005073	x020016	preferred	1000	0.000999000999	1	0	0	INSUFFICIENT_SUPPORT
x005073	x020017	preferred	1000	0.000999000999	1	0	0	INSUFFICIENT_SUPPORT
x005073	x020018	preferred	1000	0.000999000999	1	0	0	INSUFFICIENT_SUPPORT
x005073	x020020	preferred	1000	0.000999000999	1	0	0	INSUFFICIENT_SUPPORT
x005073	x020021	preferred	1000	0.000999000999	1	0	0	INSUFFICIENT_SUPPORT
x005073	x025395	preferred	1000	0.000999000999	1	0	0	INSUFFICIENT_SUPPORT
x005073	x025528	preferred	1000	0.000999000999	1	0	0	INSUFFICIENT_SUPPORT
x005073	x025760	preferred	1000	0.000999000999	1	0	0	INSUFFICIENT_SUPPORT
x005073	x025762	preferred	1000	0.000999000999	1	0	0	INSUFFICIENT_SUPPORT
x005073	x037848	preferred	1000	0.000999000999	1	0	0	INSUFFICIENT_SUPPORT
x005073	x037857	preferred	1000	0.000999000999	1	0	0	INSUFFICIENT_SUPPORT
x005073	x037858	preferred	1000	0.000999000999	1	0	0	INSUFFICIENT_SUPPORT
x005073	x037861	preferred	1000	0.000999000999	1	0	0	INSUFFICIENT_SUPPORT
x005073	x037952	preferred	1000	0.000999000999	1	0	0	INSUFFICIENT_SUPPORT
x005073	x037954	preferred	1000	0.000999000999	1	0	0	INSUFFICIENT_SUPPORT
x005073	x037956	preferred	1000	0.000999000999	1	0	0	INSUFFICIENT_SUPPORT
x005073	x038536	preferred	1000	0.000999000999	1	0	0	INSUFFICIENT_SUPPORT
x005073	x041528	preferred	1000	0.000999000999	1	0	0	INSUFFICIENT_SUPPORT
x005073	x041532	preferred	1000	0.000999000999	1	0	0	INSUFFICIENT_SUPPORT
x005073	x041801	preferred	1000	0.000999000999	1	0	0	INSUFFICIENT_SUPPORT
x005073	x042803	preferred	1000	0.000999000999	1	0	0	INSUFFICIENT_SUPPORT
x005073	x042804	preferred	1000	0.000999000999	1	0	0	INSUFFICIENT_SUPPORT
x005074	x002104	preferred	1000	0.000999000999	1	0	0	INSUFFICIENT_SUPPORT
x005074	x002106	preferred	1000	0.000999000999	1	0	0	INSUFFICIENT_SUPPORT
x005074	x002339	preferred	1000	0.000999000999	1	0	0	INSUFFICIENT_SUPPORT
x005074	x002340	preferred	1000	0.000999000999	1	0	0	INSUFFICIENT_SUPPORT
x005074	x014824	preferred	1000	0.000999000999	1	0	0	INSUFFICIENT_SUPPORT
x005074	x017408	preferred	1000	0.000999000999	1	0	0	INSUFFICIENT_SUPPORT
x005074	x018496	preferred	1000	0.000999000999	1	0	0	INSUFFICIENT_SUPPORT
x005074	x018497	preferred	1000	0.000999000999	1	0	0	INSUFFICIENT_SUPPORT
x005074	x018498	preferred	1000	0.000999000999	1	0	0	INSUFFICIENT_SUPPORT
x005074	x018499	preferred	1000	0.000999000999	1	0	0	INSUFFICIENT_SUPPORT
x005074	x018500	preferred	1000	0.000999000999	1	0	0	INSUFFICIENT_SUPPORT
x005074	x018501	preferred	1000	0.000999000999	1	0	0	INSUFFICIENT_SUPPORT
x005074	x018560	preferred	1000	0.000999000999	1	0	0	INSUFFICIENT_SUPPORT
x005074	x018561	preferred	1000	0.000999000999	1	0	0	INSUFFICIENT_SUPPORT
x005074	x018563	preferred	1000	0.000999000999	1	0	0	INSUFFICIENT_SUPPORT
x005074	x018565	preferred	1000	0.000999000999	1	0	0	INSUFFICIENT_SUPPORT
x005074	x019940	preferred	1000	0.000999000999	1	0	0	INSUFFICIENT_SUPPORT
x005074	x020016	preferred	1000	0.000999000999	1	0	0	INSUFFICIENT_SUPPORT
x005074	x020019	preferred	1000	0.000999000999	1	0	0	INSUFFICIENT_SUPPORT
x005074	x025529	preferred	1000	0.000999000999	1	0	0	INSUFFICIENT_SUPPORT
x005074	x025762	preferred	1000	0.000999000999	1	0	0	INSUFFICIENT_SUPPORT
x005074	x037851	preferred	1000	0.000999000999	1	0	0	INSUFFICIENT_SUPPORT
x005074	x037856	preferred	1000	0.000999000999	1	0	0	INSUFFICIENT_SUPPORT
x005074	x037857	preferred	1000	0.000999000999	1	0	0	INSUFFICIENT_SUPPORT
x005074	x037858	preferred	1000	0.000999000999	1	0	0	INSUFFICIENT_SUPPORT
x005074	x037861	preferred	1000	0.000999000999	1	0	0	INSUFFICIENT_SUPPORT
x005074	x037952	preferred	1000	0.000999000999	1	0	0	INSUFFICIENT_SUPPORT
x005074	x037953	preferred	1000	0.000999000999	1	0	0	INSUFFICIENT_SUPPORT
x005074	x037954	preferred	1000	0.000999000999	1	0	0	INSUFFICIENT_SUPPORT
x005074	x041261	preferred	1000	0.000999000999	1	0	0	INSUFFICIENT_SUPPORT
x005074	x041800	preferred	1000	0.000999000999	1	0	0	INSUFFICIENT_SUPPORT
x005074	x042800	preferred	1000	0.000999000999	1	0	0	INSUFFICIENT_SUPPORT
x005075	x000105	preferred	1000	0.000999000999	1	0	0	INSUFFICIENT_SUPPORT
x005075	x000111	preferred	1000	0.000999000999	1	0	0	INSUFFICIENT_SUPPORT
x005075	x001088	preferred	1000	0.000999000999	1	0	0	INSUFFICIENT_SUPPORT
x005075	x002337	preferred	1000	0.000999000999	1	0	0	INSUFFICIENT_SUPPORT
x005075	x002338	preferred	1000	0.000999000999	1	0	0	INSUFFICIENT_SUPPORT
x005075	x018496	preferred	1000	0.000999000999	1	0	0	INSUFFICIENT_SUPPORT
x005075	x018497	preferred	1000	0.000999000999	1	0	0	INSUFFICIENT_SUPPORT
x005075	x018499	preferred	1000	0.000999000999	1	0	0	INSUFFICIENT_SUPPORT
x005075	x018501	preferred	1000	0.000999000999	1	0	0	INSUFFICIENT_SUPPORT
x005075	x018502	preferred	1000	0.000999000999	1	0	0	INSUFFICIENT_SUPPORT
x005075	x020020	preferred	1000	0.000999000999	1	0	0	INSUFFICIENT_SUPPORT
x005075	x024802	preferred	1000	0.000999000999	1	0	0	INSUFFICIENT_SUPPORT
x005075	x037850	preferred	1000	0.000999000999	1	0	0	INSUFFICIENT_SUPPORT
x005075	x037853	preferred	1000	0.000999000999	1	0	0	INSUFFICIENT_SUPPORT
x005075	x037856	preferred	1000	0.000999000999	1	0	0	INSUFFICIENT_SUPPORT
x005075	x037859	preferred	1000	0.000999000999	1	0	0	INSUFFICIENT_SUPPORT
x005075	x037913	preferred	1000	0.000999000999	1	0	0	INSUFFICIENT_SUPPORT
x005075	x037953	preferred	1000	0.000999000999	1	0	0	INSUFFICIENT_SUPPORT
x005075	x037954	preferred	1000	0.000999000999	1	0	0	INSUFFICIENT_SUPPORT
x005075	x038538	preferred	1000	0.000999000999	1	0	0	INSUFFICIENT_SUPPORT
x005075	x041118	preferred	1000	0.000999000999	1	0	0	INSUFFICIENT_SUPPORT
x005075	x041258	preferred	1000	0.000999000999	1	0	0	INSUFFICIENT_SUPPORT
x005075	x041529	preferred	1000	0.000999000999	1	0	0	INSUFFICIENT_SUPPORT
x005075	x041533	preferred	1000	0.000999000999	1	0	0	INSUFFICIENT_SUPPORT
x005075	x041657	preferred	1000	0.000999000999	1	0	0	INSUFFICIENT_SUPPORT
x005075	x042469	preferred	1000	0.000999000999	1	0	0	INSUFFICIENT_SUPPORT
x005075	x042818	preferred	1000	0.000999000999	1	0	0	INSUFFICIENT_SUPPORT
x005076	x000109	preferred	1000	0.000999000999	1	0	0	INSUFFICIENT_SUPPORT
x005076	x002336	preferred	1000	0.000999000999	1	0	0	INSUFFICIENT_SUPPORT
x005076	x002977	preferred	1000	0.000999000999	1	0	0	INSUFFICIENT_SUPPORT
x005076	x017409	preferred	1000	0.000999000999	1	0	0	INSUFFICIENT_SUPPORT
x005076	x017889	preferred	1000	0.000999000999	1	0	0	INSUFFICIENT_SUPPORT
x005076	x018496	preferred	1000	0.000999000999	1	0	0	INSUFFICIENT_SUPPORT
x005076	x018499	preferred	1000	0.000999000999	1	0	0	INSUFFICIENT_SUPPORT
x005076	x018500	preferred	1000	0.000999000999	1	0	0	INSUFFICIENT_SUPPORT
x005076	x018502	preferred	1000	0.000999000999	1	0	0	INSUFFICIENT_SUPPORT
x005076	x020017	preferred	1000	0.000999000999	1	0	0	INSUFFICIENT_SUPPORT
x005076	x024242	preferred	1000	0.000999000999	1	0	0	INSUFFICIENT_SUPPORT
x005076	x024243	preferred	1000	0.000999000999	1	0	0	INSUFFICIENT_SUPPORT
x005076	x024244	preferred	1000	0.000999000999	1	0	0	INSUFFICIENT_SUPPORT
x005076	x024664	preferred	1000	0.000999000999	1	0	0	INSUFFICIENT_SUPPORT
x005076	x024928	preferred	1000	0.000999000999	1	0	0	INSUFFICIENT_SUPPORT
x005076	x025008	preferred	1000	0.000999000999	1	0	0	INSUFFICIENT_SUPPORT
x005076	x037856	preferred	1000	0.000999000999	1	0	0	INSUFFICIENT_SUPPORT
x005076	x037857	preferred	1000	0.000999000999	1	0	0	INSUFFICIENT_SUPPORT
x005076	x037860	preferred	1000	0.000999000999	1	0	0	INSUFFICIENT_SUPPORT
x005076	x037984	preferred	1000	0.000999000999	1	0	0	INSUFFICIENT_SUPPORT
x005076	x040633	preferred	1000	0.000999000999	1	0	0	INSUFFICIENT_SUPPORT
x005076	x042802	preferred	1000	0.000999000999	1	0	0	INSUFFICIENT_SUPPORT
x005077	x014826	preferred	1000	0.000999000999	1	0	0	INSUFFICIENT_SUPPORT
x005077	x018499	preferred	1000	0.000999000999	1	0	0	INSUFFICIENT_SUPPORT
x005077	x018501	preferred	1000	0.000999000999	1	0	0	INSUFFICIENT_SUPPORT
x005077	x024200	preferred	1000	0.000999000999	1	0	0	INSUFFICIENT_SUPPORT
x005077	x024664	preferred	1000	0.000999000999	1	0	0	INSUFFICIENT_SUPPORT
x005077	x025530	preferred	1000	0.000999000999	1	0	0	INSUFFICIENT_SUPPORT
x005077	x037860	preferred	1000	0.000999000999	1	0	0	INSUFFICIENT_SUPPORT
x005077	x037861	preferred	1000	0.000999000999	1	0	0	INSUFFICIENT_SUPPORT
x005077	x037862	preferred	1000	0.000999000999	1	0	0	INSUFFICIENT_SUPPORT
x005077	x037955	preferred	1000	0.000999000999	1	0	0	INSUFFICIENT_SUPPORT
x005077	x037956	preferred	1000	0.000999000999	1	0	0	INSUFFICIENT_SUPPORT
x005077	x042105	preferred	1000	0.000999000999	1	0	0	INSUFFICIENT_SUPPORT
x005077	x042464	preferred	1000	0.000999000999	1	0	0	INSUFFICIENT_SUPPORT
x005077	x042800	preferred	1000	0.000999000999	1	0	0	INSUFFICIENT_SUPPORT
x005077	x042804	preferred	1000	0.000999000999	1	0	0	INSUFFICIENT_SUPPORT
x005077	x042805	preferred	1000	0.000999000999	1	0	0	INSUFFICIENT_SUPPORT
x005078	x001088	preferred	1000	0.000999000999	1	0	0	INSUFFICIENT_SUPPORT
x005078	x001393	preferred	1000	0.000999000999	1	0	0	INSUFFICIENT_SUPPORT
x005078	x015281	preferred	1000	0.000999000999	1	0	0	INSUFFICIENT_SUPPORT
x005078	x017674	preferred	1000	0.000999000999	1	0	0	INSUFFICIENT_SUPPORT
x005078	x017891	preferred	1000	0.000999000999	1	0	0	INSUFFICIENT_SUPPORT
x005078	x018496	preferred	1000	0.000999000999	1	0	0	INSUFFICIENT_SUPPORT
x005078	x018497	preferred	1000	0.000999000999	1	0	0	INSUFFICIENT_SUPPORT
x005078	x020016	preferred	1000	0.000999000999	1	0	0	INSUFFICIENT_SUPPORT
x005078	x024240	preferred	1000	0.000999000999	1	0	0	INSUFFICIENT_SUPPORT
x005078	x037856	preferred	1000	0.000999000999	1	0	0	INSUFFICIENT_SUPPORT
x005078	x037953	preferred	1000	0.000999000999	1	0	0	INSUFFICIENT_SUPPORT
x005104	x000104	preferred	1000	0.000999000999	1	0	0	INSUFFICIENT_SUPPORT
x005104	x000106	preferred	1000	0.000999000999	1	0	0	INSUFFICIENT_SUPPORT
x005104	x000111	preferred	1000	0.000999000999	1	0	0	INSUFFICIENT_SUPPORT
x005104	x009305	preferred	1000	0.000999000999	1	0	0	INSUFFICIENT_SUPPORT
x005104	x017833	preferred	1000	0.000999000999	1	0	0	INSUFFICIENT_SUPPORT
x005104	x017890	preferred	1000	0.000999000999	1	0	0	INSUFFICIENT_SUPPORT
x005104	x037856	preferred	1000	0.000999000999	1	0	0	INSUFFICIENT_SUPPORT
x005104	x037857	preferred	1000	0.000999000999	1	0	0	INSUFFICIENT_SUPPORT
x005104	x037858	preferred	1000	0.000999000999	1	0	0	INSUFFICIENT_SUPPORT
x005104	x037859	preferred	1000	0.000999000999	1	0	0	INSUFFICIENT_SUPPORT
x005104	x037860	preferred	1000	0.000999000999	1	0	0	INSUFFICIENT_SUPPORT
x005104	x037861	preferred	1000	0.000999000999	1	0	0	INSUFFICIENT_SUPPORT
x005104	x037862	preferred	1000	0.000999000999	1	0	0	INSUFFICIENT_SUPPORT
x005104	x042816	preferred	1000	0.000999000999	1	0	0	INSUFFICIENT_SUPPORT
x005105	x000104	preferred	1000	0.000999000999	1	0	0	INSUFFICIENT_SUPPORT
x005105	x000106	preferred	1000	0.000999000999	1	0	0	INSUFFICIENT_SUPPORT
x005105	x000107	preferred	1000	0.000999000999	1	0	0	INSUFFICIENT_SUPPORT
x005105	x017672	preferred	1000	0.000999000999	1	0	0	INSUFFICIENT_SUPPORT
x005105	x017832	preferred	1000	0.000999000999	1	0	0	INSUFFICIENT_SUPPORT
x005105	x017892	preferred	1000	0.000999000999	1	0	0	INSUFFICIENT_SUPPORT
x005105	x024072	preferred	1000	0.000999000999	1	0	0	INSUFFICIENT_SUPPORT
x005105	x024242	preferred	1000	0.000999000999	1	0	0	INSUFFICIENT_SUPPORT
x005105	x024803	preferred	1000	0.000999000999	1	0	0	INSUFFICIENT_SUPPORT
x005105	x037856	preferred	1000	0.000999000999	1	0	0	INSUFFICIENT_SUPPORT
x005105	x037857	preferred	1000	0.000999000999	1	0	0	INSUFFICIENT_SUPPORT
x005105	x037858	preferred	1000	0.000999000999	1	0	0	INSUFFICIENT_SUPPORT
x005105	x037859	preferred	1000	0.000999000999	1	0	0	INSUFFICIENT_SUPPORT
x005105	x037860	preferred	1000	0.000999000999	1	0	0	INSUFFICIENT_SUPPORT
x005105	x037862	preferred	1000	0.000999000999	1	0	0	INSUFFICIENT_SUPPORT
x005105	x041656	preferred	1000	0.000999000999	1	0	0	INSUFFICIENT_SUPPORT
x005106	x000108	preferred	1000	0.000999000999	1	0	0	INSUFFICIENT_SUPPORT
x005106	x001393	preferred	1000	0.000999000999	1	0	0	INSUFFICIENT_SUPPORT
x005106	x001394	preferred	1000	0.000999000999	1	0	0	INSUFFICIENT_SUPPORT
x005106	x017892	preferred	1000	0.000999000999	1	0	0	INSUFFICIENT_SUPPORT
x005106	x024240	preferred	1000	0.000999000999	1	0	0	INSUFFICIENT_SUPPORT
x005106	x037856	preferred	1000	0.000999000999	1	0	0	INSUFFICIENT_SUPPORT
x005106	x037857	preferred	1000	0.000999000999	1	0	0	INSUFFICIENT_SUPPORT
x005106	x037860	preferred	1000	0.000999000999	1	0	0	INSUFFICIENT_SUPPORT
x005106	x037862	preferred	1000	0.000999000999	1	0	0	INSUFFICIENT_SUPPORT
x005106	x038105	preferred	1000	0.000999000999	1	0	0	INSUFFICIENT_SUPPORT
x005106	x038107	preferred	1000	0.000999000999	1	0	0	INSUFFICIENT_SUPPORT
x005107	x000106	preferred	1000	0.000999000999	1	0	0	INSUFFICIENT_SUPPORT
x005107	x024241	preferred	1000	0.000999000999	1	0	0	INSUFFICIENT_SUPPORT
x005107	x024737	preferred	1000	0.000999000999	1	0	0	INSUFFICIENT_SUPPORT
x005107	x024739	preferred	1000	0.000999000999	1	0	0	INSUFFICIENT_SUPPORT
x005107	x037856	preferred	1000	0.000999000999	1	0	0	INSUFFICIENT_SUPPORT
x005107	x037857	preferred	1000	0.000999000999	1	0	0	INSUFFICIENT_SUPPORT
x005107	x037859	preferred	1000	0.000999000999	1	0	0	INSUFFICIENT_SUPPORT
x005107	x038104	preferred	1000	0.000999000999	1	0	0	INSUFFICIENT_SUPPORT
x005107	x041658	preferred	1000	0.000999000999	1	0	0	INSUFFICIENT_SUPPORT
x005108	x000104	preferred	1000	0.000999000999	1	0	0	INSUFFICIENT_SUPPORT
x005108	x025761	preferred	1000	0.000999000999	1	0	0	INSUFFICIENT_SUPPORT
x005108	x025763	preferred	1000	0.000999000999	1	0	0	INSUFFICIENT_SUPPORT
x005108	x034496	preferred	1000	0.000999000999	1	0	0	INSUFFICIENT_SUPPORT
x005108	x037857	preferred	1000	0.000999000999	1	0	0	INSUFFICIENT_SUPPORT
x005108	x037858	preferred	1000	0.000999000999	1	0	0	INSUFFICIENT_SUPPORT
x005108	x037860	preferred	1000	0.000999000999	1	0	0	INSUFFICIENT_SUPPORT
x005108	x037863	preferred	1000	0.000999000999	1	0	0	INSUFFICIENT_SUPPORT
x005108	x038109	preferred	1000	0.000999000999	1	0	0	INSUFFICIENT_SUPPORT
x005108	x041658	preferred	1000	0.000999000999	1	0	0	INSUFFICIENT_SUPPORT
x005109	x000109	preferred	1000	0.000999000999	1	0	0	INSUFFICIENT_SUPPORT
x005109	x001090	preferred	1000	0.000999000999	1	0	0	INSUFFICIENT_SUPPORT
x005109	x037857	preferred	1000	0.000999000999	1	0	0	INSUFFICIENT_SUPPORT
x005109	x037859	preferred	1000	0.000999000999	1	0	0	INSUFFICIENT_SUPPORT
x005109	x037860	preferred	1000	0.000999000999	1	0	0	INSUFFICIENT_SUPPORT
x005109	x037861	preferred	1000	0.000999000999	1	0	0	INSUFFICIENT_SUPPORT
x005109	x037862	preferred	1000	0.000999000999	1	0	0	INSUFFICIENT_SUPPORT
x005109	x041656	preferred	1000	0.000999000999	1	0	0	INSUFFICIENT_SUPPORT
x005109	x041659	preferred	1000	0.000999000999	1	0	0	INSUFFICIENT_SUPPORT
x005110	x000104	preferred	1000	0.000999000999	1	0	0	INSUFFICIENT_SUPPORT
x005110	x000105	preferred	1000	0.000999000999	1	0	0	INSUFFICIENT_SUPPORT
x005110	x001392	preferred	1000	0.000999000999	1	0	0	INSUFFICIENT_SUPPORT
x005110	x037857	preferred	1000	0.000999000999	1	0	0	INSUFFICIENT_SUPPORT
x005110	x037858	preferred	1000	0.000999000999	1	0	0	INSUFFICIENT_SUPPORT
x005110	x037862	preferred	1000	0.000999000999	1	0	0	INSUFFICIENT_SUPPORT
x005110	x038108	preferred	1000	0.000999000999	1	0	0	INSUFFICIENT_SUPPORT
x005232	x001424	preferred	1000	0.000999000999	1	0	0	INSUFFICIENT_SUPPORT
x005232	x002609	preferred	1000	0.000999000999	1	0	0	INSUFFICIENT_SUPPORT
x005232	x015281	preferred	1000	0.000999000999	1	0	0	INSUFFICIENT_SUPPORT
x005232	x018872	preferred	1000	0.000999000999	1	0	0	INSUFFICIENT_SUPPORT
x005232	x038536	preferred	1000	0.000999000999	1	0	0	INSUFFICIENT_SUPPORT
x005232	x038538	preferred	1000	0.000999000999	1	0	0	INSUFFICIENT_SUPPORT
x005232	x040208	preferred	1000	0.000999000999	1	0	0	INSUFFICIENT_SUPPORT
x005232	x040212	preferred	1000	0.000999000999	1	0	0	INSUFFICIENT_SUPPORT
x005232	x041530	preferred	1000	0.000999000999	1	0	0	INSUFFICIENT_SUPPORT
x005234	x000109	preferred	1000	0.000999000999	1	0	0	INSUFFICIENT_SUPPORT
x005234	x002109	preferred	1000	0.000999000999	1	0	0	INSUFFICIENT_SUPPORT
x005234	x002336	preferred	1000	0.000999000999	1	0	0	INSUFFICIENT_SUPPORT
x005234	x002584	preferred	1000	0.000999000999	1	0	0	INSUFFICIENT_SUPPORT
x005234	x017408	preferred	1000	0.000999000999	1	0	0	INSUFFICIENT_SUPPORT
x005234	x019714	preferred	1000	0.000999000999	1	0	0	INSUFFICIENT_SUPPORT
x005234	x038536	preferred	1000	0.000999000999	1	0	0	INSUFFICIENT_SUPPORT
x005234	x038538	preferred	1000	0.000999000999	1	0	0	INSUFFICIENT_SUPPORT
x005234	x040208	preferred	1000	0.000999000999	1	0	0	INSUFFICIENT_SUPPORT
x005234	x040217	preferred	1000	0.000999000999	1	0	0	INSUFFICIENT_SUPPORT
x005235	x011180	preferred	1000	0.000999000999	1	0	0	INSUFFICIENT_SUPPORT
x005235	x017413	preferred	1000	0.000999000999	1	0	0	INSUFFICIENT_SUPPORT
x005235	x018501	preferred	1000	0.000999000999	1	0	0	INSUFFICIENT_SUPPORT
x005235	x025785	preferred	1000	0.000999000999	1	0	0	INSUFFICIENT_SUPPORT
x005235	x037856	preferred	1000	0.000999000999	1	0	0	INSUFFICIENT_SUPPORT
x005235	x038539	preferred	1000	0.000999000999	1	0	0	INSUFFICIENT_SUPPORT
x005235	x038540	preferred	1000	0.000999000999	1	0	0	INSUFFICIENT_SUPPORT
x005235	x038541	preferred	1000	0.000999000999	1	0	0	INSUFFICIENT_SUPPORT
x005235	x038542	preferred	1000	0.000999000999	1	0	0	INSUFFICIENT_SUPPORT
x005248	x002979	preferred	1000	0.000999000999	1	0	0	INSUFFICIENT_SUPPORT
x005248	x002980	preferred	1000	0.000999000999	1	0	0	INSUFFICIENT_SUPPORT
x005248	x007097	preferred	1000	0.000999000999	1	0	0	INSUFFICIENT_SUPPORT
x005248	x018499	preferred	1000	0.000999000999	1	0	0	INSUFFICIENT_SUPPORT
x005248	x025553	preferred	1000	0.000999000999	1	0	0	INSUFFICIENT_SUPPORT
x005248	x032441	preferred	1000	0.000999000999	1	0	0	INSUFFICIENT_SUPPORT
x005248	x033098	preferred	1000	0.000999000999	1	0	0	INSUFFICIENT_SUPPORT
x005248	x037265	preferred	1000	0.000999000999	1	0	0	INSUFFICIENT_SUPPORT
x005249	x000106	preferred	1000	0.000999000999	1	0	0	INSUFFICIENT_SUPPORT
x005249	x010938	preferred	1000	0.000999000999	1	0	0	INSUFFICIENT_SUPPORT
x005249	x018562	preferred	1000	0.000999000999	1	0	0	INSUFFICIENT_SUPPORT
x005249	x025552	preferred	1000	0.000999000999	1	0	0	INSUFFICIENT_SUPPORT
x005249	x029027	preferred	1000	0.000999000999	1	0	0	INSUFFICIENT_SUPPORT
x005249	x032440	preferred	1000	0.000999000999	1	0	0	INSUFFICIENT_SUPPORT
x005249	x032442	preferred	1000	0.000999000999	1	0	0	INSUFFICIENT_SUPPORT
x005249	x032443	preferred	1000	0.000999000999	1	0	0	INSUFFICIENT_SUPPORT
x005250	x002977	preferred	1000	0.000999000999	1	0	0	INSUFFICIENT_SUPPORT
x005250	x002981	preferred	1000	0.000999000999	1	0	0	INSUFFICIENT_SUPPORT
x005250	x010937	preferred	1000	0.000999000999	1	0	0	INSUFFICIENT_SUPPORT
x005250	x014826	preferred	1000	0.000999000999	1	0	0	INSUFFICIENT_SUPPORT
x005250	x016186	preferred	1000	0.000999000999	1	0	0	INSUFFICIENT_SUPPORT
x005250	x018501	preferred	1000	0.000999000999	1	0	0	INSUFFICIENT_SUPPORT
x005250	x032440	preferred	1000	0.000999000999	1	0	0	INSUFFICIENT_SUPPORT
x005250	x041256	preferred	1000	0.000999000999	1	0	0	INSUFFICIENT_SUPPORT
x005252	x015801	preferred	1000	0.000999000999	1	0	0	INSUFFICIENT_SUPPORT
x005252	x020017	preferred	1000	0.000999000999	1	0	0	INSUFFICIENT_SUPPORT
x005252	x025552	preferred	1000	0.000999000999	1	0	0	INSUFFICIENT_SUPPORT
x005252	x032441	preferred	1000	0.000999000999	1	0	0	INSUFFICIENT_SUPPORT
x005552	x002109	preferred	1000	0.000999000999	1	0	0	INSUFFICIENT_SUPPORT
x005552	x012816	preferred	1000	0.000999000999	1	0	0	INSUFFICIENT_SUPPORT
x005552	x018498	preferred	1000	0.000999000999	1	0	0	INSUFFICIENT_SUPPORT
x005552	x020016	preferred	1000	0.000999000999	1	0	0	INSUFFICIENT_SUPPORT
x005552	x034496	preferred	1000	0.000999000999	1	0	0	INSUFFICIENT_SUPPORT
x005552	x037955	preferred	1000	0.000999000999	1	0	0	INSUFFICIENT_SUPPORT
x005553	x015281	preferred	1000	0.000999000999	1	0	0	INSUFFICIENT_SUPPORT
x005553	x018500	preferred	1000	0.000999000999	1	0	0	INSUFFICIENT_SUPPORT
x005553	x019938	preferred	1000	0.000999000999	1	0	0	INSUFFICIENT_SUPPORT
x005553	x020017	preferred	1000	0.000999000999	1	0	0	INSUFFICIENT_SUPPORT
x005553	x020018	preferred	1000	0.000999000999	1	0	0	INSUFFICIENT_SUPPORT
x005553	x025785	preferred	1000	0.000999000999	1	0	0	INSUFFICIENT_SUPPORT
x005553	x031704	preferred	1000	0.000999000999	1	0	0	INSUFFICIENT_SUPPORT
x005553	x041441	preferred	1000	0.000999000999	1	0	0	INSUFFICIENT_SUPPORT
x007096	x001424	preferred	1000	0.000999000999	1	0	0	INSUFFICIENT_SUPPORT
x007096	x018498	preferred	1000	0.000999000999	1	0	0	INSUFFICIENT_SUPPORT
x007096	x019713	preferred	1000	0.000999000999	1	0	0	INSUFFICIENT_SUPPORT
x007096	x025785	preferred	1000	0.000999000999	1	0	0	INSUFFICIENT_SUPPORT
x007096	x038536	preferred	1000	0.000999000999	1	0	0	INSUFFICIENT_SUPPORT
x007096	x038539	preferred	1000	0.000999000999	1	0	0	INSUFFICIENT_SUPPORT
x007096	x038541	preferred	1000	0.000999000999	1	0	0	INSUFFICIENT_SUPPORT
x007096	x040218	preferred	1000	0.000999000999	1	0	0	INSUFFICIENT_SUPPORT
x007096	x042804	preferred	1000	0.000999000999	1	0	0	INSUFFICIENT_SUPPORT
x007097	x002608	preferred	1000	0.000999000999	1	0	0	INSUFFICIENT_SUPPORT
x007097	x011176	preferred	1000	0.000999000999	1	0	0	INSUFFICIENT_SUPPORT
x007097	x014828	preferred	1000	0.000999000999	1	0	0	INSUFFICIENT_SUPPORT
x007097	x017690	preferred	1000	0.000999000999	1	0	0	INSUFFICIENT_SUPPORT
x007097	x018497	preferred	1000	0.000999000999	1	0	0	INSUFFICIENT_SUPPORT
x007097	x018873	preferred	1000	0.000999000999	1	0	0	INSUFFICIENT_SUPPORT
x007097	x018877	preferred	1000	0.000999000999	1	0	0	INSUFFICIENT_SUPPORT
x007097	x033097	preferred	1000	0.000999000999	1	0	0	INSUFFICIENT_SUPPORT
x007097	x038537	preferred	1000	0.000999000999	1	0	0	INSUFFICIENT_SUPPORT
x007097	x038540	preferred	1000	0.000999000999	1	0	0	INSUFFICIENT_SUPPORT
x007097	x041532	preferred	1000	0.000999000999	1	0	0	INSUFFICIENT_SUPPORT
x007097	x042104	preferred	1000	0.000999000999	1	0	0	INSUFFICIENT_SUPPORT
x007097	x042109	preferred	1000	0.000999000999	1	0	0	INSUFFICIENT_SUPPORT
x007098	x002608	preferred	1000	0.000999000999	1	0	0	INSUFFICIENT_SUPPORT
x007098	x011176	preferred	1000	0.000999000999	1	0	0	INSUFFICIENT_SUPPORT
x007098	x017410	preferred	1000	0.000999000999	1	0	0	INSUFFICIENT_SUPPORT
x007098	x018875	preferred	1000	0.000999000999	1	0	0	INSUFFICIENT_SUPPORT
x007098	x025008	preferred	1000	0.000999000999	1	0	0	INSUFFICIENT_SUPPORT
x007098	x038537	preferred	1000	0.000999000999	1	0	0	INSUFFICIENT_SUPPORT
x007098	x038539	preferred	1000	0.000999000999	1	0	0	INSUFFICIENT_SUPPORT
x007098	x040210	preferred	1000	0.000999000999	1	0	0	INSUFFICIENT_SUPPORT
x007098	x040217	preferred	1000	0.000999000999	1	0	0	INSUFFICIENT_SUPPORT
x008312	x002976	preferred	1000	0.000999000999	1	0	0	INSUFFICIENT_SUPPORT
x008312	x002979	preferred	1000	0.000999000999	1	0	0	INSUFFICIENT_SUPPORT
x008312	x017381	preferred	1000	0.000999000999	1	0	0	INSUFFICIENT_SUPPORT
x008312	x017413	preferred	1000	0.000999000999	1	0	0	INSUFFICIENT_SUPPORT
x008312	x018502	preferred	1000	0.000999000999	1	0	0	INSUFFICIENT_SUPPORT
x008312	x020023	preferred	1000	0.000999000999	1	0	0	INSUFFICIENT_SUPPORT
x008312	x024928	preferred	1000	0.000999000999	1	0	0	INSUFFICIENT_SUPPORT
x008312	x024929	preferred	1000	0.000999000999	1	0	0	INSUFFICIENT_SUPPORT
x008312	x024930	preferred	1000	0.000999000999	1	0	0	INSUFFICIENT_SUPPORT
x008312	x024931	preferred	1000	0.000999000999	1	0	0	INSUFFICIENT_SUPPORT
x008312	x024932	preferred	1000	0.000999000999	1	0	0	INSUFFICIENT_SUPPORT
x008312	x024933	preferred	1000	0.000999000999	1	0	0	INSUFFICIENT_SUPPORT
x008312	x032442	preferred	1000	0.000999000999	1	0	0	INSUFFICIENT_SUPPORT
x008312	x037954	preferred	1000	0.000999000999	1	0	0	INSUFFICIENT_SUPPORT
x008312	x041258	preferred	1000	0.000999000999	1	0	0	INSUFFICIENT_SUPPORT
x008312	x041260	preferred	1000	0.000999000999	1	0	0	INSUFFICIENT_SUPPORT
x008312	x042802	preferred	1000	0.000999000999	1	0	0	INSUFFICIENT_SUPPORT
x008313	x002980	preferred	1000	0.000999000999	1	0	0	INSUFFICIENT_SUPPORT
x008313	x017377	preferred	1000	0.000999000999	1	0	0	INSUFFICIENT_SUPPORT
x008313	x024928	preferred	1000	0.000999000999	1	0	0	INSUFFICIENT_SUPPORT
x008313	x024930	preferred	1000	0.000999000999	1	0	0	INSUFFICIENT_SUPPORT
x008313	x024931	preferred	1000	0.000999000999	1	0	0	INSUFFICIENT_SUPPORT
x008313	x024932	preferred	1000	0.000999000999	1	0	0	INSUFFICIENT_SUPPORT
x008313	x032441	preferred	1000	0.000999000999	1	0	0	INSUFFICIENT_SUPPORT
x008313	x032442	preferred	1000	0.000999000999	1	0	0	INSUFFICIENT_SUPPORT
x008313	x032443	preferred	1000	0.000999000999	1	0	0	INSUFFICIENT_SUPPORT
x008313	x042802	preferred	1000	0.000999000999	1	0	0	INSUFFICIENT_SUPPORT
x008314	x017376	preferred	1000	0.000999000999	1	0	0	INSUFFICIENT_SUPPORT
x008314	x017379	preferred	1000	0.000999000999	1	0	0	INSUFFICIENT_SUPPORT
x008314	x017380	preferred	1000	0.000999000999	1	0	0	INSUFFICIENT_SUPPORT
x008314	x017408	preferred	1000	0.000999000999	1	0	0	INSUFFICIENT_SUPPORT
x008314	x024800	preferred	1000	0.000999000999	1	0	0	INSUFFICIENT_SUPPORT
x008314	x024928	preferred	1000	0.000999000999	1	0	0	INSUFFICIENT_SUPPORT
x008314	x024930	preferred	1000	0.000999000999	1	0	0	INSUFFICIENT_SUPPORT
x008314	x024931	preferred	1000	0.000999000999	1	0	0	INSUFFICIENT_SUPPORT
x008314	x024933	preferred	1000	0.000999000999	1	0	0	INSUFFICIENT_SUPPORT
x008314	x025552	preferred	1000	0.000999000999	1	0	0	INSUFFICIENT_SUPPORT
x008315	x018501	preferred	1000	0.000999000999	1	0	0	INSUFFICIENT_SUPPORT
x008315	x024667	preferred	1000	0.000999000999	1	0	0	INSUFFICIENT_SUPPORT
x008315	x024930	preferred	1000	0.000999000999	1	0	0	INSUFFICIENT_SUPPORT
x008315	x024932	preferred	1000	0.000999000999	1	0	0	INSUFFICIENT_SUPPORT
x008315	x024933	preferred	1000	0.000999000999	1	0	0	INSUFFICIENT_SUPPORT
x008315	x025552	preferred	1000	0.000999000999	1	0	0	INSUFFICIENT_SUPPORT
x008315	x032442	preferred	1000	0.000999000999	1	0	0	INSUFFICIENT_SUPPORT
x008316	x002979	preferred	1000	0.000999000999	1	0	0	INSUFFICIENT_SUPPORT
x008316	x010937	preferred	1000	0.000999000999	1	0	0	INSUFFICIENT_SUPPORT
x008316	x017376	preferred	1000	0.000999000999	1	0	0	INSUFFICIENT_SUPPORT
x008316	x017380	preferred	1000	0.000999000999	1	0	0	INSUFFICIENT_SUPPORT
x008316	x017412	preferred	1000	0.000999000999	1	0	0	INSUFFICIENT_SUPPORT
x008316	x018498	preferred	1000	0.000999000999	1	0	0	INSUFFICIENT_SUPPORT
x008316	x018499	preferred	1000	0.000999000999	1	0	0	INSUFFICIENT_SUPPORT
x008316	x024928	preferred	1000	0.000999000999	1	0	0	INSUFFICIENT_SUPPORT
x008316	x024930	preferred	1000	0.000999000999	1	0	0	INSUFFICIENT_SUPPORT
x008316	x024931	preferred	1000	0.000999000999	1	0	0	INSUFFICIENT_SUPPORT
x008316	x032441	preferred	1000	0.000999000999	1	0	0	INSUFFICIENT_SUPPORT
x008316	x042805	preferred	1000	0.000999000999	1	0	0	INSUFFICIENT_SUPPORT
x008318	x002976	preferred	1000	0.000999000999	1	0	0	INSUFFICIENT_SUPPORT
x008318	x002977	preferred	1000	0.000999000999	1	0	0	INSUFFICIENT_SUPPORT
x008318	x024929	preferred	1000	0.000999000999	1	0	0	INSUFFICIENT_SUPPORT
x008318	x024931	preferred	1000	0.000999000999	1	0	0	INSUFFICIENT_SUPPORT
x008318	x025012	preferred	1000	0.000999000999	1	0	0	INSUFFICIENT_SUPPORT
x008318	x025554	preferred	1000	0.000999000999	1	0	0	INSUFFICIENT_SUPPORT
x008318	x032442	preferred	1000	0.000999000999	1	0	0	INSUFFICIENT_SUPPORT
x008318	x038058	preferred	1000	0.000999000999	1	0	0	INSUFFICIENT_SUPPORT
x009304	x002336	preferred	1000	0.000999000999	1	0	0	INSUFFICIENT_SUPPORT
x009304	x017408	preferred	1000	0.000999000999	1	0	0	INSUFFICIENT_SUPPORT
x009304	x017412	preferred	1000	0.000999000999	1	0	0	INSUFFICIENT_SUPPORT
x009304	x018496	preferred	1000	0.000999000999	1	0	0	INSUFFICIENT_SUPPORT
x009304	x018499	preferred	1000	0.000999000999	1	0	0	INSUFFICIENT_SUPPORT
x009304	x020022	preferred	1000	0.000999000999	1	0	0	INSUFFICIENT_SUPPORT
x009304	x025763	preferred	1000	0.000999000999	1	0	0	INSUFFICIENT_SUPPORT
x009304	x031709	preferred	1000	0.000999000999	1	0	0	INSUFFICIENT_SUPPORT
x009304	x041115	preferred	1000	0.000999000999	1	0	0	INSUFFICIENT_SUPPORT
x009305	x001424	preferred	1000	0.000999000999	1	0	0	INSUFFICIENT_SUPPORT
x009305	x017411	preferred	1000	0.000999000999	1	0	0	INSUFFICIENT_SUPPORT
x009305	x018496	preferred	1000	0.000999000999	1	0	0	INSUFFICIENT_SUPPORT
x009305	x018500	preferred	1000	0.000999000999	1	0	0	INSUFFICIENT_SUPPORT
x009305	x018876	preferred	1000	0.000999000999	1	0	0	INSUFFICIENT_SUPPORT
x009305	x024072	preferred	1000	0.000999000999	1	0	0	INSUFFICIENT_SUPPORT
x009305	x037850	preferred	1000	0.000999000999	1	0	0	INSUFFICIENT_SUPPORT
x009305	x037952	preferred	1000	0.000999000999	1	0	0	INSUFFICIENT_SUPPORT
x009305	x038537	preferred	1000	0.000999000999	1	0	0	INSUFFICIENT_SUPPORT
x009305	x038538	preferred	1000	0.000999000999	1	0	0	INSUFFICIENT_SUPPORT
x010280	x000106	preferred	1000	0.000999000999	1	0	0	INSUFFICIENT_SUPPORT
x010280	x020017	preferred	1000	0.000999000999	1	0	0	INSUFFICIENT_SUPPORT
x010280	x020633	preferred	1000	0.000999000999	1	0	0	INSUFFICIENT_SUPPORT
x010280	x024929	preferred	1000	0.000999000999	1	0	0	INSUFFICIENT_SUPPORT
x010280	x024930	preferred	1000	0.000999000999	1	0	0	INSUFFICIENT_SUPPORT
x010280	x024932	preferred	1000	0.000999000999	1	0	0	INSUFFICIENT_SUPPORT
x010280	x024933	preferred	1000	0.000999000999	1	0	0	INSUFFICIENT_SUPPORT
x010280	x034496	preferred	1000	0.000999000999	1	0	0	INSUFFICIENT_SUPPORT
x010280	x042804	preferred	1000	0.000999000999	1	0	0	INSUFFICIENT_SUPPORT
x010936	x000107	preferred	1000	0.000999000999	1	0	0	INSUFFICIENT_SUPPORT
x010936	x018502	preferred	1000	0.000999000999	1	0	0	INSUFFICIENT_SUPPORT
x010936	x024089	preferred	1000	0.000999000999	1	0	0	INSUFFICIENT_SUPPORT
x010936	x024928	preferred	1000	0.000999000999	1	0	0	INSUFFICIENT_SUPPORT
x010936	x031705	preferred	1000	0.000999000999	1	0	0	INSUFFICIENT_SUPPORT
x010936	x037858	preferred	1000	0.000999000999	1	0	0	INSUFFICIENT_SUPPORT
x010936	x037913	preferred	1000	0.000999000999	1	0	0	INSUFFICIENT_SUPPORT
x010936	x037914	preferred	1000	0.000999000999	1	0	0	INSUFFICIENT_SUPPORT
x010936	x041113	preferred	1000	0.000999000999	1	0	0	INSUFFICIENT_SUPPORT
x010936	x041441	preferred	1000	0.000999000999	1	0	0	INSUFFICIENT_SUPPORT
x010936	x042801	preferred	1000	0.000999000999	1	0	0	INSUFFICIENT_SUPPORT
x010936	x042802	preferred	1000	0.000999000999	1	0	0	INSUFFICIENT_SUPPORT
x010936	x042803	preferred	1000	0.000999000999	1	0	0	INSUFFICIENT_SUPPORT
x010936	x042807	preferred	1000	0.000999000999	1	0	0	INSUFFICIENT_SUPPORT
x010937	x001088	preferred	1000	0.000999000999	1	0	0	INSUFFICIENT_SUPPORT
x010937	x001089	preferred	1000	0.000999000999	1	0	0	INSUFFICIENT_SUPPORT
x010937	x001424	preferred	1000	0.000999000999	1	0	0	INSUFFICIENT_SUPPORT
x010937	x005072	preferred	1000	0.000999000999	1	0	0	INSUFFICIENT_SUPPORT
x010937	x017414	preferred	1000	0.000999000999	1	0	0	INSUFFICIENT_SUPPORT
x010937	x020020	preferred	1000	0.000999000999	1	0	0	INSUFFICIENT_SUPPORT
x010937	x020328	preferred	1000	0.000999000999	1	0	0	INSUFFICIENT_SUPPORT
x010937	x024240	preferred	1000	0.000999000999	1	0	0	INSUFFICIENT_SUPPORT
x010937	x024245	preferred	1000	0.000999000999	1	0	0	INSUFFICIENT_SUPPORT
x010937	x025008	preferred	1000	0.000999000999	1	0	0	INSUFFICIENT_SUPPORT
x010937	x037856	preferred	1000	0.000999000999	1	0	0	INSUFFICIENT_SUPPORT
x010937	x038539	preferred	1000	0.000999000999	1	0	0	INSUFFICIENT_SUPPORT
x010937	x041532	preferred	1000	0.000999000999	1	0	0	INSUFFICIENT_SUPPORT
x010937	x042800	preferred	1000	0.000999000999	1	0	0	INSUFFICIENT_SUPPORT
x010937	x042802	preferred	1000	0.000999000999	1	0	0	INSUFFICIENT_SUPPORT
x010937	x042803	preferred	1000	0.000999000999	1	0	0	INSUFFICIENT_SUPPORT
x010937	x042805	preferred	1000	0.000999000999	1	0	0	INSUFFICIENT_SUPPORT
x010938	x017689	preferred	1000	0.000999000999	1	0	0	INSUFFICIENT_SUPPORT
x010938	x018499	preferred	1000	0.000999000999	1	0	0	INSUFFICIENT_SUPPORT
x010938	x024801	preferred	1000	0.000999000999	1	0	0	INSUFFICIENT_SUPPORT
x010938	x024928	preferred	1000	0.000999000999	1	0	0	INSUFFICIENT_SUPPORT
x010938	x037857	preferred	1000	0.000999000999	1	0	0	INSUFFICIENT_SUPPORT
x010938	x037858	preferred	1000	0.000999000999	1	0	0	INSUFFICIENT_SUPPORT
x010938	x040636	preferred	1000	0.000999000999	1	0	0	INSUFFICIENT_SUPPORT
x010938	x042801	preferred	1000	0.000999000999	1	0	0	INSUFFICIENT_SUPPORT
x010938	x042804	preferred	1000	0.000999000999	1	0	0	INSUFFICIENT_SUPPORT
x011064	x037264	preferred	1000	0.000999000999	1	0	0	INSUFFICIENT_SUPPORT
x011064	x037265	preferred	1000	0.000999000999	1	0	0	INSUFFICIENT_SUPPORT
x011064	x037266	preferred	1000	0.000999000999	1	0	0	INSUFFICIENT_SUPPORT
x011081	x017291	preferred	1000	0.000999000999	1	0	0	INSUFFICIENT_SUPPORT
x011081	x017410	preferred	1000	0.000999000999	1	0	0	INSUFFICIENT_SUPPORT
x011081	x025395	preferred	1000	0.000999000999	1	0	0	INSUFFICIENT_SUPPORT
x011081	x037858	preferred	1000	0.000999000999	1	0	0	INSUFFICIENT_SUPPORT
x011081	x041112	preferred	1000	0.000999000999	1	0	0	INSUFFICIENT_SUPPORT
x011081	x041113	preferred	1000	0.000999000999	1	0	0	INSUFFICIENT_SUPPORT
x011176	x001392	preferred	1000	0.000999000999	1	0	0	INSUFFICIENT_SUPPORT
x011176	x001424	preferred	1000	0.000999000999	1	0	0	INSUFFICIENT_SUPPORT
x011176	x001425	preferred	1000	0.000999000999	1	0	0	INSUFFICIENT_SUPPORT
x011176	x001427	preferred	1000	0.000999000999	1	0	0	INSUFFICIENT_SUPPORT
x011176	x005074	preferred	1000	0.000999000999	1	0	0	INSUFFICIENT_SUPPORT
x011176	x017410	preferred	1000	0.000999000999	1	0	0	INSUFFICIENT_SUPPORT
x011176	x017690	preferred	1000	0.000999000999	1	0	0	INSUFFICIENT_SUPPORT
x011176	x019936	preferred	1000	0.000999000999	1	0	0	INSUFFICIENT_SUPPORT
x011176	x024245	preferred	1000	0.000999000999	1	0	0	INSUFFICIENT_SUPPORT
x011176	x037856	preferred	1000	0.000999000999	1	0	0	INSUFFICIENT_SUPPORT
x011176	x037857	preferred	1000	0.000999000999	1	0	0	INSUFFICIENT_SUPPORT
x011176	x037858	preferred	1000	0.000999000999	1	0	0	INSUFFICIENT_SUPPORT
x011176	x037859	preferred	1000	0.000999000999	1	0	0	INSUFFICIENT_SUPPORT
x011176	x037954	preferred	1000	0.000999000999	1	0	0	INSUFFICIENT_SUPPORT
x011176	x038536	preferred	1000	0.000999000999	1	0	0	INSUFFICIENT_SUPPORT
x011176	x038538	preferred	1000	0.000999000999	1	0	0	INSUFFICIENT_SUPPORT
x011176	x040219	preferred	1000	0.000999000999	1	0	0	INSUFFICIENT_SUPPORT
x011176	x041657	preferred	1000	0.000999000999	1	0	0	INSUFFICIENT_SUPPORT
x011176	x042104	preferred	1000	0.000999000999	1	0	0	INSUFFICIENT_SUPPORT
x011177	x000108	preferred	1000	0.000999000999	1	0	0	INSUFFICIENT_SUPPORT
x011177	x000109	preferred	1000	0.000999000999	1	0	0	INSUFFICIENT_SUPPORT
x011177	x002336	preferred	1000	0.000999000999	1	0	0	INSUFFICIENT_SUPPORT
x011177	x014827	preferred	1000	0.000999000999	1	0	0	INSUFFICIENT_SUPPORT
x011177	x015283	preferred	1000	0.000999000999	1	0	0	INSUFFICIENT_SUPPORT
x011177	x019716	preferred	1000	0.000999000999	1	0	0	INSUFFICIENT_SUPPORT
x011177	x020018	preferred	1000	0.000999000999	1	0	0	INSUFFICIENT_SUPPORT
x011177	x037848	preferred	1000	0.000999000999	1	0	0	INSUFFICIENT_SUPPORT
x011177	x037856	preferred	1000	0.000999000999	1	0	0	INSUFFICIENT_SUPPORT
x011177	x037858	preferred	1000	0.000999000999	1	0	0	INSUFFICIENT_SUPPORT
x011177	x037859	preferred	1000	0.000999000999	1	0	0	INSUFFICIENT_SUPPORT
x011177	x037860	preferred	1000	0.000999000999	1	0	0	INSUFFICIENT_SUPPORT
x011177	x037862	preferred	1000	0.000999000999	1	0	0	INSUFFICIENT_SUPPORT
x011177	x037863	preferred	1000	0.000999000999	1	0	0	INSUFFICIENT_SUPPORT
x011177	x038104	preferred	1000	0.000999000999	1	0	0	INSUFFICIENT_SUPPORT
x011177	x038536	preferred	1000	0.000999000999	1	0	0	INSUFFICIENT_SUPPORT
x011177	x042104	preferred	1000	0.000999000999	1	0	0	INSUFFICIENT_SUPPORT
x011177	x042802	preferred	1000	0.000999000999	1	0	0	INSUFFICIENT_SUPPORT
x011179	x002343	preferred	1000	0.000999000999	1	0	0	INSUFFICIENT_SUPPORT
x011179	x025550	preferred	1000	0.000999000999	1	0	0	INSUFFICIENT_SUPPORT
x011179	x037857	preferred	1000	0.000999000999	1	0	0	INSUFFICIENT_SUPPORT
x011179	x037858	preferred	1000	0.000999000999	1	0	0	INSUFFICIENT_SUPPORT
x011179	x037860	preferred	1000	0.000999000999	1	0	0	INSUFFICIENT_SUPPORT
x011179	x038536	preferred	1000	0.000999000999	1	0	0	INSUFFICIENT_SUPPORT
x011179	x038538	preferred	1000	0.000999000999	1	0	0	INSUFFICIENT_SUPPORT
x011179	x042104	preferred	1000	0.000999000999	1	0	0	INSUFFICIENT_SUPPORT
x011180	x001427	preferred	1000	0.000999000999	1	0	0	INSUFFICIENT_SUPPORT
x011180	x001429	preferred	1000	0.000999000999	1	0	0	INSUFFICIENT_SUPPORT
x011180	x025531	preferred	1000	0.000999000999	1	0	0	INSUFFICIENT_SUPPORT
x011180	x025533	preferred	1000	0.000999000999	1	0	0	INSUFFICIENT_SUPPORT
x011180	x037856	preferred	1000	0.000999000999	1	0	0	INSUFFICIENT_SUPPORT
x011180	x037857	preferred	1000	0.000999000999	1	0	0	INSUFFICIENT_SUPPORT
x011180	x037858	preferred	1000	0.000999000999	1	0	0	INSUFFICIENT_SUPPORT
x011180	x037859	preferred	1000	0.000999000999	1	0	0	INSUFFICIENT_SUPPORT
x011180	x037860	preferred	1000	0.000999000999	1	0	0	INSUFFICIENT_SUPPORT
x011180	x037861	preferred	1000	0.000999000999	1	0	0	INSUFFICIENT_SUPPORT
x011180	x038536	preferred	1000	0.000999000999	1	0	0	INSUFFICIENT_SUPPORT
x011180	x038540	preferred	1000	0.000999000999	1	0	0	INSUFFICIENT_SUPPORT
x012816	x002107	preferred	1000	0.000999000999	1	0	0	INSUFFICIENT_SUPPORT
x012816	x017889	preferred	1000	0.000999000999	1	0	0	INSUFFICIENT_SUPPORT
x012816	x020632	preferred	1000	0.000999000999	1	0	0	INSUFFICIENT_SUPPORT
x012816	x023864	preferred	1000	0.000999000999	1	0	0	INSUFFICIENT_SUPPORT
x012816	x023867	preferred	1000	0.000999000999	1	0	0	INSUFFICIENT_SUPPORT
x012816	x037809	preferred	1000	0.000999000999	1	0	0	INSUFFICIENT_SUPPORT
x012816	x037856	preferred	1000	0.000999000999	1	0	0	INSUFFICIENT_SUPPORT
x012816	x037859	preferred	1000	0.000999000999	1	0	0	INSUFFICIENT_SUPPORT
x013417	x001424	preferred	1000	0.000999000999	1	0	0	INSUFFICIENT_SUPPORT
x013417	x001429	preferred	1000	0.000999000999	1	0	0	INSUFFICIENT_SUPPORT
x013417	x037954	preferred	1000	0.000999000999	1	0	0	INSUFFICIENT_SUPPORT
x013417	x041260	preferred	1000	0.000999000999	1	0	0	INSUFFICIENT_SUPPORT
x013417	x041467	preferred	1000	0.000999000999	1	0	0	INSUFFICIENT_SUPPORT
x013425	x001427	preferred	1000	0.000999000999	1	0	0	INSUFFICIENT_SUPPORT
x013425	x018873	preferred	1000	0.000999000999	1	0	0	INSUFFICIENT_SUPPORT
x013425	x024243	preferred	1000	0.000999000999	1	0	0	INSUFFICIENT_SUPPORT
x013425	x025393	preferred	1000	0.000999000999	1	0	0	INSUFFICIENT_SUPPORT
x013425	x025529	preferred	1000	0.000999000999	1	0	0	INSUFFICIENT_SUPPORT
x013425	x037856	preferred	1000	0.000999000999	1	0	0	INSUFFICIENT_SUPPORT
x013425	x038539	preferred	1000	0.000999000999	1	0	0	INSUFFICIENT_SUPPORT
x013425	x041586	preferred	1000	0.000999000999	1	0	0	INSUFFICIENT_SUPPORT
x013425	x041657	preferred	1000	0.000999000999	1	0	0	INSUFFICIENT_SUPPORT
x013425	x042105	preferred	1000	0.000999000999	1	0	0	INSUFFICIENT_SUPPORT
x013425	x042107	preferred	1000	0.000999000999	1	0	0	INSUFFICIENT_SUPPORT
x013721	x002105	preferred	1000	0.000999000999	1	0	0	INSUFFICIENT_SUPPORT
x013721	x002106	preferred	1000	0.000999000999	1	0	0	INSUFFICIENT_SUPPORT
x013721	x002107	preferred	1000	0.000999000999	1	0	0	INSUFFICIENT_SUPPORT
x013721	x002109	preferred	1000	0.000999000999	1	0	0	INSUFFICIENT_SUPPORT
x013721	x005249	preferred	1000	0.000999000999	1	0	0	INSUFFICIENT_SUPPORT
x013721	x008312	preferred	1000	0.000999000999	1	0	0	INSUFFICIENT_SUPPORT
x013721	x015280	preferred	1000	0.000999000999	1	0	0	INSUFFICIENT_SUPPORT
x013721	x037850	preferred	1000	0.000999000999	1	0	0	INSUFFICIENT_SUPPORT
x013721	x037985	preferred	1000	0.000999000999	1	0	0	INSUFFICIENT_SUPPORT
x014361	x016969	preferred	1000	0.000999000999	1	0	0	INSUFFICIENT_SUPPORT
x014361	x018496	preferred	1000	0.000999000999	1	0	0	INSUFFICIENT_SUPPORT
x014361	x018498	preferred	1000	0.000999000999	1	0	0	INSUFFICIENT_SUPPORT
x014361	x038107	preferred	1000	0.000999000999	1	0	0	INSUFFICIENT_SUPPORT
x014361	x042800	preferred	1000	0.000999000999	1	0	0	INSUFFICIENT_SUPPORT
x014362	x005073	preferred	1000	0.000999000999	1	0	0	INSUFFICIENT_SUPPORT
x014362	x018497	preferred	1000	0.000999000999	1	0	0	INSUFFICIENT_SUPPORT
x014362	x022380	preferred	1000	0.000999000999	1	0	0	INSUFFICIENT_SUPPORT
x014362	x025393	preferred	1000	0.000999000999	1	0	0	INSUFFICIENT_SUPPORT
x014362	x025395	preferred	1000	0.000999000999	1	0	0	INSUFFICIENT_SUPPORT
x014362	x037849	preferred	1000	0.000999000999	1	0	0	INSUFFICIENT_SUPPORT
x014362	x038169	preferred	1000	0.000999000999	1	0	0	INSUFFICIENT_SUPPORT
x014362	x041115	preferred	1000	0.000999000999	1	0	0	INSUFFICIENT_SUPPORT
x014362	x042106	preferred	1000	0.000999000999	1	0	0	INSUFFICIENT_SUPPORT
x014824	x000104	preferred	1000	0.000999000999	1	0	0	INSUFFICIENT_SUPPORT
x014824	x000105	preferred	1000	0.000999000999	1	0	0	INSUFFICIENT_SUPPORT
x014824	x000106	preferred	1000	0.000999000999	1	0	0	INSUFFICIENT_SUPPORT
x014824	x000109	preferred	1000	0.000999000999	1	0	0	INSUFFICIENT_SUPPORT
x014824	x001392	preferred	1000	0.000999000999	1	0	0	INSUFFICIENT_SUPPORT
x014824	x017408	preferred	1000	0.000999000999	1	0	0	INSUFFICIENT_SUPPORT
x014824	x017409	preferred	1000	0.000999000999	1	0	0	INSUFFICIENT_SUPPORT
x014824	x017410	preferred	1000	0.000999000999	1	0	0	INSUFFICIENT_SUPPORT
x014824	x017412	preferred	1000	0.000999000999	1	0	0	INSUFFICIENT_SUPPORT
x014824	x017832	preferred	1000	0.000999000999	1	0	0	INSUFFICIENT_SUPPORT
x014824	x017834	preferred	1000	0.000999000999	1	0	0	INSUFFICIENT_SUPPORT
x014824	x017836	preferred	1000	0.000999000999	1	0	0	INSUFFICIENT_SUPPORT
x014824	x017893	preferred	1000	0.000999000999	1	0	0	INSUFFICIENT_SUPPORT
x014824	x018497	preferred	1000	0.000999000999	1	0	0	INSUFFICIENT_SUPPORT
x014824	x018498	preferred	1000	0.000999000999	1	0	0	INSUFFICIENT_SUPPORT
x014824	x018499	preferred	1000	0.000999000999	1	0	0	INSUFFICIENT_SUPPORT
x014824	x020018	preferred	1000	0.000999000999	1	0	0	INSUFFICIENT_SUPPORT
x014824	x020021	preferred	1000	0.000999000999	1	0	0	INSUFFICIENT_SUPPORT
x014824	x022952	preferred	1000	0.000999000999	1	0	0	INSUFFICIENT_SUPPORT
x014824	x024243	preferred	1000	0.000999000999	1	0	0	INSUFFICIENT_SUPPORT
x014824	x024248	preferred	1000	0.000999000999	1	0	0	INSUFFICIENT_SUPPORT
x014824	x034673	preferred	1000	0.000999000999	1	0	0	INSUFFICIENT_SUPPORT
x014824	x037852	preferred	1000	0.000999000999	1	0	0	INSUFFICIENT_SUPPORT
x014824	x037858	preferred	1000	0.000999000999	1	0	0	INSUFFICIENT_SUPPORT
x014824	x037859	preferred	1000	0.000999000999	1	0	0	INSUFFICIENT_SUPPORT
x014824	x037860	preferred	1000	0.000999000999	1	0	0	INSUFFICIENT_SUPPORT
x014824	x037861	preferred	1000	0.000999000999	1	0	0	INSUFFICIENT_SUPPORT
x014824	x037863	preferred	1000	0.000999000999	1	0	0	INSUFFICIENT_SUPPORT
x014824	x037880	preferred	1000	0.000999000999	1	0	0	INSUFFICIENT_SUPPORT
x014824	x037898	preferred	1000	0.000999000999	1	0	0	INSUFFICIENT_SUPPORT
x014824	x038104	preferred	1000	0.000999000999	1	0	0	INSUFFICIENT_SUPPORT
x014824	x040256	preferred	1000	0.000999000999	1	0	0	INSUFFICIENT_SUPPORT
x014824	x040258	preferred	1000	0.000999000999	1	0	0	INSUFFICIENT_SUPPORT
x014824	x041586	preferred	1000	0.000999000999	1	0	0	INSUFFICIENT_SUPPORT
x014824	x042800	preferred	1000	0.000999000999	1	0	0	INSUFFICIENT_SUPPORT
x014824	x042801	preferred	1000	0.000999000999	1	0	0	INSUFFICIENT_SUPPORT
x014825	x000105	preferred	1000	0.000999000999	1	0	0	INSUFFICIENT_SUPPORT
x014825	x000110	preferred	1000	0.000999000999	1	0	0	INSUFFICIENT_SUPPORT
x014825	x001090	preferred	1000	0.000999000999	1	0	0	INSUFFICIENT_SUPPORT
x014825	x017410	preferred	1000	0.000999000999	1	0	0	INSUFFICIENT_SUPPORT
x014825	x017691	preferred	1000	0.000999000999	1	0	0	INSUFFICIENT_SUPPORT
x014825	x017833	preferred	1000	0.000999000999	1	0	0	INSUFFICIENT_SUPPORT
x014825	x017834	preferred	1000	0.000999000999	1	0	0	INSUFFICIENT_SUPPORT
x014825	x018500	preferred	1000	0.000999000999	1	0	0	INSUFFICIENT_SUPPORT
x014825	x020016	preferred	1000	0.000999000999	1	0	0	INSUFFICIENT_SUPPORT
x014825	x020017	preferred	1000	0.000999000999	1	0	0	INSUFFICIENT_SUPPORT
x014825	x022952	preferred	1000	0.000999000999	1	0	0	INSUFFICIENT_SUPPORT
x014825	x022958	preferred	1000	0.000999000999	1	0	0	INSUFFICIENT_SUPPORT
x014825	x024241	preferred	1000	0.000999000999	1	0	0	INSUFFICIENT_SUPPORT
x014825	x037849	preferred	1000	0.000999000999	1	0	0	INSUFFICIENT_SUPPORT
x014825	x037856	preferred	1000	0.000999000999	1	0	0	INSUFFICIENT_SUPPORT
x014825	x037857	preferred	1000	0.000999000999	1	0	0	INSUFFICIENT_SUPPORT
x014825	x037858	preferred	1000	0.000999000999	1	0	0	INSUFFICIENT_SUPPORT
x014825	x037859	preferred	1000	0.000999000999	1	0	0	INSUFFICIENT_SUPPORT
x014825	x037860	preferred	1000	0.000999000999	1	0	0	INSUFFICIENT_SUPPORT
x014825	x037862	preferred	1000	0.000999000999	1	0	0	INSUFFICIENT_SUPPORT
x014825	x037863	preferred	1000	0.000999000999	1	0	0	INSUFFICIENT_SUPPORT
x014825	x037899	preferred	1000	0.000999000999	1	0	0	INSUFFICIENT_SUPPORT
x014825	x037914	preferred	1000	0.000999000999	1	0	0	INSUFFICIENT_SUPPORT
x014825	x037952	preferred	1000	0.000999000999	1	0	0	INSUFFICIENT_SUPPORT
x014825	x037985	preferred	1000	0.000999000999	1	0	0	INSUFFICIENT_SUPPORT
x014825	x038169	preferred	1000	0.000999000999	1	0	0	INSUFFICIENT_SUPPORT
x014825	x039657	preferred	1000	0.000999000999	1	0	0	INSUFFICIENT_SUPPORT
x014825	x042804	preferred	1000	0.000999000999	1	0	0	INSUFFICIENT_SUPPORT
x014825	x042816	preferred	1000	0.000999000999	1	0	0	INSUFFICIENT_SUPPORT
x014826	x000105	preferred	1000	0.000999000999	1	0	0	INSUFFICIENT_SUPPORT
x014826	x016970	preferred	1000	0.000999000999	1	0	0	INSUFFICIENT_SUPPORT
x014826	x017408	preferred	1000	0.000999000999	1	0	0	INSUFFICIENT_SUPPORT
x014826	x017411	preferred	1000	0.000999000999	1	0	0	INSUFFICIENT_SUPPORT
x014826	x017412	preferred	1000	0.000999000999	1	0	0	INSUFFICIENT_SUPPORT
x014826	x017673	preferred	1000	0.000999000999	1	0	0	INSUFFICIENT_SUPPORT
x014826	x017833	preferred	1000	0.000999000999	1	0	0	INSUFFICIENT_SUPPORT
x014826	x017838	preferred	1000	0.000999000999	1	0	0	INSUFFICIENT_SUPPORT
x014826	x017889	preferred	1000	0.000999000999	1	0	0	INSUFFICIENT_SUPPORT
x014826	x017893	preferred	1000	0.000999000999	1	0	0	INSUFFICIENT_SUPPORT
x014826	x018496	preferred	1000	0.000999000999	1	0	0	INSUFFICIENT_SUPPORT
x014826	x018500	preferred	1000	0.000999000999	1	0	0	INSUFFICIENT_SUPPORT
x014826	x018560	preferred	1000	0.000999000999	1	0	0	INSUFFICIENT_SUPPORT
x014826	x018562	preferred	1000	0.000999000999	1	0	0	INSUFFICIENT_SUPPORT
x014826	x018874	preferred	1000	0.000999000999	1	0	0	INSUFFICIENT_SUPPORT
x014826	x020018	preferred	1000	0.000999000999	1	0	0	INSUFFICIENT_SUPPORT
x014826	x020020	preferred	1000	0.000999000999	1	0	0	INSUFFICIENT_SUPPORT
x014826	x022955	preferred	1000	0.000999000999	1	0	0	INSUFFICIENT_SUPPORT
x014826	x024243	preferred	1000	0.000999000999	1	0	0	INSUFFICIENT_SUPPORT
x014826	x024802	preferred	1000	0.000999000999	1	0	0	INSUFFICIENT_SUPPORT
x014826	x025762	preferred	1000	0.000999000999	1	0	0	INSUFFICIENT_SUPPORT
x014826	x037856	preferred	1000	0.000999000999	1	0	0	INSUFFICIENT_SUPPORT
x014826	x037857	preferred	1000	0.000999000999	1	0	0	INSUFFICIENT_SUPPORT
x014826	x037858	preferred	1000	0.000999000999	1	0	0	INSUFFICIENT_SUPPORT
x014826	x037861	preferred	1000	0.000999000999	1	0	0	INSUFFICIENT_SUPPORT
x014826	x038106	preferred	1000	0.000999000999	1	0	0	INSUFFICIENT_SUPPORT
x014826	x038110	preferred	1000	0.000999000999	1	0	0	INSUFFICIENT_SUPPORT
x014826	x041257	preferred	1000	0.000999000999	1	0	0	INSUFFICIENT_SUPPORT
x014826	x041261	preferred	1000	0.000999000999	1	0	0	INSUFFICIENT_SUPPORT
x014826	x042804	preferred	1000	0.000999000999	1	0	0	INSUFFICIENT_SUPPORT
x014827	x000105	preferred	1000	0.000999000999	1	0	0	INSUFFICIENT_SUPPORT
x014827	x000106	preferred	1000	0.000999000999	1	0	0	INSUFFICIENT_SUPPORT
x014827	x000107	preferred	1000	0.000999000999	1	0	0	INSUFFICIENT_SUPPORT
x014827	x001090	preferred	1000	0.000999000999	1	0	0	INSUFFICIENT_SUPPORT
x014827	x001092	preferred	1000	0.000999000999	1	0	0	INSUFFICIENT_SUPPORT
x014827	x001392	preferred	1000	0.000999000999	1	0	0	INSUFFICIENT_SUPPORT
x014827	x001635	preferred	1000	0.000999000999	1	0	0	INSUFFICIENT_SUPPORT
x014827	x017408	preferred	1000	0.000999000999	1	0	0	INSUFFICIENT_SUPPORT
x014827	x017675	preferred	1000	0.000999000999	1	0	0	INSUFFICIENT_SUPPORT
x014827	x017692	preferred	1000	0.000999000999	1	0	0	INSUFFICIENT_SUPPORT
x014827	x017832	preferred	1000	0.000999000999	1	0	0	INSUFFICIENT_SUPPORT
x014827	x017888	preferred	1000	0.000999000999	1	0	0	INSUFFICIENT_SUPPORT
x014827	x018496	preferred	1000	0.000999000999	1	0	0	INSUFFICIENT_SUPPORT
x014827	x018499	preferred	1000	0.000999000999	1	0	0	INSUFFICIENT_SUPPORT
x014827	x018500	preferred	1000	0.000999000999	1	0	0	INSUFFICIENT_SUPPORT
x014827	x020016	preferred	1000	0.000999000999	1	0	0	INSUFFICIENT_SUPPORT
x014827	x022952	preferred	1000	0.000999000999	1	0	0	INSUFFICIENT_SUPPORT
x014827	x022953	preferred	1000	0.000999000999	1	0	0	INSUFFICIENT_SUPPORT
x014827	x022955	preferred	1000	0.000999000999	1	0	0	INSUFFICIENT_SUPPORT
x014827	x024248	preferred	1000	0.000999000999	1	0	0	INSUFFICIENT_SUPPORT
x014827	x025761	preferred	1000	0.000999000999	1	0	0	INSUFFICIENT_SUPPORT
x014827	x034672	preferred	1000	0.000999000999	1	0	0	INSUFFICIENT_SUPPORT
x014827	x034673	preferred	1000	0.000999000999	1	0	0	INSUFFICIENT_SUPPORT
x014827	x037858	preferred	1000	0.000999000999	1	0	0	INSUFFICIENT_SUPPORT
x014827	x037863	preferred	1000	0.000999000999	1	0	0	INSUFFICIENT_SUPPORT
x014827	x037896	preferred	1000	0.000999000999	1	0	0	INSUFFICIENT_SUPPORT
x014827	x041259	preferred	1000	0.000999000999	1	0	0	INSUFFICIENT_SUPPORT
x014827	x042803	preferred	1000	0.000999000999	1	0	0	INSUFFICIENT_SUPPORT
x014827	x042806	preferred	1000	0.000999000999	1	0	0	INSUFFICIENT_SUPPORT
x014828	x000108	preferred	1000	0.000999000999	1	0	0	INSUFFICIENT_SUPPORT
x014828	x017832	preferred	1000	0.000999000999	1	0	0	INSUFFICIENT_SUPPORT
x014828	x017836	preferred	1000	0.000999000999	1	0	0	INSUFFICIENT_SUPPORT
x014828	x017889	preferred	1000	0.000999000999	1	0	0	INSUFFICIENT_SUPPORT
x014828	x017890	preferred	1000	0.000999000999	1	0	0	INSUFFICIENT_SUPPORT
x014828	x018500	preferred	1000	0.000999000999	1	0	0	INSUFFICIENT_SUPPORT
x014828	x018560	preferred	1000	0.000999000999	1	0	0	INSUFFICIENT_SUPPORT
x014828	x020020	preferred	1000	0.000999000999	1	0	0	INSUFFICIENT_SUPPORT
x014828	x024074	preferred	1000	0.000999000999	1	0	0	INSUFFICIENT_SUPPORT
x014828	x031709	preferred	1000	0.000999000999	1	0	0	INSUFFICIENT_SUPPORT
x014828	x034673	preferred	1000	0.000999000999	1	0	0	INSUFFICIENT_SUPPORT
x014828	x034674	preferred	1000	0.000999000999	1	0	0	INSUFFICIENT_SUPPORT
x014828	x037856	preferred	1000	0.000999000999	1	0	0	INSUFFICIENT_SUPPORT
x014828	x037857	preferred	1000	0.000999000999	1	0	0	INSUFFICIENT_SUPPORT
x014828	x037858	preferred	1000	0.000999000999	1	0	0	INSUFFICIENT_SUPPORT
x014828	x037860	preferred	1000	0.000999000999	1	0	0	INSUFFICIENT_SUPPORT
x014828	x040257	preferred	1000	0.000999000999	1	0	0	INSUFFICIENT_SUPPORT
x014828	x042803	preferred	1000	0.000999000999	1	0	0	INSUFFICIENT_SUPPORT
x014828	x042820	preferred	1000	0.000999000999	1	0	0	INSUFFICIENT_SUPPORT
x014829	x000104	preferred	1000	0.000999000999	1	0	0	INSUFFICIENT_SUPPORT
x014829	x000109	preferred	1000	0.000999000999	1	0	0	INSUFFICIENT_SUPPORT
x014829	x017411	preferred	1000	0.000999000999	1	0	0	INSUFFICIENT_SUPPORT
x014829	x017834	preferred	1000	0.000999000999	1	0	0	INSUFFICIENT_SUPPORT
x014829	x017836	preferred	1000	0.000999000999	1	0	0	INSUFFICIENT_SUPPORT
x014829	x018500	preferred	1000	0.000999000999	1	0	0	INSUFFICIENT_SUPPORT
x014829	x018561	preferred	1000	0.000999000999	1	0	0	INSUFFICIENT_SUPPORT
x014829	x020022	preferred	1000	0.000999000999	1	0	0	INSUFFICIENT_SUPPORT
x014829	x022954	preferred	1000	0.000999000999	1	0	0	INSUFFICIENT_SUPPORT
x014829	x024248	preferred	1000	0.000999000999	1	0	0	INSUFFICIENT_SUPPORT
x014829	x034497	preferred	1000	0.000999000999	1	0	0	INSUFFICIENT_SUPPORT
x014829	x037852	preferred	1000	0.000999000999	1	0	0	INSUFFICIENT_SUPPORT
x014829	x037858	preferred	1000	0.000999000999	1	0	0	INSUFFICIENT_SUPPORT
x014829	x037984	preferred	1000	0.000999000999	1	0	0	INSUFFICIENT_SUPPORT
x014829	x041585	preferred	1000	0.000999000999	1	0	0	INSUFFICIENT_SUPPORT
x014830	x000108	preferred	1000	0.000999000999	1	0	0	INSUFFICIENT_SUPPORT
x014830	x000109	preferred	1000	0.000999000999	1	0	0	INSUFFICIENT_SUPPORT
x014830	x018503	preferred	1000	0.000999000999	1	0	0	INSUFFICIENT_SUPPORT
x014830	x020016	preferred	1000	0.000999000999	1	0	0	INSUFFICIENT_SUPPORT
x014830	x022952	preferred	1000	0.000999000999	1	0	0	INSUFFICIENT_SUPPORT
x014830	x024245	preferred	1000	0.000999000999	1	0	0	INSUFFICIENT_SUPPORT
x014830	x034673	preferred	1000	0.000999000999	1	0	0	INSUFFICIENT_SUPPORT
x014830	x037809	preferred	1000	0.000999000999	1	0	0	INSUFFICIENT_SUPPORT
x014830	x037849	preferred	1000	0.000999000999	1	0	0	INSUFFICIENT_SUPPORT
x014831	x000105	preferred	1000	0.000999000999	1	0	0	INSUFFICIENT_SUPPORT
x014831	x017672	preferred	1000	0.000999000999	1	0	0	INSUFFICIENT_SUPPORT
x014831	x017833	preferred	1000	0.000999000999	1	0	0	INSUFFICIENT_SUPPORT
x014831	x020016	preferred	1000	0.000999000999	1	0	0	INSUFFICIENT_SUPPORT
x014831	x020019	preferred	1000	0.000999000999	1	0	0	INSUFFICIENT_SUPPORT
x014831	x037857	preferred	1000	0.000999000999	1	0	0	INSUFFICIENT_SUPPORT
x014831	x037858	preferred	1000	0.000999000999	1	0	0	INSUFFICIENT_SUPPORT
x014831	x042802	preferred	1000	0.000999000999	1	0	0	INSUFFICIENT_SUPPORT
x015056	x017408	preferred	1000	0.000999000999	1	0	0	INSUFFICIENT_SUPPORT
x015056	x017832	preferred	1000	0.000999000999	1	0	0	INSUFFICIENT_SUPPORT
x015056	x020018	preferred	1000	0.000999000999	1	0	0	INSUFFICIENT_SUPPORT
x015056	x024248	preferred	1000	0.000999000999	1	0	0	INSUFFICIENT_SUPPORT
x015056	x037849	preferred	1000	0.000999000999	1	0	0	INSUFFICIENT_SUPPORT
x015056	x037861	preferred	1000	0.000999000999	1	0	0	INSUFFICIENT_SUPPORT
x015056	x038537	preferred	1000	0.000999000999	1	0	0	INSUFFICIENT_SUPPORT
x015056	x040220	preferred	1000	0.000999000999	1	0	0	INSUFFICIENT_SUPPORT
x015056	x041803	preferred	1000	0.000999000999	1	0	0	INSUFFICIENT_SUPPORT
x015064	x025392	preferred	1000	0.000999000999	1	0	0	INSUFFICIENT_SUPPORT
x015064	x025658	preferred	1000	0.000999000999	1	0	0	INSUFFICIENT_SUPPORT
x015064	x036658	preferred	1000	0.000999000999	1	0	0	INSUFFICIENT_SUPPORT
x015064	x037854	preferred	1000	0.000999000999	1	0	0	INSUFFICIENT_SUPPORT
x015064	x041470	preferred	1000	0.000999000999	1	0	0	INSUFFICIENT_SUPPORT
x015280	x000107	preferred	1000	0.000999000999	1	0	0	INSUFFICIENT_SUPPORT
x015280	x001092	preferred	1000	0.000999000999	1	0	0	INSUFFICIENT_SUPPORT
x015280	x001396	preferred	1000	0.000999000999	1	0	0	INSUFFICIENT_SUPPORT
x015280	x017834	preferred	1000	0.000999000999	1	0	0	INSUFFICIENT_SUPPORT
x015280	x017835	preferred	1000	0.000999000999	1	0	0	INSUFFICIENT_SUPPORT
x015280	x017888	preferred	1000	0.000999000999	1	0	0	INSUFFICIENT_SUPPORT
x015280	x017889	preferred	1000	0.000999000999	1	0	0	INSUFFICIENT_SUPPORT
x015280	x017890	preferred	1000	0.000999000999	1	0	0	INSUFFICIENT_SUPPORT
x015280	x017892	preferred	1000	0.000999000999	1	0	0	INSUFFICIENT_SUPPORT
x015280	x034675	preferred	1000	0.000999000999	1	0	0	INSUFFICIENT_SUPPORT
x015280	x037856	preferred	1000	0.000999000999	1	0	0	INSUFFICIENT_SUPPORT
x015280	x037857	preferred	1000	0.000999000999	1	0	0	INSUFFICIENT_SUPPORT
x015280	x037858	preferred	1000	0.000999000999	1	0	0	INSUFFICIENT_SUPPORT
x015280	x037859	preferred	1000	0.000999000999	1	0	0	INSUFFICIENT_SUPPORT
x015280	x037861	preferred	1000	0.000999000999	1	0	0	INSUFFICIENT_SUPPORT
x015280	x037862	preferred	1000	0.000999000999	1	0	0	INSUFFICIENT_SUPPORT
x015280	x037954	preferred	1000	0.000999000999	1	0	0	INSUFFICIENT_SUPPORT
x015280	x038442	preferred	1000	0.000999000999	1	0	0	INSUFFICIENT_SUPPORT
x015281	x000108	preferred	1000	0.000999000999	1	0	0	INSUFFICIENT_SUPPORT
x015281	x001091	preferred	1000	0.000999000999	1	0	0	INSUFFICIENT_SUPPORT
x015281	x017833	preferred	1000	0.000999000999	1	0	0	INSUFFICIENT_SUPPORT
x015281	x017889	preferred	1000	0.000999000999	1	0	0	INSUFFICIENT_SUPPORT
x015281	x017890	preferred	1000	0.000999000999	1	0	0	INSUFFICIENT_SUPPORT
x015281	x017895	preferred	1000	0.000999000999	1	0	0	INSUFFICIENT_SUPPORT
x015281	x018496	preferred	1000	0.000999000999	1	0	0	INSUFFICIENT_SUPPORT
x015281	x025548	preferred	1000	0.000999000999	1	0	0	INSUFFICIENT_SUPPORT
x015281	x034674	preferred	1000	0.000999000999	1	0	0	INSUFFICIENT_SUPPORT
x015281	x037855	preferred	1000	0.000999000999	1	0	0	INSUFFICIENT_SUPPORT
x015281	x037856	preferred	1000	0.000999000999	1	0	0	INSUFFICIENT_SUPPORT
x015281	x037857	preferred	1000	0.000999000999	1	0	0	INSUFFICIENT_SUPPORT
x015281	x037858	preferred	1000	0.000999000999	1	0	0	INSUFFICIENT_SUPPORT
x015281	x037859	preferred	1000	0.000999000999	1	0	0	INSUFFICIENT_SUPPORT
x015281	x037861	preferred	1000	0.000999000999	1	0	0	INSUFFICIENT_SUPPORT
x015281	x041661	preferred	1000	0.000999000999	1	0	0	INSUFFICIENT_SUPPORT
x015281	x042816	preferred	1000	0.000999000999	1	0	0	INSUFFICIENT_SUPPORT
x015281	x042817	preferred	1000	0.000999000999	1	0	0	INSUFFICIENT_SUPPORT
x015282	x001632	preferred	1000	0.000999000999	1	0	0	INSUFFICIENT_SUPPORT
x015282	x017834	preferred	1000	0.000999000999	1	0	0	INSUFFICIENT_SUPPORT
x015282	x020019	preferred	1000	0.000999000999	1	0	0	INSUFFICIENT_SUPPORT
x015282	x024241	preferred	1000	0.000999000999	1	0	0	INSUFFICIENT_SUPPORT
x015282	x024243	preferred	1000	0.000999000999	1	0	0	INSUFFICIENT_SUPPORT
x015282	x025545	preferred	1000	0.000999000999	1	0	0	INSUFFICIENT_SUPPORT
x015282	x037856	preferred	1000	0.000999000999	1	0	0	INSUFFICIENT_SUPPORT
x015282	x037857	preferred	1000	0.000999000999	1	0	0	INSUFFICIENT_SUPPORT
x015282	x037860	preferred	1000	0.000999000999	1	0	0	INSUFFICIENT_SUPPORT
x015282	x037862	preferred	1000	0.000999000999	1	0	0	INSUFFICIENT_SUPPORT
x015282	x037863	preferred	1000	0.000999000999	1	0	0	INSUFFICIENT_SUPPORT
x015282	x037954	preferred	1000	0.000999000999	1	0	0	INSUFFICIENT_SUPPORT
x015282	x040260	preferred	1000	0.000999000999	1	0	0	INSUFFICIENT_SUPPORT
x015283	x000104	preferred	1000	0.000999000999	1	0	0	INSUFFICIENT_SUPPORT
x015283	x009305	preferred	1000	0.000999000999	1	0	0	INSUFFICIENT_SUPPORT
x015283	x017677	preferred	1000	0.000999000999	1	0	0	INSUFFICIENT_SUPPORT
x015283	x017890	preferred	1000	0.000999000999	1	0	0	INSUFFICIENT_SUPPORT
x015283	x017891	preferred	1000	0.000999000999	1	0	0	INSUFFICIENT_SUPPORT
x015283	x022954	preferred	1000	0.000999000999	1	0	0	INSUFFICIENT_SUPPORT
x015283	x024242	preferred	1000	0.000999000999	1	0	0	INSUFFICIENT_SUPPORT
x015283	x025547	preferred	1000	0.000999000999	1	0	0	INSUFFICIENT_SUPPORT
x015283	x037856	preferred	1000	0.000999000999	1	0	0	INSUFFICIENT_SUPPORT
x015283	x037859	preferred	1000	0.000999000999	1	0	0	INSUFFICIENT_SUPPORT
x015283	x037860	preferred	1000	0.000999000999	1	0	0	INSUFFICIENT_SUPPORT
x015283	x037863	preferred	1000	0.000999000999	1	0	0	INSUFFICIENT_SUPPORT
x015283	x038104	preferred	1000	0.000999000999	1	0	0	INSUFFICIENT_SUPPORT
x015284	x001396	preferred	1000	0.000999000999	1	0	0	INSUFFICIENT_SUPPORT
x015284	x017888	preferred	1000	0.000999000999	1	0	0	INSUFFICIENT_SUPPORT
x015284	x020020	preferred	1000	0.000999000999	1	0	0	INSUFFICIENT_SUPPORT
x015284	x022954	preferred	1000	0.000999000999	1	0	0	INSUFFICIENT_SUPPORT
x015284	x024245	preferred	1000	0.000999000999	1	0	0	INSUFFICIENT_SUPPORT
x015284	x025545	preferred	1000	0.000999000999	1	0	0	INSUFFICIENT_SUPPORT
x015284	x037854	preferred	1000	0.000999000999	1	0	0	INSUFFICIENT_SUPPORT
x015284	x037858	preferred	1000	0.000999000999	1	0	0	INSUFFICIENT_SUPPORT
x015284	x037859	preferred	1000	0.000999000999	1	0	0	INSUFFICIENT_SUPPORT
x015284	x037880	preferred	1000	0.000999000999	1	0	0	INSUFFICIENT_SUPPORT
x015284	x041532	preferred	1000	0.000999000999	1	0	0	INSUFFICIENT_SUPPORT
x015285	x001393	preferred	1000	0.000999000999	1	0	0	INSUFFICIENT_SUPPORT
x015285	x025546	preferred	1000	0.000999000999	1	0	0	INSUFFICIENT_SUPPORT
x015285	x037852	preferred	1000	0.000999000999	1	0	0	INSUFFICIENT_SUPPORT
x015285	x037856	preferred	1000	0.000999000999	1	0	0	INSUFFICIENT_SUPPORT
x015285	x037858	preferred	1000	0.000999000999	1	0	0	INSUFFICIENT_SUPPORT
x015285	x037861	preferred	1000	0.000999000999	1	0	0	INSUFFICIENT_SUPPORT
x015801	x002584	preferred	1000	0.000999000999	1	0	0	INSUFFICIENT_SUPPORT
x015801	x020021	preferred	1000	0.000999000999	1	0	0	INSUFFICIENT_SUPPORT
x015801	x024800	preferred	1000	0.000999000999	1	0	0	INSUFFICIENT_SUPPORT
x015801	x025786	preferred	1000	0.000999000999	1	0	0	INSUFFICIENT_SUPPORT
x015801	x037860	preferred	1000	0.000999000999	1	0	0	INSUFFICIENT_SUPPORT
x015801	x037863	preferred	1000	0.000999000999	1	0	0	INSUFFICIENT_SUPPORT
x015801	x038537	preferred	1000	0.000999000999	1	0	0	INSUFFICIENT_SUPPORT
x015913	x020016	preferred	1000	0.000999000999	1	0	0	INSUFFICIENT_SUPPORT
x015913	x020019	preferred	1000	0.000999000999	1	0	0	INSUFFICIENT_SUPPORT
x015913	x022956	preferred	1000	0.000999000999	1	0	0	INSUFFICIENT_SUPPORT
x015913	x037858	preferred	1000	0.000999000999	1	0	0	INSUFFICIENT_SUPPORT
x015913	x040256	preferred	1000	0.000999000999	1	0	0	INSUFFICIENT_SUPPORT
x015913	x042801	preferred	1000	0.000999000999	1	0	0	INSUFFICIENT_SUPPORT
x015913	x042804	preferred	1000	0.000999000999	1	0	0	INSUFFICIENT_SUPPORT
x015913	x042805	preferred	1000	0.000999000999	1	0	0	INSUFFICIENT_SUPPORT
x016186	x018873	preferred	1000	0.000999000999	1	0	0	INSUFFICIENT_SUPPORT
x016186	x025528	preferred	1000	0.000999000999	1	0	0	INSUFFICIENT_SUPPORT
x016186	x025533	preferred	1000	0.000999000999	1	0	0	INSUFFICIENT_SUPPORT
x016186	x037862	preferred	1000	0.000999000999	1	0	0	INSUFFICIENT_SUPPORT
x016186	x038537	preferred	1000	0.000999000999	1	0	0	INSUFFICIENT_SUPPORT
x016186	x042806	preferred	1000	0.000999000999	1	0	0	INSUFFICIENT_SUPPORT
x016264	x014829	preferred	1000	0.000999000999	1	0	0	INSUFFICIENT_SUPPORT
x016264	x019938	preferred	1000	0.000999000999	1	0	0	INSUFFICIENT_SUPPORT
x016264	x037860	preferred	1000	0.000999000999	1	0	0	INSUFFICIENT_SUPPORT
x016264	x039660	preferred	1000	0.000999000999	1	0	0	INSUFFICIENT_SUPPORT
x016264	x040220	preferred	1000	0.000999000999	1	0	0	INSUFFICIENT_SUPPORT
x016296	x017832	preferred	1000	0.000999000999	1	0	0	INSUFFICIENT_SUPPORT
x016296	x018874	preferred	1000	0.000999000999	1	0	0	INSUFFICIENT_SUPPORT
x016296	x024240	preferred	1000	0.000999000999	1	0	0	INSUFFICIENT_SUPPORT
x016296	x025784	preferred	1000	0.000999000999	1	0	0	INSUFFICIENT_SUPPORT
x016296	x037856	preferred	1000	0.000999000999	1	0	0	INSUFFICIENT_SUPPORT
x016296	x038539	preferred	1000	0.000999000999	1	0	0	INSUFFICIENT_SUPPORT
x016296	x040211	preferred	1000	0.000999000999	1	0	0	INSUFFICIENT_SUPPORT
x016448	x000105	preferred	1000	0.000999000999	1	0	0	INSUFFICIENT_SUPPORT
x016448	x001430	preferred	1000	0.000999000999	1	0	0	INSUFFICIENT_SUPPORT
x016896	x000104	depleted	1000	0.998001998	1	1	0.9951665237	INSUFFICIENT_SUPPORT
x016896	x000107	depleted	1000	0.972027972	1	0	0.6953827572	INSUFFICIENT_SUPPORT
x016896	x000108	depleted	1000	0.991008991	1	0	0.6953827572	INSUFFICIENT_SUPPORT
x016896	x003192	preferred	1000	1	1	0	0.9511637996	INSUFFICIENT_SUPPORT
x016896	x003193	preferred	1000	1	1	0	0.5260911389	INSUFFICIENT_SUPPORT
x016896	x003194	preferred	1000	1	1	0	0.5260911389	INSUFFICIENT_SUPPORT
x016896	x003195	preferred	1000	1	1	0	0.5260911389	INSUFFICIENT_SUPPORT
x016896	x003196	preferred	1000	1	1	0	0.5260911389	INSUFFICIENT_SUPPORT
x016896	x007097	preferred	1000	1	1	0	0.5260911389	INSUFFICIENT_SUPPORT
x016896	x007098	preferred	1000	1	1	0	0.5260911389	INSUFFICIENT_SUPPORT
x016896	x016264	preferred	1000	1	1	0	0.5260911389	INSUFFICIENT_SUPPORT
x016896	x016901	preferred	1000	1	1	0	0.7456673993	INSUFFICIENT_SUPPORT
x016896	x017412	preferred	1000	1	1	0	0.8568191319	INSUFFICIENT_SUPPORT
x016896	x017888	preferred	1000	0.04295704296	1	1	0.7456673993	INSUFFICIENT_SUPPORT
x016896	x020019	preferred	1000	0.003996003996	1	1	0.5260911389	INSUFFICIENT_SUPPORT
x016896	x022957	preferred	1000	1	1	0	0.9511637996	INSUFFICIENT_SUPPORT
x016896	x024803	preferred	1000	1	1	0	0.7865568485	INSUFFICIENT_SUPPORT
x016896	x024804	preferred	1000	1	1	0	0.5260911389	INSUFFICIENT_SUPPORT
x016896	x024928	preferred	1000	1	1	0	0.8568191319	INSUFFICIENT_SUPPORT
x016896	x024932	preferred	1000	1	1	0	0.5260911389	INSUFFICIENT_SUPPORT
x016896	x025008	preferred	1000	1	1	0	0.7456673993	INSUFFICIENT_SUPPORT
x016896	x033096	preferred	1000	0.01598401598	1	1	0.7442489859	INSUFFICIENT_SUPPORT
x016896	x037860	depleted	1000	0.953046953	1	0	0.5858408	INSUFFICIENT_SUPPORT
x016896	x037861	depleted	1000	0.973026973	1	0	0.8004437966	INSUFFICIENT_SUPPORT
x016896	x038106	preferred	1000	1	1	0	0.9511637996	INSUFFICIENT_SUPPORT
x016896	x038538	depleted	1000	0.982017982	1	0	0.576972419	INSUFFICIENT_SUPPORT
x016896	x038541	preferred	1000	1	1	0	0.7456673993	INSUFFICIENT_SUPPORT
x016897	x000105	preferred	1000	0.04095904096	1	1	0.8785630422	INSUFFICIENT_SUPPORT
x016897	x000106	depleted	1000	0.9260739261	1	0	0.5397625044	INSUFFICIENT_SUPPORT
x016897	x001089	preferred	1000	1	1	0	0.8940270177	INSUFFICIENT_SUPPORT
x016897	x003192	preferred	1000	1	1	0	0.5081295298	INSUFFICIENT_SUPPORT
x016897	x003193	preferred	1000	0.005994005994	1	1	0.5081295298	INSUFFICIENT_SUPPORT
x016897	x003194	preferred	1000	1	1	0	0.5081295298	INSUFFICIENT_SUPPORT
x016897	x003197	preferred	1000	1	1	0	0.5081295298	INSUFFICIENT_SUPPORT
x016897	x016899	preferred	1000	1	1	0	0.8940270177	INSUFFICIENT_SUPPORT
x016897	x020016	depleted	1000	0.992007992	1	0	0.6870308043	INSUFFICIENT_SUPPORT
x016897	x024242	preferred	1000	0.04295704296	1	1	0.9952396531	INSUFFICIENT_SUPPORT
x016897	x024667	preferred	1000	1	1	0	0.8940270177	INSUFFICIENT_SUPPORT
x016897	x024803	depleted	1000	0.978021978	1	0	0.5307144156	INSUFFICIENT_SUPPORT
x016897	x024928	preferred	1000	1	1	0	0.8654200627	INSUFFICIENT_SUPPORT
x016897	x024929	depleted	1000	0.976023976	1	0	0.6474470706	INSUFFICIENT_SUPPORT
x016897	x025395	depleted	1000	0.992007992	1	0	0.7809306655	INSUFFICIENT_SUPPORT
x016897	x025544	preferred	1000	0.01198801199	1	1	0.7373257399	INSUFFICIENT_SUPPORT
x016897	x025552	preferred	1000	1	1	0	0.5081295298	INSUFFICIENT_SUPPORT
x016897	x034499	preferred	1000	1	1	0	0.5081295298	INSUFFICIENT_SUPPORT
x016897	x037862	depleted	1000	0.998001998	1	1	0.5037873433	INSUFFICIENT_SUPPORT
x016897	x038107	preferred	1000	1	1	0	0.7834254986	INSUFFICIENT_SUPPORT
x016897	x038536	depleted	1000	0.987012987	1	0	0.525990541	INSUFFICIENT_SUPPORT
x016897	x038537	depleted	1000	0.981018981	1	0	0.7554754846	INSUFFICIENT_SUPPORT
x016898	x000104	preferred	1000	0.000999000999	1	0	0	INSUFFICIENT_SUPPORT
x016898	x000105	preferred	1000	0.000999000999	1	0	0	INSUFFICIENT_SUPPORT
x016898	x000107	preferred	1000	0.000999000999	1	0	0	INSUFFICIENT_SUPPORT
x016898	x000109	preferred	1000	0.000999000999	1	0	0	INSUFFICIENT_SUPPORT
x016898	x001393	preferred	1000	0.000999000999	1	0	0	INSUFFICIENT_SUPPORT
x016898	x002337	preferred	1000	0.000999000999	1	0	0	INSUFFICIENT_SUPPORT
x016898	x003193	preferred	1000	0.000999000999	1	0	0	INSUFFICIENT_SUPPORT
x016898	x003194	preferred	1000	0.000999000999	1	0	0	INSUFFICIENT_SUPPORT
x016898	x003196	preferred	1000	0.000999000999	1	0	0	INSUFFICIENT_SUPPORT
x016898	x003197	preferred	1000	0.000999000999	1	0	0	INSUFFICIENT_SUPPORT
x016898	x016296	preferred	1000	0.000999000999	1	0	0	INSUFFICIENT_SUPPORT
x016898	x016897	preferred	1000	0.000999000999	1	0	0	INSUFFICIENT_SUPPORT
x016898	x018873	preferred	1000	0.000999000999	1	0	0	INSUFFICIENT_SUPPORT
x016898	x020022	preferred	1000	0.000999000999	1	0	0	INSUFFICIENT_SUPPORT
x016898	x020329	preferred	1000	0.000999000999	1	0	0	INSUFFICIENT_SUPPORT
x016898	x021277	preferred	1000	0.000999000999	1	0	0	INSUFFICIENT_SUPPORT
x016898	x024664	preferred	1000	0.000999000999	1	0	0	INSUFFICIENT_SUPPORT
x016898	x024800	preferred	1000	0.000999000999	1	0	0	INSUFFICIENT_SUPPORT
x016898	x034244	preferred	1000	0.000999000999	1	0	0	INSUFFICIENT_SUPPORT
x016898	x034672	preferred	1000	0.000999000999	1	0	0	INSUFFICIENT_SUPPORT
x016898	x034674	preferred	1000	0.000999000999	1	0	0	INSUFFICIENT_SUPPORT
x016898	x037860	preferred	1000	0.000999000999	1	0	0	INSUFFICIENT_SUPPORT
x016898	x038538	preferred	1000	0.000999000999	1	0	0	INSUFFICIENT_SUPPORT
x016898	x038539	preferred	1000	0.000999000999	1	0	0	INSUFFICIENT_SUPPORT
x016898	x042820	preferred	1000	0.000999000999	1	0	0	INSUFFICIENT_SUPPORT
x016899	x000104	depleted	1000	0.982017982	1	0	1	INSUFFICIENT_SUPPORT
x016899	x000105	depleted	1000	0.961038961	1	0	1	INSUFFICIENT_SUPPORT
x016899	x000106	depleted	1000	0.9440559441	1	0	1	INSUFFICIENT_SUPPORT
x016899	x000109	preferred	1000	0.01298701299	1	1	1	INSUFFICIENT_SUPPORT
x016899	x001395	preferred	1000	1	1	0	1	INSUFFICIENT_SUPPORT
x016899	x002104	preferred	1000	1	1	0	1	INSUFFICIENT_SUPPORT
x016899	x003192	preferred	1000	1	1	0	1	INSUFFICIENT_SUPPORT
x016899	x003193	preferred	1000	0.01398601399	1	1	1	INSUFFICIENT_SUPPORT
x016899	x003194	depleted	1000	0.981018981	1	0	1	INSUFFICIENT_SUPPORT
x016899	x003195	preferred	1000	1	1	0	1	INSUFFICIENT_SUPPORT
x016899	x003197	preferred	1000	1	1	0	1	INSUFFICIENT_SUPPORT
x016899	x015056	preferred	1000	1	1	0	1	INSUFFICIENT_SUPPORT
x016899	x017415	preferred	1000	1	1	0	1	INSUFFICIENT_SUPPORT
x016899	x024241	depleted	1000	0.99000999	1	0	1	INSUFFICIENT_SUPPORT
x016899	x024800	preferred	1000	1	1	0	1	INSUFFICIENT_SUPPORT
x016899	x024930	preferred	1000	1	1	0	1	INSUFFICIENT_SUPPORT
x016899	x034497	depleted	1000	0.974025974	1	0	1	INSUFFICIENT_SUPPORT
x016899	x037858	depleted	1000	0.9480519481	1	0	1	INSUFFICIENT_SUPPORT
x016899	x038536	depleted	1000	0.984015984	1	0	1	INSUFFICIENT_SUPPORT
x016899	x042802	preferred	1000	1	1	0	1	INSUFFICIENT_SUPPORT
x016900	x000107	preferred	1000	0.000999000999	1	0	0	INSUFFICIENT_SUPPORT
x016900	x001632	preferred	1000	0.000999000999	1	0	0	INSUFFICIENT_SUPPORT
x016900	x003192	preferred	1000	0.000999000999	1	0	0	INSUFFICIENT_SUPPORT
x016900	x003193	preferred	1000	0.000999000999	1	0	0	INSUFFICIENT_SUPPORT
x016900	x003194	preferred	1000	0.000999000999	1	0	0	INSUFFICIENT_SUPPORT
x016900	x003195	preferred	1000	0.000999000999	1	0	0	INSUFFICIENT_SUPPORT
x016900	x007096	preferred	1000	0.000999000999	1	0	0	INSUFFICIENT_SUPPORT
x016900	x024803	preferred	1000	0.000999000999	1	0	0	INSUFFICIENT_SUPPORT
x016900	x025553	preferred	1000	0.000999000999	1	0	0	INSUFFICIENT_SUPPORT
x016900	x038536	preferred	1000	0.000999000999	1	0	0	INSUFFICIENT_SUPPORT
x016900	x038540	preferred	1000	0.000999000999	1	0	0	INSUFFICIENT_SUPPORT
x016901	x000106	preferred	1000	0.000999000999	1	0	0	INSUFFICIENT_SUPPORT
x016901	x000108	preferred	1000	0.000999000999	1	0	0	INSUFFICIENT_SUPPORT
x016901	x003192	preferred	1000	0.000999000999	1	0	0	INSUFFICIENT_SUPPORT
x016901	x003194	preferred	1000	0.000999000999	1	0	0	INSUFFICIENT_SUPPORT
x016901	x003196	preferred	1000	0.000999000999	1	0	0	INSUFFICIENT_SUPPORT
x016901	x017408	preferred	1000	0.000999000999	1	0	0	INSUFFICIENT_SUPPORT
x016901	x024930	preferred	1000	0.000999000999	1	0	0	INSUFFICIENT_SUPPORT
x016901	x024932	preferred	1000	0.000999000999	1	0	0	INSUFFICIENT_SUPPORT
x016901	x024933	preferred	1000	0.000999000999	1	0	0	INSUFFICIENT_SUPPORT
x016901	x034675	preferred	1000	0.000999000999	1	0	0	INSUFFICIENT_SUPPORT
x016901	x037856	preferred	1000	0.000999000999	1	0	0	INSUFFICIENT_SUPPORT
x016902	x000107	preferred	1000	0.000999000999	1	0	0	INSUFFICIENT_SUPPORT
x016902	x000109	preferred	1000	0.000999000999	1	0	0	INSUFFICIENT_SUPPORT
x016902	x003195	preferred	1000	0.000999000999	1	0	0	INSUFFICIENT_SUPPORT
x016902	x003196	preferred	1000	0.000999000999	1	0	0	INSUFFICIENT_SUPPORT
x016902	x003197	preferred	1000	0.000999000999	1	0	0	INSUFFICIENT_SUPPORT
x016902	x007098	preferred	1000	0.000999000999	1	0	0	INSUFFICIENT_SUPPORT
x016902	x024241	preferred	1000	0.000999000999	1	0	0	INSUFFICIENT_SUPPORT
x016902	x024928	preferred	1000	0.000999000999	1	0	0	INSUFFICIENT_SUPPORT
x016902	x037863	preferred	1000	0.000999000999	1	0	0	INSUFFICIENT_SUPPORT
x016969	x000104	preferred	1000	0.000999000999	1	0	0	INSUFFICIENT_SUPPORT
x016969	x000106	preferred	1000	0.000999000999	1	0	0	INSUFFICIENT_SUPPORT
x016969	x000109	preferred	1000	0.000999000999	1	0	0	INSUFFICIENT_SUPPORT
x016969	x025392	preferred	1000	0.000999000999	1	0	0	INSUFFICIENT_SUPPORT
x016970	x001394	preferred	1000	0.000999000999	1	0	0	INSUFFICIENT_SUPPORT
x016970	x002340	preferred	1000	0.000999000999	1	0	0	INSUFFICIENT_SUPPORT
x016970	x025394	preferred	1000	0.000999000999	1	0	0	INSUFFICIENT_SUPPORT
x016970	x025395	preferred	1000	0.000999000999	1	0	0	INSUFFICIENT_SUPPORT
x017032	x001424	preferred	1000	0.000999000999	1	0	0	INSUFFICIENT_SUPPORT
x017032	x001426	preferred	1000	0.000999000999	1	0	0	INSUFFICIENT_SUPPORT
x017032	x001428	preferred	1000	0.000999000999	1	0	0	INSUFFICIENT_SUPPORT
x017032	x017409	preferred	1000	0.000999000999	1	0	0	INSUFFICIENT_SUPPORT
x017032	x017415	preferred	1000	0.000999000999	1	0	0	INSUFFICIENT_SUPPORT
x017032	x017688	preferred	1000	0.000999000999	1	0	0	INSUFFICIENT_SUPPORT
x017032	x018496	preferred	1000	0.000999000999	1	0	0	INSUFFICIENT_SUPPORT
x017032	x018873	preferred	1000	0.000999000999	1	0	0	INSUFFICIENT_SUPPORT
x017032	x018874	preferred	1000	0.000999000999	1	0	0	INSUFFICIENT_SUPPORT
x017032	x037859	preferred	1000	0.000999000999	1	0	0	INSUFFICIENT_SUPPORT
x017032	x038539	preferred	1000	0.000999000999	1	0	0	INSUFFICIENT_SUPPORT
x017033	x002337	preferred	1000	0.000999000999	1	0	0	INSUFFICIENT_SUPPORT
x017033	x005078	preferred	1000	0.000999000999	1	0	0	INSUFFICIENT_SUPPORT
x017033	x017409	preferred	1000	0.000999000999	1	0	0	INSUFFICIENT_SUPPORT
x017033	x018499	preferred	1000	0.000999000999	1	0	0	INSUFFICIENT_SUPPORT
x017288	x001634	preferred	1000	0.000999000999	1	0	0	INSUFFICIENT_SUPPORT
x017288	x007096	preferred	1000	0.000999000999	1	0	0	INSUFFICIENT_SUPPORT
x017288	x018562	preferred	1000	0.000999000999	1	0	0	INSUFFICIENT_SUPPORT
x017288	x024803	preferred	1000	0.000999000999	1	0	0	INSUFFICIENT_SUPPORT
x017288	x024930	preferred	1000	0.000999000999	1	0	0	INSUFFICIENT_SUPPORT
x017288	x029027	preferred	1000	0.000999000999	1	0	0	INSUFFICIENT_SUPPORT
x017288	x031707	preferred	1000	0.000999000999	1	0	0	INSUFFICIENT_SUPPORT
x017288	x037955	preferred	1000	0.000999000999	1	0	0	INSUFFICIENT_SUPPORT
x017288	x042105	preferred	1000	0.000999000999	1	0	0	INSUFFICIENT_SUPPORT
x017288	x042820	preferred	1000	0.000999000999	1	0	0	INSUFFICIENT_SUPPORT
x017289	x000107	preferred	1000	0.000999000999	1	0	0	INSUFFICIENT_SUPPORT
x017289	x000109	preferred	1000	0.000999000999	1	0	0	INSUFFICIENT_SUPPORT
x017289	x001090	preferred	1000	0.000999000999	1	0	0	INSUFFICIENT_SUPPORT
x017289	x003192	preferred	1000	0.000999000999	1	0	0	INSUFFICIENT_SUPPORT
x017289	x003194	preferred	1000	0.000999000999	1	0	0	INSUFFICIENT_SUPPORT
x017290	x000104	preferred	1000	0.000999000999	1	0	0	INSUFFICIENT_SUPPORT
x017290	x001089	preferred	1000	0.000999000999	1	0	0	INSUFFICIENT_SUPPORT
x017290	x003193	preferred	1000	0.000999000999	1	0	0	INSUFFICIENT_SUPPORT
x017291	x003193	preferred	1000	0.000999000999	1	0	0	INSUFFICIENT_SUPPORT
x017291	x003196	preferred	1000	0.000999000999	1	0	0	INSUFFICIENT_SUPPORT
x017291	x024928	preferred	1000	0.000999000999	1	0	0	INSUFFICIENT_SUPPORT
x017291	x034674	preferred	1000	0.000999000999	1	0	0	INSUFFICIENT_SUPPORT
x017291	x037859	preferred	1000	0.000999000999	1	0	0	INSUFFICIENT_SUPPORT
x017292	x000106	preferred	1000	0.000999000999	1	0	0	INSUFFICIENT_SUPPORT
x017292	x003195	preferred	1000	0.000999000999	1	0	0	INSUFFICIENT_SUPPORT
x017292	x016896	preferred	1000	0.000999000999	1	0	0	INSUFFICIENT_SUPPORT
x017292	x018256	preferred	1000	0.000999000999	1	0	0	INSUFFICIENT_SUPPORT
x017292	x037856	preferred	1000	0.000999000999	1	0	0	INSUFFICIENT_SUPPORT
x017293	x002337	preferred	1000	0.000999000999	1	0	0	INSUFFICIENT_SUPPORT
x017293	x003192	preferred	1000	0.000999000999	1	0	0	INSUFFICIENT_SUPPORT
x017293	x003194	preferred	1000	0.000999000999	1	0	0	INSUFFICIENT_SUPPORT
x017293	x024800	preferred	1000	0.000999000999	1	0	0	INSUFFICIENT_SUPPORT
x017376	x000106	preferred	1000	0.000999000999	1	0	0	INSUFFICIENT_SUPPORT
x017376	x000107	preferred	1000	0.000999000999	1	0	0	INSUFFICIENT_SUPPORT
x017376	x000108	preferred	1000	0.000999000999	1	0	0	INSUFFICIENT_SUPPORT
x017376	x001396	preferred	1000	0.000999000999	1	0	0	INSUFFICIENT_SUPPORT
x017376	x001634	preferred	1000	0.000999000999	1	0	0	INSUFFICIENT_SUPPORT
x017376	x003192	preferred	1000	0.000999000999	1	0	0	INSUFFICIENT_SUPPORT
x017376	x003195	preferred	1000	0.000999000999	1	0	0	INSUFFICIENT_SUPPORT
x017376	x003196	preferred	1000	0.000999000999	1	0	0	INSUFFICIENT_SUPPORT
x017376	x003197	preferred	1000	0.000999000999	1	0	0	INSUFFICIENT_SUPPORT
x017376	x007096	preferred	1000	0.000999000999	1	0	0	INSUFFICIENT_SUPPORT
x017376	x016896	preferred	1000	0.000999000999	1	0	0	INSUFFICIENT_SUPPORT
x017376	x016897	preferred	1000	0.000999000999	1	0	0	INSUFFICIENT_SUPPORT
x017376	x016902	preferred	1000	0.000999000999	1	0	0	INSUFFICIENT_SUPPORT
x017376	x016969	preferred	1000	0.000999000999	1	0	0	INSUFFICIENT_SUPPORT
x017376	x017689	preferred	1000	0.000999000999	1	0	0	INSUFFICIENT_SUPPORT
x017376	x018500	preferred	1000	0.000999000999	1	0	0	INSUFFICIENT_SUPPORT
x017376	x024245	preferred	1000	0.000999000999	1	0	0	INSUFFICIENT_SUPPORT
x017376	x024246	preferred	1000	0.000999000999	1	0	0	INSUFFICIENT_SUPPORT
x017376	x024800	preferred	1000	0.000999000999	1	0	0	INSUFFICIENT_SUPPORT
x017376	x024801	preferred	1000	0.000999000999	1	0	0	INSUFFICIENT_SUPPORT
x017376	x024802	preferred	1000	0.000999000999	1	0	0	INSUFFICIENT_SUPPORT
x017376	x024803	preferred	1000	0.000999000999	1	0	0	INSUFFICIENT_SUPPORT
x017376	x024806	preferred	1000	0.000999000999	1	0	0	INSUFFICIENT_SUPPORT
x017376	x024928	preferred	1000	0.000999000999	1	0	0	INSUFFICIENT_SUPPORT
x017376	x024932	preferred	1000	0.000999000999	1	0	0	INSUFFICIENT_SUPPORT
x017376	x029027	preferred	1000	0.000999000999	1	0	0	INSUFFICIENT_SUPPORT
x017376	x037856	preferred	1000	0.000999000999	1	0	0	INSUFFICIENT_SUPPORT
x017376	x037857	preferred	1000	0.000999000999	1	0	0	INSUFFICIENT_SUPPORT
x017376	x037859	preferred	1000	0.000999000999	1	0	0	INSUFFICIENT_SUPPORT
x017376	x038169	preferred	1000	0.000999000999	1	0	0	INSUFFICIENT_SUPPORT
x017376	x038538	preferred	1000	0.000999000999	1	0	0	INSUFFICIENT_SUPPORT
x017376	x038540	preferred	1000	0.000999000999	1	0	0	INSUFFICIENT_SUPPORT
x017376	x039657	preferred	1000	0.000999000999	1	0	0	INSUFFICIENT_SUPPORT
x017376	x042800	preferred	1000	0.000999000999	1	0	0	INSUFFICIENT_SUPPORT
x017376	x042802	preferred	1000	0.000999000999	1	0	0	INSUFFICIENT_SUPPORT
x017376	x042803	preferred	1000	0.000999000999	1	0	0	INSUFFICIENT_SUPPORT
x017376	x042818	preferred	1000	0.000999000999	1	0	0	INSUFFICIENT_SUPPORT
x017376	x042819	preferred	1000	0.000999000999	1	0	0	INSUFFICIENT_SUPPORT
x017377	x000104	depleted	1000	1	1	0	1	INSUFFICIENT_SUPPORT
x017377	x001635	preferred	1000	1	1	0	1	INSUFFICIENT_SUPPORT
x017377	x003192	preferred	1000	1	1	0	1	INSUFFICIENT_SUPPORT
x017377	x003193	preferred	1000	1	1	0	1	INSUFFICIENT_SUPPORT
x017377	x003194	preferred	1000	0.04995004995	1	1	1	INSUFFICIENT_SUPPORT
x017377	x003195	preferred	1000	1	1	0	1	INSUFFICIENT_SUPPORT
x017377	x003196	preferred	1000	0.01098901099	1	1	1	INSUFFICIENT_SUPPORT
x017377	x007096	preferred	1000	1	1	0	1	INSUFFICIENT_SUPPORT
x017377	x007097	preferred	1000	1	1	0	1	INSUFFICIENT_SUPPORT
x017377	x016896	preferred	1000	0.02697302697	1	1	1	INSUFFICIENT_SUPPORT
x017377	x016897	depleted	1000	0.966033966	1	0	1	INSUFFICIENT_SUPPORT
x017377	x016901	preferred	1000	1	1	0	1	INSUFFICIENT_SUPPORT
x017377	x017832	depleted	1000	0.983016983	1	0	1	INSUFFICIENT_SUPPORT
x017377	x018502	preferred	1000	1	1	0	1	INSUFFICIENT_SUPPORT
x017377	x020022	depleted	1000	0.979020979	1	0	1	INSUFFICIENT_SUPPORT
x017377	x020329	preferred	1000	1	1	0	1	INSUFFICIENT_SUPPORT
x017377	x022380	preferred	1000	1	1	0	1	INSUFFICIENT_SUPPORT
x017377	x024246	preferred	1000	1	1	0	1	INSUFFICIENT_SUPPORT
x017377	x024664	depleted	1000	1	1	0	1	INSUFFICIENT_SUPPORT
x017377	x024806	preferred	1000	1	1	0	1	INSUFFICIENT_SUPPORT
x017377	x024928	depleted	1000	0.991008991	1	0	1	INSUFFICIENT_SUPPORT
x017377	x034499	preferred	1000	1	1	0	1	INSUFFICIENT_SUPPORT
x017377	x037858	depleted	1000	0.998001998	1	1	1	INSUFFICIENT_SUPPORT
x017377	x037859	depleted	1000	0.998001998	1	1	1	INSUFFICIENT_SUPPORT
x017377	x037862	depleted	1000	1	1	0	1	INSUFFICIENT_SUPPORT
x017377	x038169	preferred	1000	1	1	0	1	INSUFFICIENT_SUPPORT
x017377	x038538	depleted	1000	0.969030969	1	0	1	INSUFFICIENT_SUPPORT
x017377	x042800	depleted	1000	0.971028971	1	0	1	INSUFFICIENT_SUPPORT
x017377	x042802	depleted	1000	1	1	0	1	INSUFFICIENT_SUPPORT
x017377	x042805	depleted	1000	1	1	0	1	INSUFFICIENT_SUPPORT
x017377	x042817	preferred	1000	1	1	0	1	INSUFFICIENT_SUPPORT
x017378	x000105	preferred	1000	0.000999000999	1	0	0	INSUFFICIENT_SUPPORT
x017378	x000107	preferred	1000	0.000999000999	1	0	0	INSUFFICIENT_SUPPORT
x017378	x000108	preferred	1000	0.000999000999	1	0	0	INSUFFICIENT_SUPPORT
x017378	x000109	preferred	1000	0.000999000999	1	0	0	INSUFFICIENT_SUPPORT
x017378	x001393	preferred	1000	0.000999000999	1	0	0	INSUFFICIENT_SUPPORT
x017378	x001634	preferred	1000	0.000999000999	1	0	0	INSUFFICIENT_SUPPORT
x017378	x003192	preferred	1000	0.000999000999	1	0	0	INSUFFICIENT_SUPPORT
x017378	x003193	preferred	1000	0.000999000999	1	0	0	INSUFFICIENT_SUPPORT
x017378	x003194	preferred	1000	0.000999000999	1	0	0	INSUFFICIENT_SUPPORT
x017378	x003195	preferred	1000	0.000999000999	1	0	0	INSUFFICIENT_SUPPORT
x017378	x016898	preferred	1000	0.000999000999	1	0	0	INSUFFICIENT_SUPPORT
x017378	x017672	preferred	1000	0.000999000999	1	0	0	INSUFFICIENT_SUPPORT
x017378	x017888	preferred	1000	0.000999000999	1	0	0	INSUFFICIENT_SUPPORT
x017378	x017891	preferred	1000	0.000999000999	1	0	0	INSUFFICIENT_SUPPORT
x017378	x020016	preferred	1000	0.000999000999	1	0	0	INSUFFICIENT_SUPPORT
x017378	x020023	preferred	1000	0.000999000999	1	0	0	INSUFFICIENT_SUPPORT
x017378	x020328	preferred	1000	0.000999000999	1	0	0	INSUFFICIENT_SUPPORT
x017378	x024803	preferred	1000	0.000999000999	1	0	0	INSUFFICIENT_SUPPORT
x017378	x024933	preferred	1000	0.000999000999	1	0	0	INSUFFICIENT_SUPPORT
x017378	x037856	preferred	1000	0.000999000999	1	0	0	INSUFFICIENT_SUPPORT
x017378	x037859	preferred	1000	0.000999000999	1	0	0	INSUFFICIENT_SUPPORT
x017378	x038110	preferred	1000	0.000999000999	1	0	0	INSUFFICIENT_SUPPORT
x017378	x041256	preferred	1000	0.000999000999	1	0	0	INSUFFICIENT_SUPPORT
x017378	x042801	preferred	1000	0.000999000999	1	0	0	INSUFFICIENT_SUPPORT
x017378	x042816	preferred	1000	0.000999000999	1	0	0	INSUFFICIENT_SUPPORT
x017379	x000105	preferred	1000	0.000999000999	1	0	0	INSUFFICIENT_SUPPORT
x017379	x000106	preferred	1000	0.000999000999	1	0	0	INSUFFICIENT_SUPPORT
x017379	x000107	preferred	1000	0.000999000999	1	0	0	INSUFFICIENT_SUPPORT
x017379	x001632	preferred	1000	0.000999000999	1	0	0	INSUFFICIENT_SUPPORT
x017379	x003192	preferred	1000	0.000999000999	1	0	0	INSUFFICIENT_SUPPORT
x017379	x003194	preferred	1000	0.000999000999	1	0	0	INSUFFICIENT_SUPPORT
x017379	x003196	preferred	1000	0.000999000999	1	0	0	INSUFFICIENT_SUPPORT
x017379	x003197	preferred	1000	0.000999000999	1	0	0	INSUFFICIENT_SUPPORT
x017379	x007097	preferred	1000	0.000999000999	1	0	0	INSUFFICIENT_SUPPORT
x017379	x016896	preferred	1000	0.000999000999	1	0	0	INSUFFICIENT_SUPPORT
x017379	x016898	preferred	1000	0.000999000999	1	0	0	INSUFFICIENT_SUPPORT
x017379	x020018	preferred	1000	0.000999000999	1	0	0	INSUFFICIENT_SUPPORT
x017379	x024664	preferred	1000	0.000999000999	1	0	0	INSUFFICIENT_SUPPORT
x017379	x024802	preferred	1000	0.000999000999	1	0	0	INSUFFICIENT_SUPPORT
x017379	x025763	preferred	1000	0.000999000999	1	0	0	INSUFFICIENT_SUPPORT
x017379	x034673	preferred	1000	0.000999000999	1	0	0	INSUFFICIENT_SUPPORT
x017379	x037856	preferred	1000	0.000999000999	1	0	0	INSUFFICIENT_SUPPORT
x017379	x037861	preferred	1000	0.000999000999	1	0	0	INSUFFICIENT_SUPPORT
x017379	x038537	preferred	1000	0.000999000999	1	0	0	INSUFFICIENT_SUPPORT
x017379	x040632	preferred	1000	0.000999000999	1	0	0	INSUFFICIENT_SUPPORT
x017379	x042804	preferred	1000	0.000999000999	1	0	0	INSUFFICIENT_SUPPORT
x017380	x000105	preferred	1000	0.000999000999	1	0	0	INSUFFICIENT_SUPPORT
x017380	x000108	preferred	1000	0.000999000999	1	0	0	INSUFFICIENT_SUPPORT
x017380	x003192	preferred	1000	0.000999000999	1	0	0	INSUFFICIENT_SUPPORT
x017380	x003196	preferred	1000	0.000999000999	1	0	0	INSUFFICIENT_SUPPORT
x017380	x003197	preferred	1000	0.000999000999	1	0	0	INSUFFICIENT_SUPPORT
x017380	x014831	preferred	1000	0.000999000999	1	0	0	INSUFFICIENT_SUPPORT
x017380	x016896	preferred	1000	0.000999000999	1	0	0	INSUFFICIENT_SUPPORT
x017380	x016898	preferred	1000	0.000999000999	1	0	0	INSUFFICIENT_SUPPORT
x017380	x022380	preferred	1000	0.000999000999	1	0	0	INSUFFICIENT_SUPPORT
x017380	x024803	preferred	1000	0.000999000999	1	0	0	INSUFFICIENT_SUPPORT
x017380	x037856	preferred	1000	0.000999000999	1	0	0	INSUFFICIENT_SUPPORT
x017381	x000109	preferred	1000	0.000999000999	1	0	0	INSUFFICIENT_SUPPORT
x017381	x003192	preferred	1000	0.000999000999	1	0	0	INSUFFICIENT_SUPPORT
x017381	x003193	preferred	1000	0.000999000999	1	0	0	INSUFFICIENT_SUPPORT
x017381	x003195	preferred	1000	0.000999000999	1	0	0	INSUFFICIENT_SUPPORT
x017381	x022380	preferred	1000	0.000999000999	1	0	0	INSUFFICIENT_SUPPORT
x017381	x024664	preferred	1000	0.000999000999	1	0	0	INSUFFICIENT_SUPPORT
x017381	x024667	preferred	1000	0.000999000999	1	0	0	INSUFFICIENT_SUPPORT
x017381	x024802	preferred	1000	0.000999000999	1	0	0	INSUFFICIENT_SUPPORT
x017381	x024803	preferred	1000	0.000999000999	1	0	0	INSUFFICIENT_SUPPORT
x017381	x024929	preferred	1000	0.000999000999	1	0	0	INSUFFICIENT_SUPPORT
x017381	x034499	preferred	1000	0.000999000999	1	0	0	INSUFFICIENT_SUPPORT
x017381	x037857	preferred	1000	0.000999000999	1	0	0	INSUFFICIENT_SUPPORT
x017381	x038539	preferred	1000	0.000999000999	1	0	0	INSUFFICIENT_SUPPORT
x017381	x042803	preferred	1000	0.000999000999	1	0	0	INSUFFICIENT_SUPPORT
x017381	x042805	preferred	1000	0.000999000999	1	0	0	INSUFFICIENT_SUPPORT
x017382	x000107	preferred	1000	0.000999000999	1	0	0	INSUFFICIENT_SUPPORT
x017382	x000108	preferred	1000	0.000999000999	1	0	0	INSUFFICIENT_SUPPORT
x017382	x003193	preferred	1000	0.000999000999	1	0	0	INSUFFICIENT_SUPPORT
x017382	x007097	preferred	1000	0.000999000999	1	0	0	INSUFFICIENT_SUPPORT
x017382	x024929	preferred	1000	0.000999000999	1	0	0	INSUFFICIENT_SUPPORT
x017382	x024931	preferred	1000	0.000999000999	1	0	0	INSUFFICIENT_SUPPORT
x017408	x001424	depleted	1000	0.9140859141	1	0	0.1319145469	EXPECTED_FROM_NULL
x017408	x001425	depleted	1000	0.982017982	1	0	0.1652812212	EXPECTED_FROM_NULL
x017408	x001426	depleted	1000	0.995004995	1	1	0.1589734489	EXPECTED_FROM_NULL
x017408	x001570	preferred	1000	1	1	1	0.1103114933	EXPECTED_FROM_NULL
x017408	x005108	preferred	1000	1	1	0	0.1543235963	EXPECTED_FROM_NULL
x017408	x007097	preferred	1000	1	1	0	0.1220420092	EXPECTED_FROM_NULL
x017408	x008314	preferred	1000	1	1	0	0.1550093811	EXPECTED_FROM_NULL
x017408	x008315	preferred	1000	0.02597402597	0.2551656488	1	0.1220420092	EXPECTED_FROM_NULL
x017408	x010280	preferred	1000	0.04995004995	0.2806111086	1	0.1782991477	EXPECTED_FROM_NULL
x017408	x016896	preferred	1000	0.1058941059	0.4235764236	1	0.2211435891	EXPECTED_FROM_NULL
x017408	x016897	preferred	1000	1	1	0	0.1570725519	EXPECTED_FROM_NULL
x017408	x016898	depleted	1000	0.99000999	1	0.3333333333	0.1925067978	EXPECTED_FROM_NULL
x017408	x016899	preferred	1000	1	1	0	0.1360316729	EXPECTED_FROM_NULL
x017408	x016901	preferred	10000	0.002599740026	0.1528647135	0.5	0.1770557397	EXPECTED_FROM_NULL
x017408	x017288	preferred	1000	1	1	0	0.2055848143	EXPECTED_FROM_NULL
x017408	x017291	preferred	1000	1	1	0	0.1208070794	EXPECTED_FROM_NULL
x017408	x018497	depleted	1000	0.975024975	1	0.5	0.1880853222	EXPECTED_FROM_NULL
x017408	x018502	preferred	1000	1	1	0	0.1588080147	EXPECTED_FROM_NULL
x017408	x018877	preferred	1000	0.02797202797	0.2551656488	1	0.1521227375	EXPECTED_FROM_NULL
x017408	x019713	preferred	1000	0.01098901099	0.2517482517	1	0.1539783115	EXPECTED_FROM_NULL
x017408	x019936	preferred	1000	0.07392607393	0.3387158296	1	0.1984268228	EXPECTED_FROM_NULL
x017408	x019938	preferred	1000	1	1	0	0.1467464923	EXPECTED_FROM_NULL
x017408	x019941	preferred	1000	1	1	1	0.1357633189	EXPECTED_FROM_NULL
x017408	x020022	preferred	1000	1	1	0	0.2225042651	EXPECTED_FROM_NULL
x017408	x021277	preferred	1000	1	1	0	0.1365642403	EXPECTED_FROM_NULL
x017408	x022920	preferred	1000	0.04895104895	0.2776516088	1	0.1365642403	EXPECTED_FROM_NULL
x017408	x024072	preferred	1000	1	1	0	0.1208070794	EXPECTED_FROM_NULL
x017408	x024089	preferred	1000	1	1	1	0.1208070794	EXPECTED_FROM_NULL
x017408	x024803	preferred	1000	0.02597402597	0.2551656488	1	0.171762962	EXPECTED_FROM_NULL
x017408	x029027	preferred	1000	1	1	1	0.1181335132	EXPECTED_FROM_NULL
x017408	x031618	preferred	1000	1	1	0	0.1539783115	EXPECTED_FROM_NULL
x017408	x031620	preferred	1000	1	1	0	0.1103114933	EXPECTED_FROM_NULL
x017408	x031704	preferred	1000	0.01998001998	0.2534725548	1	0.1318470223	EXPECTED_FROM_NULL
x017408	x031705	preferred	1000	1	1	0	0.1658514702	EXPECTED_FROM_NULL
x017408	x031707	preferred	1000	0.04295704296	0.2696662768	1	0.1752282247	EXPECTED_FROM_NULL
x017408	x031708	preferred	1000	1	1	0	0.1344991739	EXPECTED_FROM_NULL
x017408	x031709	preferred	1000	1	1	0	0.1231545666	EXPECTED_FROM_NULL
x017408	x033408	preferred	1000	1	1	0	0.1365642403	EXPECTED_FROM_NULL
x017408	x034243	preferred	1000	1	1	0	0.1539783115	EXPECTED_FROM_NULL
x017408	x038543	preferred	1000	1	1	0	0.1550093811	EXPECTED_FROM_NULL
x017408	x038674	preferred	1000	1	1	1	0.1365642403	EXPECTED_FROM_NULL
x017408	x041112	depleted	1000	0.8881118881	1	0	0.1685389228	EXPECTED_FROM_NULL
x017408	x041113	preferred	1000	1	1	0	0.2409987825	EXPECTED_FROM_NULL
x017408	x041114	depleted	1000	0.8571428571	1	0	0.1840484903	EXPECTED_FROM_NULL
x017408	x041115	preferred	10000	0.006599340066	0.2517482517	0.5	0.2041012418	EXPECTED_FROM_NULL
x017408	x041116	preferred	1000	1	1	0	0.1307585336	EXPECTED_FROM_NULL
x017408	x041117	preferred	1000	0.06993006993	0.3280761791	0.5	0.1947093035	EXPECTED_FROM_NULL
x017408	x041585	preferred	1000	1	1	0	0.2012614571	EXPECTED_FROM_NULL
x017408	x041936	preferred	1000	1	1	0	0.1782991477	EXPECTED_FROM_NULL
x017408	x042465	preferred	10000	0.000599940006	0.07559244076	0.5	0.157134668	EXPECTED_FROM_NULL
x017408	x042467	preferred	1000	1	1	0	0.1220420092	EXPECTED_FROM_NULL
x017408	x042469	preferred	1000	1	1	1	0.1368577761	EXPECTED_FROM_NULL
x017409	x000105	depleted	1000	0.996003996	1	1	0.3407275265	EXPECTED_FROM_NULL
x017409	x001424	depleted	1000	0.9480519481	1	0	0.2354740711	EXPECTED_FROM_NULL
x017409	x001426	depleted	1000	0.978021978	1	1	0.325074506	EXPECTED_FROM_NULL
x017409	x001569	preferred	1000	1	1	0	0.2087858981	EXPECTED_FROM_NULL
x017409	x005232	preferred	1000	1	1	0	0.2572520969	EXPECTED_FROM_NULL
x017409	x005234	preferred	1000	0.01598401598	0.2517482517	1	0.2087858981	EXPECTED_FROM_NULL
x017409	x008312	preferred	10000	0.000399960004	0.05879412059	0.5	0.2572520969	EXPECTED_FROM_NULL
x017409	x008313	preferred	1000	1	1	1	0.2431759969	EXPECTED_FROM_NULL
x017409	x008314	preferred	1000	1	1	0	0.3141008442	EXPECTED_FROM_NULL
x017409	x014829	preferred	1000	1	1	0	0.8471914692	EXPECTED_FROM_NULL
x017409	x016896	preferred	1000	0.09090909091	0.3773262032	1	0.3086938345	EXPECTED_FROM_NULL
x017409	x016897	preferred	1000	1	1	0	0.2342994776	EXPECTED_FROM_NULL
x017409	x016898	preferred	1000	0.07792207792	0.3437451437	1	0.3729949802	EXPECTED_FROM_NULL
x017409	x016899	preferred	1000	1	1	0	0.4112343063	EXPECTED_FROM_NULL
x017409	x016900	preferred	1000	1	1	1	0.2883278732	EXPECTED_FROM_NULL
x017409	x016901	preferred	1000	1	1	0	0.7884295779	EXPECTED_FROM_NULL
x017409	x016902	preferred	1000	1	1	1	0.4334229598	EXPECTED_FROM_NULL
x017409	x017288	preferred	1000	1	1	0	0.2572520969	EXPECTED_FROM_NULL
x017409	x017289	preferred	1000	1	1	0	0.3349630872	EXPECTED_FROM_NULL
x017409	x017290	preferred	1000	1	1	0	0.2572069375	EXPECTED_FROM_NULL
x017409	x017292	preferred	1000	1	1	0	0.2087858981	EXPECTED_FROM_NULL
x017409	x018497	depleted	1000	0.9190809191	1	0	0.4846647484	EXPECTED_FROM_NULL
x017409	x018872	depleted	1000	0.9420579421	1	0	0.3698767802	EXPECTED_FROM_NULL
x017409	x019936	preferred	1000	1	1	0	0.3648039486	EXPECTED_FROM_NULL
x017409	x019937	preferred	1000	1	1	0	0.2986664731	EXPECTED_FROM_NULL
x017409	x019940	preferred	1000	1	1	0	0.3350218987	EXPECTED_FROM_NULL
x017409	x019941	preferred	1000	1	1	0	0.2572520969	EXPECTED_FROM_NULL
x017409	x022924	preferred	1000	1	1	0	0.2572520969	EXPECTED_FROM_NULL
x017409	x023867	preferred	1000	1	1	0	0.2087858981	EXPECTED_FROM_NULL
x017409	x024200	preferred	1000	1	1	1	0.2087858981	EXPECTED_FROM_NULL
x017409	x024664	preferred	1000	1	1	1	0.2431979257	EXPECTED_FROM_NULL
x017409	x025008	preferred	1000	1	1	1	0.2703701746	EXPECTED_FROM_NULL
x017409	x031618	preferred	1000	1	1	0	0.8471914692	EXPECTED_FROM_NULL
x017409	x031704	preferred	1000	1	1	1	0.2288317511	EXPECTED_FROM_NULL
x017409	x031705	preferred	1000	1	1	0	0.2572520969	EXPECTED_FROM_NULL
x017409	x031706	preferred	1000	1	1	0	0.3115731501	EXPECTED_FROM_NULL
x017409	x038538	depleted	1000	1	1	0	0.4247432643	EXPECTED_FROM_NULL
x017409	x041112	preferred	1000	1	1	1	0.6439798029	EXPECTED_FROM_NULL
x017409	x041113	preferred	1000	1	1	0	0.6468403149	EXPECTED_FROM_NULL
x017409	x041114	depleted	1000	0.995004995	1	1	0.3976834804	EXPECTED_FROM_NULL
x017409	x041115	preferred	1000	0.02597402597	0.2551656488	1	0.3694480494	EXPECTED_FROM_NULL
x017409	x041117	preferred	1000	1	1	0	0.5577959458	EXPECTED_FROM_NULL
x017409	x041118	preferred	1000	1	1	0	0.2572069375	EXPECTED_FROM_NULL
x017409	x041262	preferred	1000	1	1	0	0.2572520969	EXPECTED_FROM_NULL
x017409	x041465	preferred	1000	1	1	0	0.4502009559	EXPECTED_FROM_NULL
x017409	x041803	preferred	1000	1	1	0	0.3349630872	EXPECTED_FROM_NULL
x017409	x041936	preferred	1000	1	1	0	0.4801871178	EXPECTED_FROM_NULL
x017409	x042107	preferred	1000	1	1	0	0.4112343063	EXPECTED_FROM_NULL
x017409	x042464	preferred	1000	1	1	1	0.2883784967	EXPECTED_FROM_NULL
x017409	x042467	preferred	1000	1	1	0	0.2572069375	EXPECTED_FROM_NULL
x017410	x001425	depleted	1000	0.973026973	1	0	0.5655261954	INSUFFICIENT_SUPPORT
x017410	x001569	preferred	1000	1	1	0	0.5145287494	INSUFFICIENT_SUPPORT
x017410	x005232	preferred	1000	1	1	0	0.5145287494	INSUFFICIENT_SUPPORT
x017410	x005248	preferred	1000	1	1	0	0.8624092566	INSUFFICIENT_SUPPORT
x017410	x008312	preferred	1000	1	1	0	0.615445991	INSUFFICIENT_SUPPORT
x017410	x008315	preferred	1000	1	1	0	0.5145287494	INSUFFICIENT_SUPPORT
x017410	x008316	preferred	1000	1	1	0	0.615445991	INSUFFICIENT_SUPPORT
x017410	x010280	preferred	1000	1	1	0	0.9140280825	INSUFFICIENT_SUPPORT
x017410	x010936	preferred	1000	1	1	0	0.5145287494	INSUFFICIENT_SUPPORT
x017410	x016896	depleted	1000	0.95004995	1	0	0.7394661234	INSUFFICIENT_SUPPORT
x017410	x016897	preferred	1000	1	1	0	0.5248740097	INSUFFICIENT_SUPPORT
x017410	x016898	preferred	1000	0.02997002997	1	1	0.6917406831	INSUFFICIENT_SUPPORT
x017410	x016899	preferred	1000	1	1	0	0.5145287494	INSUFFICIENT_SUPPORT
x017410	x016900	preferred	1000	1	1	0	0.6515431936	INSUFFICIENT_SUPPORT
x017410	x016901	preferred	1000	1	1	0	0.615445991	INSUFFICIENT_SUPPORT
x017410	x017289	preferred	1000	1	1	0	0.5145287494	INSUFFICIENT_SUPPORT
x017410	x017291	preferred	1000	1	1	0	0.5145287494	INSUFFICIENT_SUPPORT
x017410	x017293	preferred	1000	1	1	0	0.5145287494	INSUFFICIENT_SUPPORT
x017410	x018499	depleted	1000	0.9390609391	1	0	0.6609745676	INSUFFICIENT_SUPPORT
x017410	x019936	preferred	1000	1	1	0	0.9140280825	INSUFFICIENT_SUPPORT
x017410	x019940	preferred	1000	1	1	0	0.5145287494	INSUFFICIENT_SUPPORT
x017410	x021976	preferred	1000	1	1	0	0.615445991	INSUFFICIENT_SUPPORT
x017410	x023368	preferred	1000	1	1	0	0.9140280825	INSUFFICIENT_SUPPORT
x017410	x031621	preferred	1000	1	1	0	0.5145287494	INSUFFICIENT_SUPPORT
x017410	x031705	preferred	1000	1	1	0	0.5145287494	INSUFFICIENT_SUPPORT
x017410	x031708	preferred	1000	1	1	0	0.5145287494	INSUFFICIENT_SUPPORT
x017410	x037852	preferred	1000	1	1	0	0.8624092566	INSUFFICIENT_SUPPORT
x017410	x038168	preferred	1000	1	1	0	0.9140280825	INSUFFICIENT_SUPPORT
x017410	x038169	preferred	1000	1	1	0	0.7942313887	INSUFFICIENT_SUPPORT
x017410	x041112	depleted	1000	1	1	1	0.9196040833	INSUFFICIENT_SUPPORT
x017410	x041113	preferred	1000	0.002997002997	1	1	0.615445991	INSUFFICIENT_SUPPORT
x017410	x041114	preferred	1000	0.03896103896	1	1	0.5188368597	INSUFFICIENT_SUPPORT
x017410	x041115	preferred	1000	1	1	0	0.615445991	INSUFFICIENT_SUPPORT
x017410	x041116	preferred	1000	0.007992007992	1	1	0.5145287494	INSUFFICIENT_SUPPORT
x017410	x041117	depleted	1000	0.978021978	1	0	0.7221369994	INSUFFICIENT_SUPPORT
x017410	x041465	preferred	1000	1	1	0	0.615445991	INSUFFICIENT_SUPPORT
x017410	x041468	preferred	1000	1	1	0	0.5145287494	INSUFFICIENT_SUPPORT
x017410	x041936	preferred	1000	0.008991008991	1	1	0.5145287494	INSUFFICIENT_SUPPORT
x017410	x042464	preferred	1000	1	1	0	0.615445991	INSUFFICIENT_SUPPORT
x017410	x042465	preferred	1000	1	1	0	0.615445991	INSUFFICIENT_SUPPORT
x017411	x001569	preferred	1000	0.007992007992	1	1	0.501437149	INSUFFICIENT_SUPPORT
x017411	x001570	preferred	1000	1	1	0	0.501437149	INSUFFICIENT_SUPPORT
x017411	x005072	depleted	1000	0.99000999	1	0	0.7602923973	INSUFFICIENT_SUPPORT
x017411	x005235	preferred	1000	0.01098901099	1	1	0.9051392066	INSUFFICIENT_SUPPORT
x017411	x007098	preferred	1000	1	1	0	0.9051392066	INSUFFICIENT_SUPPORT
x017411	x016897	preferred	1000	1	1	0	0.9103574852	INSUFFICIENT_SUPPORT
x017411	x016898	depleted	1000	0.973026973	1	0	0.6484554575	INSUFFICIENT_SUPPORT
x017411	x016899	preferred	1000	0.03396603397	1	1	0.7672306363	INSUFFICIENT_SUPPORT
x017411	x016900	preferred	1000	1	1	0	0.7609647153	INSUFFICIENT_SUPPORT
x017411	x016901	depleted	1000	0.975024975	1	0	0.7532254415	INSUFFICIENT_SUPPORT
x017411	x016902	preferred	1000	0.03496503497	1	1	0.7609647153	INSUFFICIENT_SUPPORT
x017411	x017288	preferred	1000	1	1	0	0.9103574852	INSUFFICIENT_SUPPORT
x017411	x017289	preferred	1000	1	1	0	0.9051392066	INSUFFICIENT_SUPPORT
x017411	x017292	preferred	1000	1	1	0	0.501437149	INSUFFICIENT_SUPPORT
x017411	x018256	preferred	1000	1	1	0	0.9051392066	INSUFFICIENT_SUPPORT
x017411	x018496	depleted	1000	0.9310689311	1	0	0.7056721304	INSUFFICIENT_SUPPORT
x017411	x019936	depleted	1000	0.985014985	1	0	0.8504162281	INSUFFICIENT_SUPPORT
x017411	x019937	preferred	1000	1	1	0	0.501437149	INSUFFICIENT_SUPPORT
x017411	x020016	depleted	1000	0.9410589411	1	0	0.7953567536	INSUFFICIENT_SUPPORT
x017411	x021976	preferred	1000	1	1	0	0.501437149	INSUFFICIENT_SUPPORT
x017411	x031619	preferred	1000	1	1	0	0.501437149	INSUFFICIENT_SUPPORT
x017411	x031707	preferred	1000	0.01498501499	1	1	0.501437149	INSUFFICIENT_SUPPORT
x017411	x031709	preferred	1000	1	1	0	0.501437149	INSUFFICIENT_SUPPORT
x017411	x033409	preferred	1000	1	1	0	0.9051392066	INSUFFICIENT_SUPPORT
x017411	x038440	preferred	1000	1	1	0	0.501437149	INSUFFICIENT_SUPPORT
x017411	x038674	preferred	1000	1	1	0	0.501437149	INSUFFICIENT_SUPPORT
x017411	x041113	depleted	1000	0.9260739261	1	0	0.6172154064	INSUFFICIENT_SUPPORT
x017411	x041114	depleted	1000	0.951048951	1	0	0.8562795794	INSUFFICIENT_SUPPORT
x017411	x041117	depleted	1000	0.9220779221	1	0	0.6209192096	INSUFFICIENT_SUPPORT
x017411	x041118	preferred	1000	1	1	0	0.9051392066	INSUFFICIENT_SUPPORT
x017411	x041119	preferred	1000	1	1	0	0.501437149	INSUFFICIENT_SUPPORT
x017411	x041258	preferred	1000	1	1	0	0.6289073071	INSUFFICIENT_SUPPORT
x017411	x042466	preferred	1000	1	1	0	0.9103574852	INSUFFICIENT_SUPPORT
x017412	x000106	depleted	1000	0.989010989	1	0	1	INSUFFICIENT_SUPPORT
x017412	x001427	depleted	1000	1	1	0	1	INSUFFICIENT_SUPPORT
x017412	x001632	preferred	1000	1	1	0	1	INSUFFICIENT_SUPPORT
x017412	x002976	preferred	1000	1	1	0	1	INSUFFICIENT_SUPPORT
x017412	x008318	preferred	1000	1	1	0	1	INSUFFICIENT_SUPPORT
x017412	x016896	depleted	1000	0.978021978	1	0	1	INSUFFICIENT_SUPPORT
x017412	x016897	preferred	1000	1	1	0	1	INSUFFICIENT_SUPPORT
x017412	x016898	preferred	1000	0.04695304695	1	1	1	INSUFFICIENT_SUPPORT
x017412	x016901	preferred	1000	1	1	0	1	INSUFFICIENT_SUPPORT
x017412	x017288	preferred	1000	1	1	0	1	INSUFFICIENT_SUPPORT
x017412	x017291	preferred	1000	1	1	0	1	INSUFFICIENT_SUPPORT
x017412	x018249	preferred	1000	1	1	0	1	INSUFFICIENT_SUPPORT
x017412	x018503	preferred	1000	1	1	0	1	INSUFFICIENT_SUPPORT
x017412	x019938	depleted	1000	0.978021978	1	0	1	INSUFFICIENT_SUPPORT
x017412	x022920	preferred	1000	1	1	0	1	INSUFFICIENT_SUPPORT
x017412	x031704	preferred	1000	1	1	0	1	INSUFFICIENT_SUPPORT
x017412	x031705	preferred	1000	1	1	0	1	INSUFFICIENT_SUPPORT
x017412	x031708	preferred	1000	1	1	0	1	INSUFFICIENT_SUPPORT
x017412	x031709	preferred	1000	1	1	0	1	INSUFFICIENT_SUPPORT
x017412	x038169	preferred	1000	1	1	0	1	INSUFFICIENT_SUPPORT
x017412	x041112	preferred	1000	1	1	0	1	INSUFFICIENT_SUPPORT
x017412	x041113	depleted	1000	0.999000999	1	1	1	INSUFFICIENT_SUPPORT
x017412	x041118	preferred	1000	1	1	0	1	INSUFFICIENT_SUPPORT
x017412	x042107	preferred	1000	1	1	0	1	INSUFFICIENT_SUPPORT
x017412	x042464	preferred	1000	1	1	0	1	INSUFFICIENT_SUPPORT
x017413	x001426	preferred	1000	0.000999000999	1	0	0	INSUFFICIENT_SUPPORT
x017413	x001430	preferred	1000	0.000999000999	1	0	0	INSUFFICIENT_SUPPORT
x017413	x001569	preferred	1000	0.000999000999	1	0	0	INSUFFICIENT_SUPPORT
x017413	x010280	preferred	1000	0.000999000999	1	0	0	INSUFFICIENT_SUPPORT
x017413	x016901	preferred	1000	0.000999000999	1	0	0	INSUFFICIENT_SUPPORT
x017413	x016902	preferred	1000	0.000999000999	1	0	0	INSUFFICIENT_SUPPORT
x017413	x017288	preferred	1000	0.000999000999	1	0	0	INSUFFICIENT_SUPPORT
x017413	x021969	preferred	1000	0.000999000999	1	0	0	INSUFFICIENT_SUPPORT
x017413	x023368	preferred	1000	0.000999000999	1	0	0	INSUFFICIENT_SUPPORT
x017413	x025008	preferred	1000	0.000999000999	1	0	0	INSUFFICIENT_SUPPORT
x017413	x031704	preferred	1000	0.000999000999	1	0	0	INSUFFICIENT_SUPPORT
x017413	x037851	preferred	1000	0.000999000999	1	0	0	INSUFFICIENT_SUPPORT
x017413	x037912	preferred	1000	0.000999000999	1	0	0	INSUFFICIENT_SUPPORT
x017413	x041112	preferred	1000	0.000999000999	1	0	0	INSUFFICIENT_SUPPORT
x017413	x041113	preferred	1000	0.000999000999	1	0	0	INSUFFICIENT_SUPPORT
x017413	x041118	preferred	1000	0.000999000999	1	0	0	INSUFFICIENT_SUPPORT
x017413	x041939	preferred	1000	0.000999000999	1	0	0	INSUFFICIENT_SUPPORT
x017413	x042467	preferred	1000	0.000999000999	1	0	0	INSUFFICIENT_SUPPORT
x017414	x001570	preferred	1000	0.000999000999	1	0	0	INSUFFICIENT_SUPPORT
x017414	x008312	preferred	1000	0.000999000999	1	0	0	INSUFFICIENT_SUPPORT
x017414	x008313	preferred	1000	0.000999000999	1	0	0	INSUFFICIENT_SUPPORT
x017414	x010280	preferred	1000	0.000999000999	1	0	0	INSUFFICIENT_SUPPORT
x017414	x016896	preferred	1000	0.000999000999	1	0	0	INSUFFICIENT_SUPPORT
x017414	x016899	preferred	1000	0.000999000999	1	0	0	INSUFFICIENT_SUPPORT
x017414	x016900	preferred	1000	0.000999000999	1	0	0	INSUFFICIENT_SUPPORT
x017414	x016901	preferred	1000	0.000999000999	1	0	0	INSUFFICIENT_SUPPORT
x017414	x017289	preferred	1000	0.000999000999	1	0	0	INSUFFICIENT_SUPPORT
x017414	x019937	preferred	1000	0.000999000999	1	0	0	INSUFFICIENT_SUPPORT
x017414	x019940	preferred	1000	0.000999000999	1	0	0	INSUFFICIENT_SUPPORT
x017414	x031705	preferred	1000	0.000999000999	1	0	0	INSUFFICIENT_SUPPORT
x017414	x031706	preferred	1000	0.000999000999	1	0	0	INSUFFICIENT_SUPPORT
x017414	x033408	preferred	1000	0.000999000999	1	0	0	INSUFFICIENT_SUPPORT
x017414	x041112	preferred	1000	0.000999000999	1	0	0	INSUFFICIENT_SUPPORT
x017414	x041113	preferred	1000	0.000999000999	1	0	0	INSUFFICIENT_SUPPORT
x017414	x041114	preferred	1000	0.000999000999	1	0	0	INSUFFICIENT_SUPPORT
x017414	x041115	preferred	1000	0.000999000999	1	0	0	INSUFFICIENT_SUPPORT
x017414	x041116	preferred	1000	0.000999000999	1	0	0	INSUFFICIENT_SUPPORT
x017414	x041119	preferred	1000	0.000999000999	1	0	0	INSUFFICIENT_SUPPORT
x017414	x042465	preferred	1000	0.000999000999	1	0	0	INSUFFICIENT_SUPPORT
x017414	x042801	preferred	1000	0.000999000999	1	0	0	INSUFFICIENT_SUPPORT
x017415	x001430	preferred	1000	0.000999000999	1	0	0	INSUFFICIENT_SUPPORT
x017415	x016897	preferred	1000	0.000999000999	1	0	0	INSUFFICIENT_SUPPORT
x017415	x022380	preferred	1000	0.000999000999	1	0	0	INSUFFICIENT_SUPPORT
x017415	x029027	preferred	1000	0.000999000999	1	0	0	INSUFFICIENT_SUPPORT
x017415	x031707	preferred	1000	0.000999000999	1	0	0	INSUFFICIENT_SUPPORT
x017415	x041118	preferred	1000	0.000999000999	1	0	0	INSUFFICIENT_SUPPORT
x017415	x041470	preferred	1000	0.000999000999	1	0	0	INSUFFICIENT_SUPPORT
x017488	x001429	preferred	1000	0.000999000999	1	0	0	INSUFFICIENT_SUPPORT
x017488	x002109	preferred	1000	0.000999000999	1	0	0	INSUFFICIENT_SUPPORT
x017488	x005072	preferred	1000	0.000999000999	1	0	0	INSUFFICIENT_SUPPORT
x017488	x017410	preferred	1000	0.000999000999	1	0	0	INSUFFICIENT_SUPPORT
x017488	x025393	preferred	1000	0.000999000999	1	0	0	INSUFFICIENT_SUPPORT
x017488	x037852	preferred	1000	0.000999000999	1	0	0	INSUFFICIENT_SUPPORT
x017488	x041113	preferred	1000	0.000999000999	1	0	0	INSUFFICIENT_SUPPORT
x017672	x001426	depleted	1000	1	1	1	1	INSUFFICIENT_SUPPORT
x017672	x002106	preferred	1000	1	1	0	1	INSUFFICIENT_SUPPORT
x017672	x002338	preferred	1000	1	1	0	1	INSUFFICIENT_SUPPORT
x017672	x002341	preferred	1000	1	1	0	1	INSUFFICIENT_SUPPORT
x017672	x010937	preferred	1000	0.03596403596	1	1	1	INSUFFICIENT_SUPPORT
x017672	x015281	preferred	1000	1	1	0	1	INSUFFICIENT_SUPPORT
x017672	x018875	preferred	1000	1	1	0	1	INSUFFICIENT_SUPPORT
x017672	x018876	preferred	1000	0.01598401598	1	1	1	INSUFFICIENT_SUPPORT
x017672	x020969	preferred	1000	1	1	0	1	INSUFFICIENT_SUPPORT
x017672	x025784	preferred	1000	1	1	0	1	INSUFFICIENT_SUPPORT
x017672	x025785	preferred	1000	1	1	0	1	INSUFFICIENT_SUPPORT
x017672	x041260	preferred	1000	0.04695304695	1	1	1	INSUFFICIENT_SUPPORT
x017673	x000104	preferred	1000	0.000999000999	1	0	0	INSUFFICIENT_SUPPORT
x017673	x001090	preferred	1000	0.000999000999	1	0	0	INSUFFICIENT_SUPPORT
x017673	x002340	preferred	1000	0.000999000999	1	0	0	INSUFFICIENT_SUPPORT
x017673	x002342	preferred	1000	0.000999000999	1	0	0	INSUFFICIENT_SUPPORT
x017673	x031706	preferred	1000	0.000999000999	1	0	0	INSUFFICIENT_SUPPORT
x017673	x037824	preferred	1000	0.000999000999	1	0	0	INSUFFICIENT_SUPPORT
x017674	x002979	preferred	1000	0.000999000999	1	0	0	INSUFFICIENT_SUPPORT
x017674	x025763	preferred	1000	0.000999000999	1	0	0	INSUFFICIENT_SUPPORT
x017674	x038538	preferred	1000	0.000999000999	1	0	0	INSUFFICIENT_SUPPORT
x017675	x000104	preferred	1000	0.000999000999	1	0	0	INSUFFICIENT_SUPPORT
x017675	x017409	preferred	1000	0.000999000999	1	0	0	INSUFFICIENT_SUPPORT
x017675	x017675	preferred	1000	0.000999000999	1	0	0	INSUFFICIENT_SUPPORT
x017675	x018875	preferred	1000	0.000999000999	1	0	0	INSUFFICIENT_SUPPORT
x017675	x025010	preferred	1000	0.000999000999	1	0	0	INSUFFICIENT_SUPPORT
x017675	x033096	preferred	1000	0.000999000999	1	0	0	INSUFFICIENT_SUPPORT
x017675	x034499	preferred	1000	0.000999000999	1	0	0	INSUFFICIENT_SUPPORT
x017676	x002106	preferred	1000	0.000999000999	1	0	0	INSUFFICIENT_SUPPORT
x017676	x005107	preferred	1000	0.000999000999	1	0	0	INSUFFICIENT_SUPPORT
x017676	x025008	preferred	1000	0.000999000999	1	0	0	INSUFFICIENT_SUPPORT
x017676	x033099	preferred	1000	0.000999000999	1	0	0	INSUFFICIENT_SUPPORT
x017677	x005110	preferred	1000	0.000999000999	1	0	0	INSUFFICIENT_SUPPORT
x017677	x017033	preferred	1000	0.000999000999	1	0	0	INSUFFICIENT_SUPPORT
x017677	x024739	preferred	1000	0.000999000999	1	0	0	INSUFFICIENT_SUPPORT
x017677	x037856	preferred	1000	0.000999000999	1	0	0	INSUFFICIENT_SUPPORT
x017677	x038541	preferred	1000	0.000999000999	1	0	0	INSUFFICIENT_SUPPORT
x017677	x042805	preferred	1000	0.000999000999	1	0	0	INSUFFICIENT_SUPPORT
x017688	x002338	preferred	1000	0.000999000999	1	0	0	INSUFFICIENT_SUPPORT
x017688	x002339	preferred	1000	0.000999000999	1	0	0	INSUFFICIENT_SUPPORT
x017688	x002342	preferred	1000	0.000999000999	1	0	0	INSUFFICIENT_SUPPORT
x017688	x005074	preferred	1000	0.000999000999	1	0	0	INSUFFICIENT_SUPPORT
x017688	x017414	preferred	1000	0.000999000999	1	0	0	INSUFFICIENT_SUPPORT
x017688	x018496	preferred	1000	0.000999000999	1	0	0	INSUFFICIENT_SUPPORT
x017688	x019939	preferred	1000	0.000999000999	1	0	0	INSUFFICIENT_SUPPORT
x017688	x025528	preferred	1000	0.000999000999	1	0	0	INSUFFICIENT_SUPPORT
x017688	x025529	preferred	1000	0.000999000999	1	0	0	INSUFFICIENT_SUPPORT
x017688	x031617	preferred	1000	0.000999000999	1	0	0	INSUFFICIENT_SUPPORT
x017688	x031622	preferred	1000	0.000999000999	1	0	0	INSUFFICIENT_SUPPORT
x017688	x033100	preferred	1000	0.000999000999	1	0	0	INSUFFICIENT_SUPPORT
x017688	x034241	preferred	1000	0.000999000999	1	0	0	INSUFFICIENT_SUPPORT
x017688	x041112	preferred	1000	0.000999000999	1	0	0	INSUFFICIENT_SUPPORT
x017688	x042801	preferred	1000	0.000999000999	1	0	0	INSUFFICIENT_SUPPORT
x017689	x000104	preferred	1000	0.000999000999	1	0	0	INSUFFICIENT_SUPPORT
x017689	x002105	preferred	1000	0.000999000999	1	0	0	INSUFFICIENT_SUPPORT
x017689	x002337	preferred	1000	0.000999000999	1	0	0	INSUFFICIENT_SUPPORT
x017689	x005075	preferred	1000	0.000999000999	1	0	0	INSUFFICIENT_SUPPORT
x017689	x017410	preferred	1000	0.000999000999	1	0	0	INSUFFICIENT_SUPPORT
x017689	x017413	preferred	1000	0.000999000999	1	0	0	INSUFFICIENT_SUPPORT
x017689	x020969	preferred	1000	0.000999000999	1	0	0	INSUFFICIENT_SUPPORT
x017689	x024929	preferred	1000	0.000999000999	1	0	0	INSUFFICIENT_SUPPORT
x017689	x025533	preferred	1000	0.000999000999	1	0	0	INSUFFICIENT_SUPPORT
x017689	x031707	preferred	1000	0.000999000999	1	0	0	INSUFFICIENT_SUPPORT
x017689	x037858	preferred	1000	0.000999000999	1	0	0	INSUFFICIENT_SUPPORT
x017690	x001425	preferred	1000	0.000999000999	1	0	0	INSUFFICIENT_SUPPORT
x017690	x001427	preferred	1000	0.000999000999	1	0	0	INSUFFICIENT_SUPPORT
x017690	x001893	preferred	1000	0.000999000999	1	0	0	INSUFFICIENT_SUPPORT
x017690	x017410	preferred	1000	0.000999000999	1	0	0	INSUFFICIENT_SUPPORT
x017690	x018876	preferred	1000	0.000999000999	1	0	0	INSUFFICIENT_SUPPORT
x017690	x019937	preferred	1000	0.000999000999	1	0	0	INSUFFICIENT_SUPPORT
x017690	x019940	preferred	1000	0.000999000999	1	0	0	INSUFFICIENT_SUPPORT
x017690	x019943	preferred	1000	0.000999000999	1	0	0	INSUFFICIENT_SUPPORT
x017690	x024804	preferred	1000	0.000999000999	1	0	0	INSUFFICIENT_SUPPORT
x017690	x031709	preferred	1000	0.000999000999	1	0	0	INSUFFICIENT_SUPPORT
x017690	x037985	preferred	1000	0.000999000999	1	0	0	INSUFFICIENT_SUPPORT
x017690	x038537	preferred	1000	0.000999000999	1	0	0	INSUFFICIENT_SUPPORT
x017690	x041800	preferred	1000	0.000999000999	1	0	0	INSUFFICIENT_SUPPORT
x017691	x002104	preferred	1000	0.000999000999	1	0	0	INSUFFICIENT_SUPPORT
x017691	x014831	preferred	1000	0.000999000999	1	0	0	INSUFFICIENT_SUPPORT
x017691	x018561	preferred	1000	0.000999000999	1	0	0	INSUFFICIENT_SUPPORT
x017691	x019936	preferred	1000	0.000999000999	1	0	0	INSUFFICIENT_SUPPORT
x017691	x025529	preferred	1000	0.000999000999	1	0	0	INSUFFICIENT_SUPPORT
x017691	x038105	preferred	1000	0.000999000999	1	0	0	INSUFFICIENT_SUPPORT
x017691	x038539	preferred	1000	0.000999000999	1	0	0	INSUFFICIENT_SUPPORT
x017691	x041261	preferred	1000	0.000999000999	1	0	0	INSUFFICIENT_SUPPORT
x017691	x042104	preferred	1000	0.000999000999	1	0	0	INSUFFICIENT_SUPPORT
x017692	x001428	preferred	1000	0.000999000999	1	0	0	INSUFFICIENT_SUPPORT
x017692	x001430	preferred	1000	0.000999000999	1	0	0	INSUFFICIENT_SUPPORT
x017692	x014827	preferred	1000	0.000999000999	1	0	0	INSUFFICIENT_SUPPORT
x017692	x017410	preferred	1000	0.000999000999	1	0	0	INSUFFICIENT_SUPPORT
x017692	x019939	preferred	1000	0.000999000999	1	0	0	INSUFFICIENT_SUPPORT
x017692	x020017	preferred	1000	0.000999000999	1	0	0	INSUFFICIENT_SUPPORT
x017692	x041465	preferred	1000	0.000999000999	1	0	0	INSUFFICIENT_SUPPORT
x017692	x042802	preferred	1000	0.000999000999	1	0	0	INSUFFICIENT_SUPPORT
x017694	x001428	preferred	1000	0.000999000999	1	0	0	INSUFFICIENT_SUPPORT
x017694	x014826	preferred	1000	0.000999000999	1	0	0	INSUFFICIENT_SUPPORT
x017694	x014827	preferred	1000	0.000999000999	1	0	0	INSUFFICIENT_SUPPORT
x017694	x017998	preferred	1000	0.000999000999	1	0	0	INSUFFICIENT_SUPPORT
x017694	x019936	preferred	1000	0.000999000999	1	0	0	INSUFFICIENT_SUPPORT
x017694	x041114	preferred	1000	0.000999000999	1	0	0	INSUFFICIENT_SUPPORT
x017694	x041260	preferred	1000	0.000999000999	1	0	0	INSUFFICIENT_SUPPORT
x017694	x042802	preferred	1000	0.000999000999	1	0	0	INSUFFICIENT_SUPPORT
x017832	x001092	preferred	1000	0.000999000999	1	0	0	INSUFFICIENT_SUPPORT
x017832	x001430	preferred	1000	0.000999000999	1	0	0	INSUFFICIENT_SUPPORT
x017832	x002340	preferred	1000	0.000999000999	1	0	0	INSUFFICIENT_SUPPORT
x017832	x005076	preferred	1000	0.000999000999	1	0	0	INSUFFICIENT_SUPPORT
x017832	x017408	preferred	1000	0.000999000999	1	0	0	INSUFFICIENT_SUPPORT
x017832	x017889	preferred	1000	0.000999000999	1	0	0	INSUFFICIENT_SUPPORT
x017832	x018496	preferred	1000	0.000999000999	1	0	0	INSUFFICIENT_SUPPORT
x017832	x018498	preferred	1000	0.000999000999	1	0	0	INSUFFICIENT_SUPPORT
x017832	x018499	preferred	1000	0.000999000999	1	0	0	INSUFFICIENT_SUPPORT
x017832	x018502	preferred	1000	0.000999000999	1	0	0	INSUFFICIENT_SUPPORT
x017832	x018872	preferred	1000	0.000999000999	1	0	0	INSUFFICIENT_SUPPORT
x017832	x018873	preferred	1000	0.000999000999	1	0	0	INSUFFICIENT_SUPPORT
x017832	x019716	preferred	1000	0.000999000999	1	0	0	INSUFFICIENT_SUPPORT
x017832	x024802	preferred	1000	0.000999000999	1	0	0	INSUFFICIENT_SUPPORT
x017832	x025012	preferred	1000	0.000999000999	1	0	0	INSUFFICIENT_SUPPORT
x017832	x025392	preferred	1000	0.000999000999	1	0	0	INSUFFICIENT_SUPPORT
x017832	x025395	preferred	1000	0.000999000999	1	0	0	INSUFFICIENT_SUPPORT
x017832	x025396	preferred	1000	0.000999000999	1	0	0	INSUFFICIENT_SUPPORT
x017832	x025530	preferred	1000	0.000999000999	1	0	0	INSUFFICIENT_SUPPORT
x017832	x034496	preferred	1000	0.000999000999	1	0	0	INSUFFICIENT_SUPPORT
x017832	x037849	preferred	1000	0.000999000999	1	0	0	INSUFFICIENT_SUPPORT
x017832	x037853	preferred	1000	0.000999000999	1	0	0	INSUFFICIENT_SUPPORT
x017832	x037854	preferred	1000	0.000999000999	1	0	0	INSUFFICIENT_SUPPORT
x017832	x037856	preferred	1000	0.000999000999	1	0	0	INSUFFICIENT_SUPPORT
x017832	x037955	preferred	1000	0.000999000999	1	0	0	INSUFFICIENT_SUPPORT
x017832	x042104	preferred	1000	0.000999000999	1	0	0	INSUFFICIENT_SUPPORT
x017832	x042105	preferred	1000	0.000999000999	1	0	0	INSUFFICIENT_SUPPORT
x017832	x042802	preferred	1000	0.000999000999	1	0	0	INSUFFICIENT_SUPPORT
x017833	x001093	preferred	1000	0.01698301698	1	1	1	INSUFFICIENT_SUPPORT
x017833	x001424	depleted	1000	0.986013986	1	0	1	INSUFFICIENT_SUPPORT
x017833	x001426	depleted	1000	1	1	0	1	INSUFFICIENT_SUPPORT
x017833	x001427	depleted	1000	0.984015984	1	0	1	INSUFFICIENT_SUPPORT
x017833	x002104	depleted	1000	0.989010989	1	0	1	INSUFFICIENT_SUPPORT
x017833	x005072	preferred	1000	1	1	0	1	INSUFFICIENT_SUPPORT
x017833	x005107	preferred	1000	1	1	0	1	INSUFFICIENT_SUPPORT
x017833	x011177	preferred	1000	1	1	0	1	INSUFFICIENT_SUPPORT
x017833	x014824	preferred	1000	1	1	0	1	INSUFFICIENT_SUPPORT
x017833	x015280	preferred	1000	1	1	0	1	INSUFFICIENT_SUPPORT
x017833	x017410	depleted	1000	0.999000999	1	1	1	INSUFFICIENT_SUPPORT
x017833	x017414	depleted	1000	0.969030969	1	0	1	INSUFFICIENT_SUPPORT
x017833	x017888	preferred	1000	0.04395604396	1	1	1	INSUFFICIENT_SUPPORT
x017833	x018498	depleted	1000	0.973026973	1	0	1	INSUFFICIENT_SUPPORT
x017833	x018872	depleted	1000	0.968031968	1	0	1	INSUFFICIENT_SUPPORT
x017833	x018874	preferred	1000	0.01298701299	1	1	1	INSUFFICIENT_SUPPORT
x017833	x018875	preferred	1000	1	1	0	1	INSUFFICIENT_SUPPORT
x017833	x020017	preferred	1000	1	1	0	1	INSUFFICIENT_SUPPORT
x017833	x025786	preferred	1000	1	1	0	1	INSUFFICIENT_SUPPORT
x017833	x025790	preferred	1000	1	1	0	1	INSUFFICIENT_SUPPORT
x017833	x031704	preferred	1000	1	1	0	1	INSUFFICIENT_SUPPORT
x017833	x034672	preferred	1000	1	1	0	1	INSUFFICIENT_SUPPORT
x017833	x037848	depleted	1000	0.988011988	1	0	1	INSUFFICIENT_SUPPORT
x017833	x037856	depleted	1000	0.9420579421	1	0	1	INSUFFICIENT_SUPPORT
x017833	x037912	depleted	1000	0.988011988	1	0	1	INSUFFICIENT_SUPPORT
x017833	x038106	preferred	1000	1	1	0	1	INSUFFICIENT_SUPPORT
x017833	x038536	depleted	1000	1	1	0	1	INSUFFICIENT_SUPPORT
x017833	x038537	depleted	1000	0.971028971	1	0	1	INSUFFICIENT_SUPPORT
x017833	x038538	depleted	1000	1	1	0	1	INSUFFICIENT_SUPPORT
x017833	x038541	preferred	1000	1	1	0	1	INSUFFICIENT_SUPPORT
x017833	x038543	depleted	1000	1	1	0	1	INSUFFICIENT_SUPPORT
x017833	x040222	preferred	1000	1	1	0	1	INSUFFICIENT_SUPPORT
x017833	x041260	preferred	1000	0.007992007992	1	1	1	INSUFFICIENT_SUPPORT
x017833	x042800	depleted	1000	0.989010989	1	0	1	INSUFFICIENT_SUPPORT
x017833	x042801	preferred	1000	1	1	0	1	INSUFFICIENT_SUPPORT
x017833	x042804	preferred	1000	1	1	0	1	INSUFFICIENT_SUPPORT
x017834	x000104	preferred	1000	0.000999000999	1	0	0	INSUFFICIENT_SUPPORT
x017834	x000107	preferred	1000	0.000999000999	1	0	0	INSUFFICIENT_SUPPORT
x017834	x001424	preferred	1000	0.000999000999	1	0	0	INSUFFICIENT_SUPPORT
x017834	x001425	preferred	1000	0.000999000999	1	0	0	INSUFFICIENT_SUPPORT
x017834	x002108	preferred	1000	0.000999000999	1	0	0	INSUFFICIENT_SUPPORT
x017834	x002584	preferred	1000	0.000999000999	1	0	0	INSUFFICIENT_SUPPORT
x017834	x005074	preferred	1000	0.000999000999	1	0	0	INSUFFICIENT_SUPPORT
x017834	x014826	preferred	1000	0.000999000999	1	0	0	INSUFFICIENT_SUPPORT
x017834	x017408	preferred	1000	0.000999000999	1	0	0	INSUFFICIENT_SUPPORT
x017834	x018496	preferred	1000	0.000999000999	1	0	0	INSUFFICIENT_SUPPORT
x017834	x018875	preferred	1000	0.000999000999	1	0	0	INSUFFICIENT_SUPPORT
x017834	x037850	preferred	1000	0.000999000999	1	0	0	INSUFFICIENT_SUPPORT
x017834	x037858	preferred	1000	0.000999000999	1	0	0	INSUFFICIENT_SUPPORT
x017834	x038536	preferred	1000	0.000999000999	1	0	0	INSUFFICIENT_SUPPORT
x017834	x038538	preferred	1000	0.000999000999	1	0	0	INSUFFICIENT_SUPPORT
x017834	x040208	preferred	1000	0.000999000999	1	0	0	INSUFFICIENT_SUPPORT
x017834	x041112	preferred	1000	0.000999000999	1	0	0	INSUFFICIENT_SUPPORT
x017834	x041441	preferred	1000	0.000999000999	1	0	0	INSUFFICIENT_SUPPORT
x017835	x000104	preferred	1000	0.000999000999	1	0	0	INSUFFICIENT_SUPPORT
x017835	x000107	preferred	1000	0.000999000999	1	0	0	INSUFFICIENT_SUPPORT
x017835	x002104	preferred	1000	0.000999000999	1	0	0	INSUFFICIENT_SUPPORT
x017835	x002106	preferred	1000	0.000999000999	1	0	0	INSUFFICIENT_SUPPORT
x017835	x005075	preferred	1000	0.000999000999	1	0	0	INSUFFICIENT_SUPPORT
x017835	x017689	preferred	1000	0.000999000999	1	0	0	INSUFFICIENT_SUPPORT
x017835	x017894	preferred	1000	0.000999000999	1	0	0	INSUFFICIENT_SUPPORT
x017835	x018497	preferred	1000	0.000999000999	1	0	0	INSUFFICIENT_SUPPORT
x017835	x018498	preferred	1000	0.000999000999	1	0	0	INSUFFICIENT_SUPPORT
x017835	x018501	preferred	1000	0.000999000999	1	0	0	INSUFFICIENT_SUPPORT
x017835	x018562	preferred	1000	0.000999000999	1	0	0	INSUFFICIENT_SUPPORT
x017835	x018876	preferred	1000	0.000999000999	1	0	0	INSUFFICIENT_SUPPORT
x017835	x020020	preferred	1000	0.000999000999	1	0	0	INSUFFICIENT_SUPPORT
x017835	x020632	preferred	1000	0.000999000999	1	0	0	INSUFFICIENT_SUPPORT
x017835	x024802	preferred	1000	0.000999000999	1	0	0	INSUFFICIENT_SUPPORT
x017835	x025012	preferred	1000	0.000999000999	1	0	0	INSUFFICIENT_SUPPORT
x017835	x037849	preferred	1000	0.000999000999	1	0	0	INSUFFICIENT_SUPPORT
x017835	x037850	preferred	1000	0.000999000999	1	0	0	INSUFFICIENT_SUPPORT
x017835	x037857	preferred	1000	0.000999000999	1	0	0	INSUFFICIENT_SUPPORT
x017835	x038104	preferred	1000	0.000999000999	1	0	0	INSUFFICIENT_SUPPORT
x017835	x038265	preferred	1000	0.000999000999	1	0	0	INSUFFICIENT_SUPPORT
x017835	x038536	preferred	1000	0.000999000999	1	0	0	INSUFFICIENT_SUPPORT
x017835	x038537	preferred	1000	0.000999000999	1	0	0	INSUFFICIENT_SUPPORT
x017835	x038540	preferred	1000	0.000999000999	1	0	0	INSUFFICIENT_SUPPORT
x017835	x038542	preferred	1000	0.000999000999	1	0	0	INSUFFICIENT_SUPPORT
x017835	x041256	preferred	1000	0.000999000999	1	0	0	INSUFFICIENT_SUPPORT
x017835	x041531	preferred	1000	0.000999000999	1	0	0	INSUFFICIENT_SUPPORT
x017836	x000105	preferred	1000	0.000999000999	1	0	0	INSUFFICIENT_SUPPORT
x017836	x002106	preferred	1000	0.000999000999	1	0	0	INSUFFICIENT_SUPPORT
x017836	x005074	preferred	1000	0.000999000999	1	0	0	INSUFFICIENT_SUPPORT
x017836	x010938	preferred	1000	0.000999000999	1	0	0	INSUFFICIENT_SUPPORT
x017836	x018496	preferred	1000	0.000999000999	1	0	0	INSUFFICIENT_SUPPORT
x017836	x018874	preferred	1000	0.000999000999	1	0	0	INSUFFICIENT_SUPPORT
x017836	x020969	preferred	1000	0.000999000999	1	0	0	INSUFFICIENT_SUPPORT
x017836	x021562	preferred	1000	0.000999000999	1	0	0	INSUFFICIENT_SUPPORT
x017836	x024802	preferred	1000	0.000999000999	1	0	0	INSUFFICIENT_SUPPORT
x017836	x025547	preferred	1000	0.000999000999	1	0	0	INSUFFICIENT_SUPPORT
x017836	x025549	preferred	1000	0.000999000999	1	0	0	INSUFFICIENT_SUPPORT
x017836	x025790	preferred	1000	0.000999000999	1	0	0	INSUFFICIENT_SUPPORT
x017836	x025889	preferred	1000	0.000999000999	1	0	0	INSUFFICIENT_SUPPORT
x017836	x037856	preferred	1000	0.000999000999	1	0	0	INSUFFICIENT_SUPPORT
x017836	x037861	preferred	1000	0.000999000999	1	0	0	INSUFFICIENT_SUPPORT
x017836	x038540	preferred	1000	0.000999000999	1	0	0	INSUFFICIENT_SUPPORT
x017836	x041113	preferred	1000	0.000999000999	1	0	0	INSUFFICIENT_SUPPORT
x017836	x042800	preferred	1000	0.000999000999	1	0	0	INSUFFICIENT_SUPPORT
x017837	x001426	preferred	1000	0.000999000999	1	0	0	INSUFFICIENT_SUPPORT
x017837	x014829	preferred	1000	0.000999000999	1	0	0	INSUFFICIENT_SUPPORT
x017837	x017893	preferred	1000	0.000999000999	1	0	0	INSUFFICIENT_SUPPORT
x017837	x018872	preferred	1000	0.000999000999	1	0	0	INSUFFICIENT_SUPPORT
x017837	x020018	preferred	1000	0.000999000999	1	0	0	INSUFFICIENT_SUPPORT
x017837	x023867	preferred	1000	0.000999000999	1	0	0	INSUFFICIENT_SUPPORT
x017837	x025392	preferred	1000	0.000999000999	1	0	0	INSUFFICIENT_SUPPORT
x017837	x025785	preferred	1000	0.000999000999	1	0	0	INSUFFICIENT_SUPPORT
x017837	x034498	preferred	1000	0.000999000999	1	0	0	INSUFFICIENT_SUPPORT
x017837	x037825	preferred	1000	0.000999000999	1	0	0	INSUFFICIENT_SUPPORT
x017837	x037848	preferred	1000	0.000999000999	1	0	0	INSUFFICIENT_SUPPORT
x017837	x041528	preferred	1000	0.000999000999	1	0	0	INSUFFICIENT_SUPPORT
x017837	x042109	preferred	1000	0.000999000999	1	0	0	INSUFFICIENT_SUPPORT
x017838	x000108	preferred	1000	0.000999000999	1	0	0	INSUFFICIENT_SUPPORT
x017838	x002584	preferred	1000	0.000999000999	1	0	0	INSUFFICIENT_SUPPORT
x017838	x012816	preferred	1000	0.000999000999	1	0	0	INSUFFICIENT_SUPPORT
x017838	x013721	preferred	1000	0.000999000999	1	0	0	INSUFFICIENT_SUPPORT
x017838	x017408	preferred	1000	0.000999000999	1	0	0	INSUFFICIENT_SUPPORT
x017838	x018498	preferred	1000	0.000999000999	1	0	0	INSUFFICIENT_SUPPORT
x017838	x025784	preferred	1000	0.000999000999	1	0	0	INSUFFICIENT_SUPPORT
x017838	x037856	preferred	1000	0.000999000999	1	0	0	INSUFFICIENT_SUPPORT
x017838	x037859	preferred	1000	0.000999000999	1	0	0	INSUFFICIENT_SUPPORT
x017838	x041443	preferred	1000	0.000999000999	1	0	0	INSUFFICIENT_SUPPORT
x017838	x042104	preferred	1000	0.000999000999	1	0	0	INSUFFICIENT_SUPPORT
x017838	x042465	preferred	1000	0.000999000999	1	0	0	INSUFFICIENT_SUPPORT
x017888	x013417	preferred	1000	1	1	0	0.3432346007	EXPECTED_FROM_NULL
x017888	x013425	preferred	1000	1	1	0	0.2696473871	EXPECTED_FROM_NULL
x017888	x017033	preferred	10000	0.009499050095	0.2517482517	1	0.2696473871	EXPECTED_FROM_NULL
x017888	x017488	preferred	1000	1	1	0	0.3529733385	EXPECTED_FROM_NULL
x017888	x024929	preferred	1000	1	1	0	0.510828709	EXPECTED_FROM_NULL
x017888	x031290	preferred	1000	1	1	0	0.313446533	EXPECTED_FROM_NULL
x017888	x033602	preferred	1000	1	1	0	0.3866245008	EXPECTED_FROM_NULL
x017888	x034244	preferred	1000	0.01398601399	0.2517482517	1	0.2696473871	EXPECTED_FROM_NULL
x017888	x041240	preferred	1000	1	1	0	0.3529733385	EXPECTED_FROM_NULL
x017888	x042282	preferred	1000	0.01398601399	0.2517482517	1	0.2696473871	EXPECTED_FROM_NULL
x017889	x004729	preferred	1000	1	1	0	0.7709391052	INSUFFICIENT_SUPPORT
x017889	x017032	preferred	1000	1	1	0	0.862885796	INSUFFICIENT_SUPPORT
x017889	x021048	preferred	1000	1	1	0	0.5135240705	INSUFFICIENT_SUPPORT
x017889	x021953	preferred	1000	1	1	0	0.5135240705	INSUFFICIENT_SUPPORT
x017889	x025736	preferred	1000	1	1	0	0.5135240705	INSUFFICIENT_SUPPORT
x017889	x026008	preferred	1000	1	1	0	0.5135240705	INSUFFICIENT_SUPPORT
x017889	x034240	preferred	1000	1	1	0	0.5135240705	INSUFFICIENT_SUPPORT
x017889	x039080	depleted	1000	0.96003996	1	0	0.6637289081	INSUFFICIENT_SUPPORT
x017889	x039656	preferred	1000	1	1	0	0.862885796	INSUFFICIENT_SUPPORT
x017890	x002609	preferred	10000	0.008299170083	0.2517482517	1	0.2138093572	EXPECTED_FROM_NULL
x017890	x013417	preferred	1000	0.02397602398	0.2551656488	1	0.3357813626	EXPECTED_FROM_NULL
x017890	x016451	preferred	1000	1	1	0	0.261260588	EXPECTED_FROM_NULL
x017890	x017032	preferred	1000	1	1	0	0.3273531016	EXPECTED_FROM_NULL
x017890	x017488	preferred	1000	1	1	0	0.2138093572	EXPECTED_FROM_NULL
x017890	x026008	preferred	1000	1	1	0	0.2138093572	EXPECTED_FROM_NULL
x017890	x038441	preferred	1000	1	1	0	0.2571485692	EXPECTED_FROM_NULL
x017890	x040634	preferred	1000	0.01698301698	0.2517482517	1	0.261260588	EXPECTED_FROM_NULL
x017890	x041443	preferred	1000	1	1	0	0.3273531016	EXPECTED_FROM_NULL
x017890	x042464	preferred	1000	1	1	0	0.3273531016	EXPECTED_FROM_NULL
x017891	x013417	preferred	1000	1	1	0	1	INSUFFICIENT_SUPPORT
x017891	x017032	depleted	1000	0.995004995	1	0	1	INSUFFICIENT_SUPPORT
x017891	x017410	preferred	1000	1	1	0	1	INSUFFICIENT_SUPPORT
x017891	x021277	preferred	1000	1	1	0	1	INSUFFICIENT_SUPPORT
x017891	x021953	preferred	1000	1	1	0	1	INSUFFICIENT_SUPPORT
x017891	x031290	preferred	1000	0.00999000999	1	1	1	INSUFFICIENT_SUPPORT
x017891	x039082	depleted	1000	0.979020979	1	0	1	INSUFFICIENT_SUPPORT
x017891	x041586	preferred	1000	1	1	0	1	INSUFFICIENT_SUPPORT
x017892	x025489	preferred	1000	0.000999000999	1	0	0	INSUFFICIENT_SUPPORT
x017892	x041241	preferred	1000	0.000999000999	1	0	0	INSUFFICIENT_SUPPORT
x017894	x004729	preferred	1000	0.000999000999	1	0	0	INSUFFICIENT_SUPPORT
x017894	x026008	preferred	1000	0.000999000999	1	0	0	INSUFFICIENT_SUPPORT
x017894	x033602	preferred	1000	0.000999000999	1	0	0	INSUFFICIENT_SUPPORT
x017895	x023432	preferred	1000	0.000999000999	1	0	0	INSUFFICIENT_SUPPORT
x017992	x001426	preferred	1000	0.000999000999	1	0	0	INSUFFICIENT_SUPPORT
x017992	x001428	preferred	1000	0.000999000999	1	0	0	INSUFFICIENT_SUPPORT
x017992	x001430	preferred	1000	0.000999000999	1	0	0	INSUFFICIENT_SUPPORT
x017992	x005077	preferred	1000	0.000999000999	1	0	0	INSUFFICIENT_SUPPORT
x017992	x018498	preferred	1000	0.000999000999	1	0	0	INSUFFICIENT_SUPPORT
x017992	x018873	preferred	1000	0.000999000999	1	0	0	INSUFFICIENT_SUPPORT
x017992	x031617	preferred	1000	0.000999000999	1	0	0	INSUFFICIENT_SUPPORT
x017992	x033304	preferred	1000	0.000999000999	1	0	0	INSUFFICIENT_SUPPORT
x017992	x037857	preferred	1000	0.000999000999	1	0	0	INSUFFICIENT_SUPPORT
x017992	x037862	preferred	1000	0.000999000999	1	0	0	INSUFFICIENT_SUPPORT
x017992	x037953	preferred	1000	0.000999000999	1	0	0	INSUFFICIENT_SUPPORT
x017992	x038674	preferred	1000	0.000999000999	1	0	0	INSUFFICIENT_SUPPORT
x017992	x041115	preferred	1000	0.000999000999	1	0	0	INSUFFICIENT_SUPPORT
x017992	x042108	preferred	1000	0.000999000999	1	0	0	INSUFFICIENT_SUPPORT
x017993	x001569	preferred	1000	0.000999000999	1	0	0	INSUFFICIENT_SUPPORT
x017993	x008312	preferred	1000	0.000999000999	1	0	0	INSUFFICIENT_SUPPORT
x017993	x017292	preferred	1000	0.000999000999	1	0	0	INSUFFICIENT_SUPPORT
x017993	x017689	preferred	1000	0.000999000999	1	0	0	INSUFFICIENT_SUPPORT
x017993	x018497	preferred	1000	0.000999000999	1	0	0	INSUFFICIENT_SUPPORT
x017993	x018498	preferred	1000	0.000999000999	1	0	0	INSUFFICIENT_SUPPORT
x017993	x018499	preferred	1000	0.000999000999	1	0	0	INSUFFICIENT_SUPPORT
x017993	x018876	preferred	1000	0.000999000999	1	0	0	INSUFFICIENT_SUPPORT
x017993	x019937	preferred	1000	0.000999000999	1	0	0	INSUFFICIENT_SUPPORT
x017993	x020329	preferred	1000	0.000999000999	1	0	0	INSUFFICIENT_SUPPORT
x017993	x024202	preferred	1000	0.000999000999	1	0	0	INSUFFICIENT_SUPPORT
x017993	x031617	preferred	1000	0.000999000999	1	0	0	INSUFFICIENT_SUPPORT
x017993	x033100	preferred	1000	0.000999000999	1	0	0	INSUFFICIENT_SUPPORT
x017993	x037850	preferred	1000	0.000999000999	1	0	0	INSUFFICIENT_SUPPORT
x017993	x037852	preferred	1000	0.000999000999	1	0	0	INSUFFICIENT_SUPPORT
x017993	x037984	preferred	1000	0.000999000999	1	0	0	INSUFFICIENT_SUPPORT
x017993	x038110	preferred	1000	0.000999000999	1	0	0	INSUFFICIENT_SUPPORT
x017993	x041114	preferred	1000	0.000999000999	1	0	0	INSUFFICIENT_SUPPORT
x017994	x000105	preferred	1000	0.000999000999	1	0	0	INSUFFICIENT_SUPPORT
x017994	x002107	preferred	1000	0.000999000999	1	0	0	INSUFFICIENT_SUPPORT
x017994	x008316	preferred	1000	0.000999000999	1	0	0	INSUFFICIENT_SUPPORT
x017994	x016902	preferred	1000	0.000999000999	1	0	0	INSUFFICIENT_SUPPORT
x017994	x017292	preferred	1000	0.000999000999	1	0	0	INSUFFICIENT_SUPPORT
x017994	x017410	preferred	1000	0.000999000999	1	0	0	INSUFFICIENT_SUPPORT
x017994	x018496	preferred	1000	0.000999000999	1	0	0	INSUFFICIENT_SUPPORT
x017994	x018498	preferred	1000	0.000999000999	1	0	0	INSUFFICIENT_SUPPORT
x017994	x024805	preferred	1000	0.000999000999	1	0	0	INSUFFICIENT_SUPPORT
x017994	x031616	preferred	1000	0.000999000999	1	0	0	INSUFFICIENT_SUPPORT
x017994	x031618	preferred	1000	0.000999000999	1	0	0	INSUFFICIENT_SUPPORT
x017994	x041532	preferred	1000	0.000999000999	1	0	0	INSUFFICIENT_SUPPORT
x017995	x002109	preferred	1000	0.000999000999	1	0	0	INSUFFICIENT_SUPPORT
x017995	x005073	preferred	1000	0.000999000999	1	0	0	INSUFFICIENT_SUPPORT
x017995	x031616	preferred	1000	0.000999000999	1	0	0	INSUFFICIENT_SUPPORT
x017995	x031706	preferred	1000	0.000999000999	1	0	0	INSUFFICIENT_SUPPORT
x017995	x032996	preferred	1000	0.000999000999	1	0	0	INSUFFICIENT_SUPPORT
x017995	x041113	preferred	1000	0.000999000999	1	0	0	INSUFFICIENT_SUPPORT
x017996	x001427	preferred	1000	0.000999000999	1	0	0	INSUFFICIENT_SUPPORT
x017996	x001429	preferred	1000	0.000999000999	1	0	0	INSUFFICIENT_SUPPORT
x017996	x016901	preferred	1000	0.000999000999	1	0	0	INSUFFICIENT_SUPPORT
x017996	x037914	preferred	1000	0.000999000999	1	0	0	INSUFFICIENT_SUPPORT
x017996	x037958	preferred	1000	0.000999000999	1	0	0	INSUFFICIENT_SUPPORT
x017996	x041115	preferred	1000	0.000999000999	1	0	0	INSUFFICIENT_SUPPORT
x017996	x042107	preferred	1000	0.000999000999	1	0	0	INSUFFICIENT_SUPPORT
x017996	x042804	preferred	1000	0.000999000999	1	0	0	INSUFFICIENT_SUPPORT
x017997	x001428	preferred	1000	0.000999000999	1	0	0	INSUFFICIENT_SUPPORT
x017997	x005076	preferred	1000	0.000999000999	1	0	0	INSUFFICIENT_SUPPORT
x017997	x031618	preferred	1000	0.000999000999	1	0	0	INSUFFICIENT_SUPPORT
x017997	x031620	preferred	1000	0.000999000999	1	0	0	INSUFFICIENT_SUPPORT
x017997	x031621	preferred	1000	0.000999000999	1	0	0	INSUFFICIENT_SUPPORT
x017997	x042111	preferred	1000	0.000999000999	1	0	0	INSUFFICIENT_SUPPORT
x017998	x019940	preferred	1000	0.000999000999	1	0	0	INSUFFICIENT_SUPPORT
x017998	x037986	preferred	1000	0.000999000999	1	0	0	INSUFFICIENT_SUPPORT
x018248	x008312	preferred	1000	0.000999000999	1	0	0	INSUFFICIENT_SUPPORT
x018248	x018497	preferred	1000	0.000999000999	1	0	0	INSUFFICIENT_SUPPORT
x018248	x018498	preferred	1000	0.000999000999	1	0	0	INSUFFICIENT_SUPPORT
x018248	x020021	preferred	1000	0.000999000999	1	0	0	INSUFFICIENT_SUPPORT
x018248	x025764	preferred	1000	0.000999000999	1	0	0	INSUFFICIENT_SUPPORT
x018248	x037857	preferred	1000	0.000999000999	1	0	0	INSUFFICIENT_SUPPORT
x018248	x037914	preferred	1000	0.000999000999	1	0	0	INSUFFICIENT_SUPPORT
x018248	x041257	preferred	1000	0.000999000999	1	0	0	INSUFFICIENT_SUPPORT
x018248	x042800	preferred	1000	0.000999000999	1	0	0	INSUFFICIENT_SUPPORT
x018249	x000160	preferred	1000	0.000999000999	1	0	0	INSUFFICIENT_SUPPORT
x018249	x005250	preferred	1000	0.000999000999	1	0	0	INSUFFICIENT_SUPPORT
x018249	x008315	preferred	1000	0.000999000999	1	0	0	INSUFFICIENT_SUPPORT
x018249	x018499	preferred	1000	0.000999000999	1	0	0	INSUFFICIENT_SUPPORT
x018249	x037856	preferred	1000	0.000999000999	1	0	0	INSUFFICIENT_SUPPORT
x018249	x037859	preferred	1000	0.000999000999	1	0	0	INSUFFICIENT_SUPPORT
x018251	x005235	preferred	1000	0.000999000999	1	0	0	INSUFFICIENT_SUPPORT
x018251	x005248	preferred	1000	0.000999000999	1	0	0	INSUFFICIENT_SUPPORT
x018251	x013721	preferred	1000	0.000999000999	1	0	0	INSUFFICIENT_SUPPORT
x018251	x017411	preferred	1000	0.000999000999	1	0	0	INSUFFICIENT_SUPPORT
x018251	x017893	preferred	1000	0.000999000999	1	0	0	INSUFFICIENT_SUPPORT
x018251	x018499	preferred	1000	0.000999000999	1	0	0	INSUFFICIENT_SUPPORT
x018251	x034241	preferred	1000	0.000999000999	1	0	0	INSUFFICIENT_SUPPORT
x018251	x037856	preferred	1000	0.000999000999	1	0	0	INSUFFICIENT_SUPPORT
x018251	x037859	preferred	1000	0.000999000999	1	0	0	INSUFFICIENT_SUPPORT
x018251	x037913	preferred	1000	0.000999000999	1	0	0	INSUFFICIENT_SUPPORT
x018251	x038105	preferred	1000	0.000999000999	1	0	0	INSUFFICIENT_SUPPORT
x018251	x038109	preferred	1000	0.000999000999	1	0	0	INSUFFICIENT_SUPPORT
x018251	x041114	preferred	1000	0.000999000999	1	0	0	INSUFFICIENT_SUPPORT
x018256	x001888	preferred	1000	0.000999000999	1	0	0	INSUFFICIENT_SUPPORT
x018256	x002105	preferred	1000	0.000999000999	1	0	0	INSUFFICIENT_SUPPORT
x018256	x005072	preferred	1000	0.000999000999	1	0	0	INSUFFICIENT_SUPPORT
x018256	x015282	preferred	1000	0.000999000999	1	0	0	INSUFFICIENT_SUPPORT
x018256	x017992	preferred	1000	0.000999000999	1	0	0	INSUFFICIENT_SUPPORT
x018256	x018499	preferred	1000	0.000999000999	1	0	0	INSUFFICIENT_SUPPORT
x018256	x020017	preferred	1000	0.000999000999	1	0	0	INSUFFICIENT_SUPPORT
x018256	x037848	preferred	1000	0.000999000999	1	0	0	INSUFFICIENT_SUPPORT
x018256	x037851	preferred	1000	0.000999000999	1	0	0	INSUFFICIENT_SUPPORT
x018256	x037952	preferred	1000	0.000999000999	1	0	0	INSUFFICIENT_SUPPORT
x018256	x038542	preferred	1000	0.000999000999	1	0	0	INSUFFICIENT_SUPPORT
x018256	x041586	preferred	1000	0.000999000999	1	0	0	INSUFFICIENT_SUPPORT
x018257	x000105	preferred	1000	0.000999000999	1	0	0	INSUFFICIENT_SUPPORT
x018257	x001428	preferred	1000	0.000999000999	1	0	0	INSUFFICIENT_SUPPORT
x018257	x016897	preferred	1000	0.000999000999	1	0	0	INSUFFICIENT_SUPPORT
x018257	x018496	preferred	1000	0.000999000999	1	0	0	INSUFFICIENT_SUPPORT
x018257	x018497	preferred	1000	0.000999000999	1	0	0	INSUFFICIENT_SUPPORT
x018257	x018502	preferred	1000	0.000999000999	1	0	0	INSUFFICIENT_SUPPORT
x018257	x018876	preferred	1000	0.000999000999	1	0	0	INSUFFICIENT_SUPPORT
x018257	x020016	preferred	1000	0.000999000999	1	0	0	INSUFFICIENT_SUPPORT
x018257	x025762	preferred	1000	0.000999000999	1	0	0	INSUFFICIENT_SUPPORT
x018257	x037856	preferred	1000	0.000999000999	1	0	0	INSUFFICIENT_SUPPORT
x018257	x037860	preferred	1000	0.000999000999	1	0	0	INSUFFICIENT_SUPPORT
x018257	x037952	preferred	1000	0.000999000999	1	0	0	INSUFFICIENT_SUPPORT
x018257	x037958	preferred	1000	0.000999000999	1	0	0	INSUFFICIENT_SUPPORT
x018257	x038537	preferred	1000	0.000999000999	1	0	0	INSUFFICIENT_SUPPORT
x018257	x041116	preferred	1000	0.000999000999	1	0	0	INSUFFICIENT_SUPPORT
x018257	x041260	preferred	1000	0.000999000999	1	0	0	INSUFFICIENT_SUPPORT
x018258	x000160	preferred	1000	0.000999000999	1	0	0	INSUFFICIENT_SUPPORT
x018258	x001427	preferred	1000	0.000999000999	1	0	0	INSUFFICIENT_SUPPORT
x018258	x017409	preferred	1000	0.000999000999	1	0	0	INSUFFICIENT_SUPPORT
x018258	x018564	preferred	1000	0.000999000999	1	0	0	INSUFFICIENT_SUPPORT
x018258	x018873	preferred	1000	0.000999000999	1	0	0	INSUFFICIENT_SUPPORT
x018258	x020019	preferred	1000	0.000999000999	1	0	0	INSUFFICIENT_SUPPORT
x018258	x024240	preferred	1000	0.000999000999	1	0	0	INSUFFICIENT_SUPPORT
x018258	x024930	preferred	1000	0.000999000999	1	0	0	INSUFFICIENT_SUPPORT
x018258	x034496	preferred	1000	0.000999000999	1	0	0	INSUFFICIENT_SUPPORT
x018258	x034497	preferred	1000	0.000999000999	1	0	0	INSUFFICIENT_SUPPORT
x018258	x037856	preferred	1000	0.000999000999	1	0	0	INSUFFICIENT_SUPPORT
x018258	x041258	preferred	1000	0.000999000999	1	0	0	INSUFFICIENT_SUPPORT
x018258	x041468	preferred	1000	0.000999000999	1	0	0	INSUFFICIENT_SUPPORT
x018496	x001272	preferred	10000	0.001499850015	0.1058294171	0.5	0.04708621345	EXPECTED_FROM_NULL
x018496	x001273	preferred	1000	1	1	0.3333333333	0.04328953121	EXPECTED_FROM_NULL
x018496	x001275	preferred	1000	0.08791208791	0.3683537365	1	0.04830477096	EXPECTED_FROM_NULL
x018496	x001428	depleted	1000	0.9110889111	1	1	0.09408590148	EXPECTED_FROM_NULL
x018496	x001570	preferred	1000	1	1	1	0.04464828982	EXPECTED_FROM_NULL
x018496	x005072	preferred	1000	1	1	0	0.07711620926	EXPECTED_FROM_NULL
x018496	x005248	preferred	1000	1	1	0	0.05683935612	EXPECTED_FROM_NULL
x018496	x005249	preferred	1000	0.1118881119	0.4405594406	1	0.05400901943	EXPECTED_FROM_NULL
x018496	x005250	preferred	1000	0.02397602398	0.2551656488	0.6666666667	0.04603774474	EXPECTED_FROM_NULL
x018496	x005252	preferred	1000	1	1	1	0.04484071846	EXPECTED_FROM_NULL
x018496	x008312	preferred	1000	0.1158841159	0.4482885536	1	0.05862760669	EXPECTED_FROM_NULL
x018496	x008313	preferred	10000	0.005199480052	0.2517482517	0.25	0.05183455944	EXPECTED_FROM_NULL
x018496	x008314	preferred	1000	0.06793206793	0.3251187315	1	0.04901788119	EXPECTED_FROM_NULL
x018496	x008315	preferred	1000	1	1	0	0.04846826945	EXPECTED_FROM_NULL
x018496	x008316	preferred	10000	9.9990001e-05	0.04409559044	0.3333333333	0.046395872	BACKBONE_PREFERRED
x018496	x010936	preferred	1000	0.04195804196	0.268166616	1	0.04566901475	EXPECTED_FROM_NULL
x018496	x010938	preferred	1000	1	1	1	0.04454291714	EXPECTED_FROM_NULL
x018496	x011064	preferred	1000	1	1	0.3333333333	0.04360377346	EXPECTED_FROM_NULL
x018496	x014361	preferred	1000	1	1	1	0.04249770873	EXPECTED_FROM_NULL
x018496	x015056	preferred	1000	0.06393606394	0.3141593782	0.5	0.04695852994	EXPECTED_FROM_NULL
x018496	x016896	depleted	1000	1	1	0.2	0.06705392931	EXPECTED_FROM_NULL
x018496	x016897	preferred	1000	0.01998001998	0.2534725548	0.3333333333	0.06031401159	EXPECTED_FROM_NULL
x018496	x016898	preferred	1000	0.2797202797	0.9848833801	1	0.07473512788	EXPECTED_FROM_NULL
x018496	x016899	preferred	1000	0.2177822178	0.7792450957	1	0.07638492274	EXPECTED_FROM_NULL
x018496	x016900	preferred	1000	1	1	0.5	0.06343867535	EXPECTED_FROM_NULL
x018496	x016901	preferred	1000	0.02897102897	0.2551656488	0.5	0.07252750805	EXPECTED_FROM_NULL
x018496	x017376	preferred	10000	0.002099790021	0.1322867713	0.5	0.06407445968	EXPECTED_FROM_NULL
x018496	x017377	preferred	1000	0.2637362637	0.9323261908	1	0.07855381691	EXPECTED_FROM_NULL
x018496	x017378	preferred	1000	0.02997002997	0.2551656488	0.5	0.07569782374	EXPECTED_FROM_NULL
x018496	x017379	preferred	10000	0.001199880012	0.09202558005	0.3333333333	0.06452635951	EXPECTED_FROM_NULL
x018496	x017380	preferred	1000	1	1	0	0.05414250973	EXPECTED_FROM_NULL
x018496	x017381	preferred	1000	1	1	0	0.05119926704	EXPECTED_FROM_NULL
x018496	x017382	preferred	1000	0.07892107892	0.3437451437	1	0.05111805037	EXPECTED_FROM_NULL
x018496	x018496	depleted	1000	0.3616383616	1	0	0.04152294337	EXPECTED_FROM_NULL
x018496	x018501	depleted	1000	0.7372627373	1	0	0.07020299753	EXPECTED_FROM_NULL
x018496	x018875	depleted	1000	0.963036963	1	1	0.06643051504	EXPECTED_FROM_NULL
x018496	x020016	depleted	1000	0.6663336663	1	0	0.06304342178	EXPECTED_FROM_NULL
x018496	x020017	depleted	1000	0.6423576424	1	0	0.06971581816	EXPECTED_FROM_NULL
x018496	x020328	preferred	1000	1	1	1	0.05598739034	EXPECTED_FROM_NULL
x018496	x020633	preferred	1000	1	1	0	0.05402141909	EXPECTED_FROM_NULL
x018496	x021976	preferred	1000	0.03796203796	0.266792968	1	0.04339724297	EXPECTED_FROM_NULL
x018496	x022380	preferred	1000	1	1	1	0.04692429504	EXPECTED_FROM_NULL
x018496	x023368	preferred	1000	1	1	1	0.05001688155	EXPECTED_FROM_NULL
x018496	x024201	preferred	1000	1	1	1	0.04503798153	EXPECTED_FROM_NULL
x018496	x024667	preferred	1000	1	1	0	0.04385112976	EXPECTED_FROM_NULL
x018496	x024800	preferred	1000	0.2437562438	0.865163006	1	0.07368993438	EXPECTED_FROM_NULL
x018496	x031704	preferred	1000	0.09290709291	0.3820235708	1	0.06042054181	EXPECTED_FROM_NULL
x018496	x031706	preferred	1000	0.04695304695	0.272451233	1	0.05969319186	EXPECTED_FROM_NULL
x018496	x031707	preferred	1000	0.07592407592	0.3416583417	1	0.05158468569	EXPECTED_FROM_NULL
x018496	x031708	preferred	1000	1	1	0	0.05518844131	EXPECTED_FROM_NULL
x018496	x032442	preferred	1000	1	1	0	0.05885951149	EXPECTED_FROM_NULL
x018496	x032992	preferred	1000	1	1	0	0.04379295214	EXPECTED_FROM_NULL
x018496	x032993	preferred	1000	0.05594405594	0.2928500071	1	0.0504070553	EXPECTED_FROM_NULL
x018496	x032996	preferred	1000	1	1	0	0.04334552785	EXPECTED_FROM_NULL
x018496	x033409	preferred	1000	1	1	1	0.04684297033	EXPECTED_FROM_NULL
x018496	x033411	preferred	1000	0.07592407592	0.3416583417	0.5	0.04969491774	EXPECTED_FROM_NULL
x018496	x033413	preferred	10000	0.00099990001	0.09202558005	0.5	0.04478149425	EXPECTED_FROM_NULL
x018496	x038056	preferred	1000	1	1	1	0.05195021885	EXPECTED_FROM_NULL
x018496	x038058	preferred	1000	0.06893106893	0.3251187315	1	0.04407263841	EXPECTED_FROM_NULL
x018496	x038168	preferred	1000	0.01298701299	0.2517482517	1	0.04375865914	EXPECTED_FROM_NULL
x018496	x041112	depleted	1000	0.9320679321	1	0.6666666667	0.06938084291	EXPECTED_FROM_NULL
x018496	x041113	depleted	1000	0.963036963	1	0.3333333333	0.09538051262	EXPECTED_FROM_NULL
x018496	x041114	depleted	1000	0.9050949051	1	1	0.06334729724	EXPECTED_FROM_NULL
x018496	x041115	preferred	1000	0.2687312687	0.9480839161	0.3333333333	0.06083220631	EXPECTED_FROM_NULL
x018496	x041116	depleted	1000	0.8201798202	1	1	0.07743807151	EXPECTED_FROM_NULL
x018496	x041119	preferred	1000	0.05894105894	0.2996312045	1	0.0481885201	EXPECTED_FROM_NULL
x018496	x041533	preferred	1000	1	1	1	0.04590197815	EXPECTED_FROM_NULL
x018496	x041937	preferred	1000	0.01898101898	0.2517482517	1	0.04641530611	EXPECTED_FROM_NULL
x018496	x041938	preferred	1000	1	1	1	0.04405147355	EXPECTED_FROM_NULL
x018496	x042466	preferred	1000	0.06193806194	0.3095148478	1	0.05542649096	EXPECTED_FROM_NULL
x018496	x042467	preferred	1000	1	1	0	0.0471334391	EXPECTED_FROM_NULL
x018497	x000107	depleted	1000	0.6153846154	1	0	0.09233441663	EXPECTED_FROM_NULL
x018497	x001272	preferred	1000	0.04195804196	0.268166616	1	0.0614521343	EXPECTED_FROM_NULL
x018497	x001273	preferred	1000	0.03896103896	0.2670057216	0.3333333333	0.0625396842	EXPECTED_FROM_NULL
x018497	x001275	preferred	1000	0.03896103896	0.2670057216	1	0.06566398295	EXPECTED_FROM_NULL
x018497	x001569	preferred	1000	1	1	1	0.0648532305	EXPECTED_FROM_NULL
x018497	x001570	preferred	1000	1	1	0	0.06968360912	EXPECTED_FROM_NULL
x018497	x002341	preferred	1000	0.06893106893	0.3251187315	1	0.08154709095	EXPECTED_FROM_NULL
x018497	x005248	preferred	10000	0.000399960004	0.05879412059	0.4	0.07092916406	EXPECTED_FROM_NULL
x018497	x005249	preferred	1000	0.05494505495	0.2910602911	1	0.06439073894	EXPECTED_FROM_NULL
x018497	x005250	preferred	1000	1	1	0	0.06876591367	EXPECTED_FROM_NULL
x018497	x005252	preferred	1000	1	1	0.5	0.07901657323	EXPECTED_FROM_NULL
x018497	x007097	preferred	1000	1	1	1	0.07652831875	EXPECTED_FROM_NULL
x018497	x008313	preferred	10000	0.001699830017	0.1153269288	0.5	0.06593024076	EXPECTED_FROM_NULL
x018497	x008314	preferred	1000	0.06293706294	0.3118566826	1	0.06359539534	EXPECTED_FROM_NULL
x018497	x008316	preferred	1000	1	1	0	0.07595381041	EXPECTED_FROM_NULL
x018497	x008318	preferred	1000	0.04695304695	0.272451233	1	0.0614521343	EXPECTED_FROM_NULL
x018497	x010280	preferred	1000	1	1	0	0.06399231257	EXPECTED_FROM_NULL
x018497	x015056	preferred	1000	1	1	0	0.06924662659	EXPECTED_FROM_NULL
x018497	x015913	preferred	1000	1	1	0	0.06284498321	EXPECTED_FROM_NULL
x018497	x016896	preferred	1000	0.05094905095	0.2808566434	1	0.06597112079	EXPECTED_FROM_NULL
x018497	x016898	preferred	1000	1	1	1	0.07710115723	EXPECTED_FROM_NULL
x018497	x016899	depleted	1000	0.8281718282	1	0	0.142291925	EXPECTED_FROM_NULL
x018497	x016900	preferred	1000	0.1718281718	0.6262497833	1	0.09261888667	EXPECTED_FROM_NULL
x018497	x017376	depleted	1000	0.9280719281	1	0.5	0.07047702443	EXPECTED_FROM_NULL
x018497	x017377	preferred	10000	0.004199580042	0.2178840939	0.3333333333	0.104924627	EXPECTED_FROM_NULL
x018497	x017378	preferred	1000	0.1958041958	0.7020296776	1	0.09495978618	EXPECTED_FROM_NULL
x018497	x017379	preferred	1000	1	1	1	0.1034632704	EXPECTED_FROM_NULL
x018497	x017381	preferred	1000	1	1	0	0.07002953964	EXPECTED_FROM_NULL
x018497	x017382	preferred	1000	1	1	1	0.06327123928	EXPECTED_FROM_NULL
x018497	x020019	depleted	1000	0.979020979	1	1	0.08745928531	EXPECTED_FROM_NULL
x018497	x020020	depleted	1000	0.7512487512	1	0	0.1116334215	EXPECTED_FROM_NULL
x018497	x020022	preferred	1000	1	1	0	0.0728080348	EXPECTED_FROM_NULL
x018497	x020633	preferred	10000	0.001799820018	0.1175882412	0.5	0.07073752775	EXPECTED_FROM_NULL
x018497	x021277	preferred	1000	1	1	0	0.05795658492	EXPECTED_FROM_NULL
x018497	x022920	preferred	1000	0.04895104895	0.2776516088	1	0.06615703314	EXPECTED_FROM_NULL
x018497	x022921	preferred	1000	1	1	0	0.06474977736	EXPECTED_FROM_NULL
x018497	x023368	preferred	1000	1	1	1	0.06284199085	EXPECTED_FROM_NULL
x018497	x024201	preferred	1000	1	1	0	0.06509404016	EXPECTED_FROM_NULL
x018497	x024664	preferred	1000	0.06893106893	0.3251187315	1	0.0644811305	EXPECTED_FROM_NULL
x018497	x024802	preferred	1000	0.07892107892	0.3437451437	1	0.09171888987	EXPECTED_FROM_NULL
x018497	x031704	preferred	1000	1	1	1	0.08346491946	EXPECTED_FROM_NULL
x018497	x031705	preferred	1000	0.0989010989	0.401061008	1	0.09659121478	EXPECTED_FROM_NULL
x018497	x031709	preferred	1000	0.05894105894	0.2996312045	1	0.07497972355	EXPECTED_FROM_NULL
x018497	x032993	preferred	1000	1	1	1	0.07246300888	EXPECTED_FROM_NULL
x018497	x032996	preferred	1000	1	1	0	0.06766270268	EXPECTED_FROM_NULL
x018497	x033409	preferred	1000	1	1	1	0.06393874383	EXPECTED_FROM_NULL
x018497	x033411	preferred	10000	0.001099890011	0.09202558005	0.5	0.0681977534	EXPECTED_FROM_NULL
x018497	x033413	preferred	1000	1	1	1	0.05838998966	EXPECTED_FROM_NULL
x018497	x037985	preferred	1000	0.01698301698	0.2517482517	1	0.05838998966	EXPECTED_FROM_NULL
x018497	x038056	preferred	10000	0.001099890011	0.09202558005	0.3333333333	0.06112864423	EXPECTED_FROM_NULL
x018497	x038674	preferred	1000	0.03396603397	0.2593769866	1	0.06112864423	EXPECTED_FROM_NULL
x018497	x041112	depleted	1000	0.7592407592	1	0	0.09508070583	EXPECTED_FROM_NULL
x018497	x041113	depleted	1000	0.959040959	1	1	0.1263856531	EXPECTED_FROM_NULL
x018497	x041114	preferred	1000	0.2427572428	0.8633543875	1	0.09195891098	EXPECTED_FROM_NULL
x018497	x041116	preferred	1000	1	1	0	0.09580798866	EXPECTED_FROM_NULL
x018497	x041118	preferred	1000	1	1	0	0.09817115202	EXPECTED_FROM_NULL
x018497	x041260	preferred	1000	1	1	0	0.07204700207	EXPECTED_FROM_NULL
x018497	x041470	preferred	1000	0.02697302697	0.2551656488	1	0.0648532305	EXPECTED_FROM_NULL
x018497	x041801	preferred	1000	1	1	1	0.06581891822	EXPECTED_FROM_NULL
x018497	x041936	preferred	1000	1	1	1	0.08611368005	EXPECTED_FROM_NULL
x018497	x041937	preferred	1000	1	1	1	0.07254152445	EXPECTED_FROM_NULL
x018497	x041938	preferred	1000	1	1	0	0.07607738936	EXPECTED_FROM_NULL
x018497	x041939	preferred	1000	0.03796203796	0.266792968	1	0.07259344881	EXPECTED_FROM_NULL
x018497	x042464	preferred	1000	0.03096903097	0.2551656488	1	0.06471468574	EXPECTED_FROM_NULL
x018497	x042467	preferred	1000	1	1	1	0.06898354628	EXPECTED_FROM_NULL
x018497	x042469	preferred	1000	1	1	0	0.087930896	EXPECTED_FROM_NULL
x018497	x042802	depleted	1000	0.7512487512	1	1	0.1368066216	EXPECTED_FROM_NULL
x018498	x001272	preferred	1000	0.03596403596	0.2643356643	0.5	0.07300643815	EXPECTED_FROM_NULL
x018498	x001275	preferred	1000	0.04895104895	0.2776516088	1	0.07850302445	EXPECTED_FROM_NULL
x018498	x001428	depleted	1000	0.999000999	1	1	0.1656637242	EXPECTED_FROM_NULL
x018498	x002341	preferred	1000	1	1	0	0.09494372196	EXPECTED_FROM_NULL
x018498	x005248	preferred	1000	1	1	1	0.09119823881	EXPECTED_FROM_NULL
x018498	x005249	preferred	1000	0.06793206793	0.3251187315	1	0.08429751823	EXPECTED_FROM_NULL
x018498	x005250	preferred	1000	1	1	0	0.07174760369	EXPECTED_FROM_NULL
x018498	x005252	preferred	1000	0.03996003996	0.2670057216	1	0.07585355317	EXPECTED_FROM_NULL
x018498	x008312	preferred	1000	0.1238761239	0.4729815639	1	0.1132093602	EXPECTED_FROM_NULL
x018498	x008313	preferred	1000	0.03096903097	0.2551656488	1	0.08031838412	EXPECTED_FROM_NULL
x018498	x008315	preferred	1000	1	1	0	0.07190603444	EXPECTED_FROM_NULL
x018498	x008316	preferred	1000	1	1	0	0.08652932985	EXPECTED_FROM_NULL
x018498	x008318	preferred	1000	0.03896103896	0.2670057216	1	0.07361830102	EXPECTED_FROM_NULL
x018498	x010280	preferred	1000	1	1	0	0.07690620954	EXPECTED_FROM_NULL
x018498	x015056	preferred	1000	0.03996003996	0.2670057216	1	0.0806885442	EXPECTED_FROM_NULL
x018498	x016186	preferred	1000	1	1	0	0.07120617985	EXPECTED_FROM_NULL
x018498	x016896	depleted	1000	0.963036963	1	1	0.1161663615	EXPECTED_FROM_NULL
x018498	x016897	preferred	1000	1	1	0	0.09531650429	EXPECTED_FROM_NULL
x018498	x016898	preferred	1000	0.1478521479	0.5444909996	1	0.1047567986	EXPECTED_FROM_NULL
x018498	x016899	preferred	1000	1	1	0	0.1032301526	EXPECTED_FROM_NULL
x018498	x016900	preferred	1000	1	1	0	0.09453375853	EXPECTED_FROM_NULL
x018498	x017376	depleted	1000	0.7382617383	1	0	0.103638489	EXPECTED_FROM_NULL
x018498	x017377	depleted	1000	0.963036963	1	1	0.150340337	EXPECTED_FROM_NULL
x018498	x017378	preferred	10000	0.000899910009	0.09202558005	0.3333333333	0.1363116486	EXPECTED_FROM_NULL
x018498	x017379	preferred	1000	0.04495504496	0.272451233	0.3333333333	0.1010407775	EXPECTED_FROM_NULL
x018498	x017380	preferred	1000	0.05694305694	0.2928500071	1	0.08380746185	EXPECTED_FROM_NULL
x018498	x017381	preferred	1000	1	1	0	0.1003906374	EXPECTED_FROM_NULL
x018498	x019937	depleted	1000	0.8771228771	1	1	0.1025966625	EXPECTED_FROM_NULL
x018498	x020017	depleted	1000	0.969030969	1	1	0.1276517135	EXPECTED_FROM_NULL
x018498	x020632	preferred	1000	1	1	1	0.08095371735	EXPECTED_FROM_NULL
x018498	x020633	preferred	1000	0.07092907093	0.3283960134	1	0.09560316784	EXPECTED_FROM_NULL
x018498	x021976	preferred	1000	0.04495504496	0.272451233	1	0.08666154585	EXPECTED_FROM_NULL
x018498	x022924	preferred	1000	1	1	1	0.07677462519	EXPECTED_FROM_NULL
x018498	x024201	preferred	1000	1	1	1	0.0736651372	EXPECTED_FROM_NULL
x018498	x024202	preferred	1000	1	1	0	0.07354941488	EXPECTED_FROM_NULL
x018498	x024664	preferred	1000	1	1	0	0.09422955607	EXPECTED_FROM_NULL
x018498	x031706	preferred	1000	1	1	0	0.1075190949	EXPECTED_FROM_NULL
x018498	x031707	preferred	1000	1	1	1	0.07819104462	EXPECTED_FROM_NULL
x018498	x031709	preferred	1000	0.03096903097	0.2551656488	1	0.08021975139	EXPECTED_FROM_NULL
x018498	x032442	preferred	1000	0.07692307692	0.3417942259	1	0.1112360383	EXPECTED_FROM_NULL
x018498	x032992	preferred	1000	1	1	1	0.07573980895	EXPECTED_FROM_NULL
x018498	x032993	preferred	1000	1	1	1	0.07788086638	EXPECTED_FROM_NULL
x018498	x033409	preferred	1000	0.04195804196	0.268166616	0.5	0.07360255609	EXPECTED_FROM_NULL
x018498	x033411	preferred	1000	0.02697302697	0.2551656488	1	0.07720310711	EXPECTED_FROM_NULL
x018498	x037913	preferred	1000	1	1	0	0.07094240976	EXPECTED_FROM_NULL
x018498	x038057	preferred	1000	1	1	1	0.07191746892	EXPECTED_FROM_NULL
x018498	x041112	depleted	1000	0.998001998	1	0.5	0.1138997379	EXPECTED_FROM_NULL
x018498	x041113	depleted	1000	0.976023976	1	1	0.114589379	EXPECTED_FROM_NULL
x018498	x041116	preferred	1000	0.06693306693	0.3251187315	0.5	0.1111234732	EXPECTED_FROM_NULL
x018498	x041117	preferred	1000	1	1	0	0.09451122636	EXPECTED_FROM_NULL
x018498	x041118	preferred	1000	1	1	0	0.1219797832	EXPECTED_FROM_NULL
x018498	x041119	preferred	1000	1	1	0	0.08196394414	EXPECTED_FROM_NULL
x018498	x041464	preferred	1000	1	1	0	0.1097613317	EXPECTED_FROM_NULL
x018498	x041465	preferred	1000	0.07892107892	0.3437451437	1	0.1312716248	EXPECTED_FROM_NULL
x018498	x041804	preferred	1000	0.01498501499	0.2517482517	1	0.07412056122	EXPECTED_FROM_NULL
x018498	x041939	preferred	1000	1	1	0	0.08157194382	EXPECTED_FROM_NULL
x018498	x042464	preferred	1000	0.05694305694	0.2928500071	1	0.09537273732	EXPECTED_FROM_NULL
x018499	x001272	preferred	1000	1	1	0	0.1670701684	EXPECTED_FROM_NULL
x018499	x001273	preferred	1000	0.02197802198	0.2551656488	1	0.1462222498	EXPECTED_FROM_NULL
x018499	x001275	preferred	1000	1	1	0	0.163872558	EXPECTED_FROM_NULL
x018499	x001393	preferred	1000	1	1	0	0.1462222498	EXPECTED_FROM_NULL
x018499	x001569	preferred	1000	1	1	0	0.1462222498	EXPECTED_FROM_NULL
x018499	x001570	preferred	1000	1	1	0	0.1903684723	EXPECTED_FROM_NULL
x018499	x002336	depleted	1000	0.9410589411	1	0	0.2413316281	EXPECTED_FROM_NULL
x018499	x005235	preferred	1000	0.04195804196	0.268166616	1	0.1898110619	EXPECTED_FROM_NULL
x018499	x005250	preferred	1000	1	1	0	0.1553506095	EXPECTED_FROM_NULL
x018499	x008312	preferred	1000	1	1	0	0.303224148	EXPECTED_FROM_NULL
x018499	x008313	preferred	1000	1	1	0	0.1821208436	EXPECTED_FROM_NULL
x018499	x008315	preferred	1000	0.02597402597	0.2551656488	1	0.1462222498	EXPECTED_FROM_NULL
x018499	x008318	preferred	1000	1	1	0	0.1554494169	EXPECTED_FROM_NULL
x018499	x010936	preferred	1000	1	1	0	0.1905158352	EXPECTED_FROM_NULL
x018499	x011064	preferred	1000	1	1	0	0.1873967171	EXPECTED_FROM_NULL
x018499	x015056	preferred	1000	0.01498501499	0.2517482517	1	0.1462222498	EXPECTED_FROM_NULL
x018499	x016296	preferred	1000	0.03396603397	0.2593769866	1	0.1627483845	EXPECTED_FROM_NULL
x018499	x016896	depleted	1000	0.982017982	1	0.5	0.2845589627	EXPECTED_FROM_NULL
x018499	x016898	preferred	1000	1	1	0	0.2181835099	EXPECTED_FROM_NULL
x018499	x016899	preferred	1000	0.07792207792	0.3437451437	1	0.2280969588	EXPECTED_FROM_NULL
x018499	x016900	preferred	1000	1	1	0	0.2016324082	EXPECTED_FROM_NULL
x018499	x016901	preferred	1000	1	1	0	0.31238693	EXPECTED_FROM_NULL
x018499	x016902	preferred	1000	0.06693306693	0.3251187315	1	0.2042881242	EXPECTED_FROM_NULL
x018499	x017376	depleted	1000	0.8551448551	1	0	0.2403702591	EXPECTED_FROM_NULL
x018499	x017377	preferred	1000	0.02597402597	0.2551656488	1	0.1790347427	EXPECTED_FROM_NULL
x018499	x017378	depleted	1000	0.8981018981	1	1	0.2531112397	EXPECTED_FROM_NULL
x018499	x017379	preferred	1000	1	1	0	0.3379391856	EXPECTED_FROM_NULL
x018499	x017381	preferred	1000	0.08791208791	0.3683537365	1	0.2572989454	EXPECTED_FROM_NULL
x018499	x017382	preferred	1000	0.05994005994	0.3020979021	1	0.2742198628	EXPECTED_FROM_NULL
x018499	x020632	preferred	1000	1	1	1	0.1552289286	EXPECTED_FROM_NULL
x018499	x021968	preferred	1000	1	1	1	0.1462222498	EXPECTED_FROM_NULL
x018499	x022380	preferred	1000	1	1	0	0.1821208436	EXPECTED_FROM_NULL
x018499	x022920	preferred	1000	1	1	0	0.1652447595	EXPECTED_FROM_NULL
x018499	x024201	preferred	1000	1	1	0	0.1652447595	EXPECTED_FROM_NULL
x018499	x024203	preferred	1000	1	1	0	0.1655561706	EXPECTED_FROM_NULL
x018499	x031707	preferred	1000	1	1	0	0.2503986675	EXPECTED_FROM_NULL
x018499	x031708	preferred	1000	1	1	0	0.2304332841	EXPECTED_FROM_NULL
x018499	x032441	preferred	1000	1	1	0	0.1987271796	EXPECTED_FROM_NULL
x018499	x032442	preferred	1000	1	1	0	0.174106339	EXPECTED_FROM_NULL
x018499	x032992	preferred	1000	1	1	0	0.177126412	EXPECTED_FROM_NULL
x018499	x032993	preferred	1000	1	1	0	0.163872558	EXPECTED_FROM_NULL
x018499	x033409	preferred	1000	1	1	0	0.2818241174	EXPECTED_FROM_NULL
x018499	x038056	preferred	1000	1	1	0	0.206485128	EXPECTED_FROM_NULL
x018499	x038168	preferred	1000	1	1	0	0.1670701684	EXPECTED_FROM_NULL
x018499	x038169	preferred	1000	1	1	0	0.1599794591	EXPECTED_FROM_NULL
x018499	x038265	preferred	1000	1	1	1	0.1743037644	EXPECTED_FROM_NULL
x018499	x041113	depleted	1000	0.954045954	1	1	0.4254591381	EXPECTED_FROM_NULL
x018499	x041114	depleted	1000	0.8701298701	1	1	0.2492327763	EXPECTED_FROM_NULL
x018499	x041115	preferred	1000	1	1	0	0.2112067243	EXPECTED_FROM_NULL
x018499	x041116	preferred	1000	0.04595404595	0.272451233	1	0.3201356758	EXPECTED_FROM_NULL
x018499	x041117	depleted	1000	0.8881118881	1	1	0.2222071323	EXPECTED_FROM_NULL
x018499	x041119	preferred	1000	0.01598401598	0.2517482517	0.5	0.1657404809	EXPECTED_FROM_NULL
x018499	x042466	preferred	1000	1	1	1	0.163872558	EXPECTED_FROM_NULL
x018499	x042467	preferred	1000	0.02097902098	0.2534725548	1	0.1994506398	EXPECTED_FROM_NULL
x018500	x001272	preferred	1000	1	1	0	0.2221745364	EXPECTED_FROM_NULL
x018500	x001275	preferred	1000	1	1	0	0.2864527407	EXPECTED_FROM_NULL
x018500	x001425	depleted	1000	0.999000999	1	1	0.241658437	EXPECTED_FROM_NULL
x018500	x001570	preferred	1000	1	1	0	0.2492487509	EXPECTED_FROM_NULL
x018500	x005076	preferred	1000	1	1	0	0.2333859185	EXPECTED_FROM_NULL
x018500	x005232	preferred	1000	1	1	0	0.2139601453	EXPECTED_FROM_NULL
x018500	x005234	preferred	1000	0.01598401598	0.2517482517	1	0.1881848756	EXPECTED_FROM_NULL
x018500	x005248	preferred	1000	1	1	0	0.3264945665	EXPECTED_FROM_NULL
x018500	x005249	preferred	1000	1	1	0	0.2059188982	EXPECTED_FROM_NULL
x018500	x005252	preferred	1000	1	1	0	0.1662603515	EXPECTED_FROM_NULL
x018500	x008312	preferred	1000	1	1	0	0.2205783412	EXPECTED_FROM_NULL
x018500	x008313	preferred	1000	1	1	0	0.2600461274	EXPECTED_FROM_NULL
x018500	x008315	preferred	1000	1	1	1	0.1879779233	EXPECTED_FROM_NULL
x018500	x008316	preferred	1000	1	1	0	0.1840455381	EXPECTED_FROM_NULL
x018500	x011064	preferred	1000	0.01298701299	0.2517482517	1	0.1662603515	EXPECTED_FROM_NULL
x018500	x015056	preferred	1000	1	1	0	0.2453633468	EXPECTED_FROM_NULL
x018500	x016896	depleted	1000	0.9060939061	1	0	0.2749553763	EXPECTED_FROM_NULL
x018500	x016897	preferred	1000	0.07292707293	0.3358834377	0.5	0.2166698167	EXPECTED_FROM_NULL
x018500	x016898	depleted	1000	0.99000999	1	1	0.3107613484	EXPECTED_FROM_NULL
x018500	x016900	depleted	1000	0.996003996	1	1	0.3223799705	EXPECTED_FROM_NULL
x018500	x016901	preferred	1000	1	1	0	0.2867578376	EXPECTED_FROM_NULL
x018500	x017376	depleted	1000	0.987012987	1	1	0.2306779015	EXPECTED_FROM_NULL
x018500	x017377	preferred	1000	0.06293706294	0.3118566826	1	0.4011119279	EXPECTED_FROM_NULL
x018500	x017378	preferred	1000	1	1	0	0.2974995743	EXPECTED_FROM_NULL
x018500	x017380	preferred	1000	1	1	0	0.1938247846	EXPECTED_FROM_NULL
x018500	x017382	preferred	1000	1	1	0	0.2144755629	EXPECTED_FROM_NULL
x018500	x020017	preferred	1000	1	1	0	0.2294895079	EXPECTED_FROM_NULL
x018500	x020633	preferred	1000	1	1	0	0.2864527407	EXPECTED_FROM_NULL
x018500	x024203	preferred	1000	0.01998001998	0.2534725548	1	0.2081305984	EXPECTED_FROM_NULL
x018500	x025553	preferred	1000	1	1	0	0.1938247846	EXPECTED_FROM_NULL
x018500	x031708	preferred	1000	1	1	0	0.2258717067	EXPECTED_FROM_NULL
x018500	x032992	preferred	1000	1	1	0	0.1938247846	EXPECTED_FROM_NULL
x018500	x032993	preferred	1000	1	1	1	0.2242877055	EXPECTED_FROM_NULL
x018500	x033408	preferred	1000	1	1	0	0.3039886883	EXPECTED_FROM_NULL
x018500	x033409	preferred	1000	1	1	1	0.1662603515	EXPECTED_FROM_NULL
x018500	x037912	preferred	1000	1	1	0	0.2930605269	EXPECTED_FROM_NULL
x018500	x038056	preferred	1000	1	1	0	0.1938247846	EXPECTED_FROM_NULL
x018500	x038057	preferred	1000	1	1	0	0.1879779233	EXPECTED_FROM_NULL
x018500	x038058	preferred	1000	1	1	0	0.1662603515	EXPECTED_FROM_NULL
x018500	x040636	preferred	1000	1	1	0	0.2323455311	EXPECTED_FROM_NULL
x018500	x041112	depleted	1000	0.9140859141	1	0	0.2639497319	EXPECTED_FROM_NULL
x018500	x041113	depleted	1000	0.9180819181	1	0	0.2899167986	EXPECTED_FROM_NULL
x018500	x041114	depleted	1000	0.9160839161	1	0	0.2108843709	EXPECTED_FROM_NULL
x018500	x041116	preferred	1000	1	1	0	0.2338072225	EXPECTED_FROM_NULL
x018500	x041117	preferred	1000	1	1	0	0.2076481776	EXPECTED_FROM_NULL
x018500	x042469	preferred	1000	1	1	1	0.307827599	EXPECTED_FROM_NULL
x018500	x042818	preferred	1000	1	1	0	0.2864527407	EXPECTED_FROM_NULL
x018501	x001275	preferred	1000	0.03196803197	0.2551656488	1	0.7663916633	EXPECTED_FROM_NULL
x018501	x001427	depleted	1000	0.995004995	1	0	0.4169354892	EXPECTED_FROM_NULL
x018501	x005232	preferred	1000	0.03096903097	0.2551656488	1	0.6011623355	EXPECTED_FROM_NULL
x018501	x005250	preferred	1000	1	1	0	0.5274733749	EXPECTED_FROM_NULL
x018501	x005252	preferred	1000	1	1	0	0.358131693	EXPECTED_FROM_NULL
x018501	x008312	preferred	1000	1	1	1	0.442178349	EXPECTED_FROM_NULL
x018501	x008313	preferred	1000	1	1	0	0.5096550671	EXPECTED_FROM_NULL
x018501	x008314	preferred	1000	0.01298701299	0.2517482517	1	0.358131693	EXPECTED_FROM_NULL
x018501	x008315	preferred	1000	1	1	0	0.358131693	EXPECTED_FROM_NULL
x018501	x008316	preferred	1000	1	1	0	0.358131693	EXPECTED_FROM_NULL
x018501	x010937	depleted	1000	0.983016983	1	0	0.7055029139	EXPECTED_FROM_NULL
x018501	x016897	depleted	1000	1	1	1	0.7376112604	EXPECTED_FROM_NULL
x018501	x016898	preferred	1000	1	1	0	0.5818777836	EXPECTED_FROM_NULL
x018501	x016899	preferred	1000	1	1	0	0.3480022495	EXPECTED_FROM_NULL
x018501	x016901	preferred	1000	1	1	0	0.358131693	EXPECTED_FROM_NULL
x018501	x017376	depleted	1000	0.9140859141	1	0	0.3731751723	EXPECTED_FROM_NULL
x018501	x017377	preferred	1000	1	1	0	0.7677799892	EXPECTED_FROM_NULL
x018501	x017378	preferred	1000	1	1	0	0.8717224414	EXPECTED_FROM_NULL
x018501	x017379	preferred	1000	0.04395604396	0.2720647773	1	0.5836999567	EXPECTED_FROM_NULL
x018501	x017380	preferred	1000	1	1	0	0.5274733749	EXPECTED_FROM_NULL
x018501	x017381	preferred	1000	1	1	0	0.358131693	EXPECTED_FROM_NULL
x018501	x022921	preferred	1000	0.01698301698	0.2517482517	1	0.358131693	EXPECTED_FROM_NULL
x018501	x032992	preferred	1000	1	1	0	0.5274733749	EXPECTED_FROM_NULL
x018501	x032993	preferred	1000	1	1	0	0.5274733749	EXPECTED_FROM_NULL
x018501	x032996	preferred	1000	1	1	0	0.5274733749	EXPECTED_FROM_NULL
x018501	x033408	preferred	1000	1	1	0	0.4900073772	EXPECTED_FROM_NULL
x018501	x033411	preferred	1000	1	1	0	0.5274733749	EXPECTED_FROM_NULL
x018501	x037857	depleted	1000	0.8861138861	1	0	0.398059591	EXPECTED_FROM_NULL
x018501	x038056	preferred	1000	1	1	0	0.6266274818	EXPECTED_FROM_NULL
x018501	x041112	depleted	1000	0.962037962	1	0	0.5489753312	EXPECTED_FROM_NULL
x018501	x041113	preferred	1000	1	1	0	0.6266274818	EXPECTED_FROM_NULL
x018501	x041114	preferred	1000	1	1	0	0.3480022495	EXPECTED_FROM_NULL
x018501	x042465	preferred	1000	1	1	0	0.863823618	EXPECTED_FROM_NULL
x018502	x001272	preferred	1000	1	1	0	1	INSUFFICIENT_SUPPORT
x018502	x001273	preferred	1000	1	1	0	1	INSUFFICIENT_SUPPORT
x018502	x001275	preferred	1000	1	1	0	1	INSUFFICIENT_SUPPORT
x018502	x001569	preferred	1000	1	1	0	1	INSUFFICIENT_SUPPORT
x018502	x008314	preferred	1000	1	1	0	1	INSUFFICIENT_SUPPORT
x018502	x008315	preferred	1000	1	1	0	1	INSUFFICIENT_SUPPORT
x018502	x011064	preferred	1000	1	1	0	1	INSUFFICIENT_SUPPORT
x018502	x016900	depleted	1000	0.969030969	1	0	1	INSUFFICIENT_SUPPORT
x018502	x016901	preferred	1000	1	1	0	1	INSUFFICIENT_SUPPORT
x018502	x016902	preferred	1000	1	1	0	1	INSUFFICIENT_SUPPORT
x018502	x017376	depleted	1000	0.991008991	1	0	1	INSUFFICIENT_SUPPORT
x018502	x017377	preferred	1000	1	1	0	1	INSUFFICIENT_SUPPORT
x018502	x017379	preferred	1000	1	1	0	1	INSUFFICIENT_SUPPORT
x018502	x017380	preferred	1000	1	1	0	1	INSUFFICIENT_SUPPORT
x018502	x018251	preferred	1000	1	1	0	1	INSUFFICIENT_SUPPORT
x018502	x021976	preferred	1000	1	1	0	1	INSUFFICIENT_SUPPORT
x018502	x022920	preferred	1000	1	1	0	1	INSUFFICIENT_SUPPORT
x018502	x023368	preferred	1000	1	1	0	1	INSUFFICIENT_SUPPORT
x018502	x025552	preferred	1000	1	1	0	1	INSUFFICIENT_SUPPORT
x018502	x031705	preferred	1000	1	1	0	1	INSUFFICIENT_SUPPORT
x018502	x033409	preferred	1000	1	1	0	1	INSUFFICIENT_SUPPORT
x018502	x041112	depleted	1000	0.971028971	1	0	1	INSUFFICIENT_SUPPORT
x018502	x041113	depleted	1000	0.9490509491	1	0	1	INSUFFICIENT_SUPPORT
x018502	x041115	preferred	1000	1	1	0	1	INSUFFICIENT_SUPPORT
x018502	x041116	preferred	1000	1	1	0	1	INSUFFICIENT_SUPPORT
x018502	x041464	preferred	1000	1	1	0	1	INSUFFICIENT_SUPPORT
x018503	x008312	preferred	1000	0.000999000999	1	0	0	INSUFFICIENT_SUPPORT
x018503	x008315	preferred	1000	0.000999000999	1	0	0	INSUFFICIENT_SUPPORT
x018503	x016296	preferred	1000	0.000999000999	1	0	0	INSUFFICIENT_SUPPORT
x018503	x016899	preferred	1000	0.000999000999	1	0	0	INSUFFICIENT_SUPPORT
x018503	x017377	preferred	1000	0.000999000999	1	0	0	INSUFFICIENT_SUPPORT
x018503	x018874	preferred	1000	0.000999000999	1	0	0	INSUFFICIENT_SUPPORT
x018503	x020632	preferred	1000	0.000999000999	1	0	0	INSUFFICIENT_SUPPORT
x018503	x020633	preferred	1000	0.000999000999	1	0	0	INSUFFICIENT_SUPPORT
x018503	x031707	preferred	1000	0.000999000999	1	0	0	INSUFFICIENT_SUPPORT
x018503	x032992	preferred	1000	0.000999000999	1	0	0	INSUFFICIENT_SUPPORT
x018503	x038168	preferred	1000	0.000999000999	1	0	0	INSUFFICIENT_SUPPORT
x018503	x041116	preferred	1000	0.000999000999	1	0	0	INSUFFICIENT_SUPPORT
x018503	x041441	preferred	1000	0.000999000999	1	0	0	INSUFFICIENT_SUPPORT
x018560	x000107	preferred	1000	0.000999000999	1	0	0	INSUFFICIENT_SUPPORT
x018560	x017408	preferred	1000	0.000999000999	1	0	0	INSUFFICIENT_SUPPORT
x018560	x017409	preferred	1000	0.000999000999	1	0	0	INSUFFICIENT_SUPPORT
x018560	x017410	preferred	1000	0.000999000999	1	0	0	INSUFFICIENT_SUPPORT
x018560	x017411	preferred	1000	0.000999000999	1	0	0	INSUFFICIENT_SUPPORT
x018560	x017412	preferred	1000	0.000999000999	1	0	0	INSUFFICIENT_SUPPORT
x018560	x018496	preferred	1000	0.000999000999	1	0	0	INSUFFICIENT_SUPPORT
x018560	x018497	preferred	1000	0.000999000999	1	0	0	INSUFFICIENT_SUPPORT
x018560	x018498	preferred	1000	0.000999000999	1	0	0	INSUFFICIENT_SUPPORT
x018560	x020017	preferred	1000	0.000999000999	1	0	0	INSUFFICIENT_SUPPORT
x018560	x020018	preferred	1000	0.000999000999	1	0	0	INSUFFICIENT_SUPPORT
x018560	x020021	preferred	1000	0.000999000999	1	0	0	INSUFFICIENT_SUPPORT
x018560	x024242	preferred	1000	0.000999000999	1	0	0	INSUFFICIENT_SUPPORT
x018560	x024802	preferred	1000	0.000999000999	1	0	0	INSUFFICIENT_SUPPORT
x018560	x037858	preferred	1000	0.000999000999	1	0	0	INSUFFICIENT_SUPPORT
x018560	x041256	preferred	1000	0.000999000999	1	0	0	INSUFFICIENT_SUPPORT
x018560	x041257	preferred	1000	0.000999000999	1	0	0	INSUFFICIENT_SUPPORT
x018560	x041258	preferred	1000	0.000999000999	1	0	0	INSUFFICIENT_SUPPORT
x018560	x041259	preferred	1000	0.000999000999	1	0	0	INSUFFICIENT_SUPPORT
x018560	x041260	preferred	1000	0.000999000999	1	0	0	INSUFFICIENT_SUPPORT
x018560	x042800	preferred	1000	0.000999000999	1	0	0	INSUFFICIENT_SUPPORT
x018560	x042801	preferred	1000	0.000999000999	1	0	0	INSUFFICIENT_SUPPORT
x018560	x042804	preferred	1000	0.000999000999	1	0	0	INSUFFICIENT_SUPPORT
x018560	x042806	preferred	1000	0.000999000999	1	0	0	INSUFFICIENT_SUPPORT
x018560	x042807	preferred	1000	0.000999000999	1	0	0	INSUFFICIENT_SUPPORT
x018561	x001089	preferred	1000	0.000999000999	1	0	0	INSUFFICIENT_SUPPORT
x018561	x001090	preferred	1000	0.000999000999	1	0	0	INSUFFICIENT_SUPPORT
x018561	x017408	preferred	1000	0.000999000999	1	0	0	INSUFFICIENT_SUPPORT
x018561	x018496	preferred	1000	0.000999000999	1	0	0	INSUFFICIENT_SUPPORT
x018561	x018499	preferred	1000	0.000999000999	1	0	0	INSUFFICIENT_SUPPORT
x018561	x018500	preferred	1000	0.000999000999	1	0	0	INSUFFICIENT_SUPPORT
x018561	x018501	preferred	1000	0.000999000999	1	0	0	INSUFFICIENT_SUPPORT
x018561	x018502	preferred	1000	0.000999000999	1	0	0	INSUFFICIENT_SUPPORT
x018561	x020017	preferred	1000	0.000999000999	1	0	0	INSUFFICIENT_SUPPORT
x018561	x020018	preferred	1000	0.000999000999	1	0	0	INSUFFICIENT_SUPPORT
x018561	x037857	preferred	1000	0.000999000999	1	0	0	INSUFFICIENT_SUPPORT
x018561	x037985	preferred	1000	0.000999000999	1	0	0	INSUFFICIENT_SUPPORT
x018561	x041257	preferred	1000	0.000999000999	1	0	0	INSUFFICIENT_SUPPORT
x018561	x041258	preferred	1000	0.000999000999	1	0	0	INSUFFICIENT_SUPPORT
x018561	x042800	preferred	1000	0.000999000999	1	0	0	INSUFFICIENT_SUPPORT
x018561	x042801	preferred	1000	0.000999000999	1	0	0	INSUFFICIENT_SUPPORT
x018561	x042802	preferred	1000	0.000999000999	1	0	0	INSUFFICIENT_SUPPORT
x018561	x042803	preferred	1000	0.000999000999	1	0	0	INSUFFICIENT_SUPPORT
x018561	x042804	preferred	1000	0.000999000999	1	0	0	INSUFFICIENT_SUPPORT
x018561	x042805	preferred	1000	0.000999000999	1	0	0	INSUFFICIENT_SUPPORT
x018561	x042806	preferred	1000	0.000999000999	1	0	0	INSUFFICIENT_SUPPORT
x018562	x001632	preferred	1000	0.000999000999	1	0	0	INSUFFICIENT_SUPPORT
x018562	x001635	preferred	1000	0.000999000999	1	0	0	INSUFFICIENT_SUPPORT
x018562	x017410	preferred	1000	0.000999000999	1	0	0	INSUFFICIENT_SUPPORT
x018562	x017994	preferred	1000	0.000999000999	1	0	0	INSUFFICIENT_SUPPORT
x018562	x018496	preferred	1000	0.000999000999	1	0	0	INSUFFICIENT_SUPPORT
x018562	x018497	preferred	1000	0.000999000999	1	0	0	INSUFFICIENT_SUPPORT
x018562	x018498	preferred	1000	0.000999000999	1	0	0	INSUFFICIENT_SUPPORT
x018562	x018499	preferred	1000	0.000999000999	1	0	0	INSUFFICIENT_SUPPORT
x018562	x024929	preferred	1000	0.000999000999	1	0	0	INSUFFICIENT_SUPPORT
x018562	x033100	preferred	1000	0.000999000999	1	0	0	INSUFFICIENT_SUPPORT
x018562	x037856	preferred	1000	0.000999000999	1	0	0	INSUFFICIENT_SUPPORT
x018562	x037956	preferred	1000	0.000999000999	1	0	0	INSUFFICIENT_SUPPORT
x018562	x038105	preferred	1000	0.000999000999	1	0	0	INSUFFICIENT_SUPPORT
x018562	x038106	preferred	1000	0.000999000999	1	0	0	INSUFFICIENT_SUPPORT
x018562	x038537	preferred	1000	0.000999000999	1	0	0	INSUFFICIENT_SUPPORT
x018562	x041258	preferred	1000	0.000999000999	1	0	0	INSUFFICIENT_SUPPORT
x018562	x041259	preferred	1000	0.000999000999	1	0	0	INSUFFICIENT_SUPPORT
x018562	x041260	preferred	1000	0.000999000999	1	0	0	INSUFFICIENT_SUPPORT
x018562	x042800	preferred	1000	0.000999000999	1	0	0	INSUFFICIENT_SUPPORT
x018562	x042801	preferred	1000	0.000999000999	1	0	0	INSUFFICIENT_SUPPORT
x018562	x042816	preferred	1000	0.000999000999	1	0	0	INSUFFICIENT_SUPPORT
x018563	x018496	preferred	1000	0.000999000999	1	0	0	INSUFFICIENT_SUPPORT
x018563	x018497	preferred	1000	0.000999000999	1	0	0	INSUFFICIENT_SUPPORT
x018563	x018498	preferred	1000	0.000999000999	1	0	0	INSUFFICIENT_SUPPORT
x018563	x018501	preferred	1000	0.000999000999	1	0	0	INSUFFICIENT_SUPPORT
x018563	x020019	preferred	1000	0.000999000999	1	0	0	INSUFFICIENT_SUPPORT
x018563	x020020	preferred	1000	0.000999000999	1	0	0	INSUFFICIENT_SUPPORT
x018563	x024072	preferred	1000	0.000999000999	1	0	0	INSUFFICIENT_SUPPORT
x018563	x037859	preferred	1000	0.000999000999	1	0	0	INSUFFICIENT_SUPPORT
x018563	x037860	preferred	1000	0.000999000999	1	0	0	INSUFFICIENT_SUPPORT
x018563	x037988	preferred	1000	0.000999000999	1	0	0	INSUFFICIENT_SUPPORT
x018563	x041260	preferred	1000	0.000999000999	1	0	0	INSUFFICIENT_SUPPORT
x018563	x042802	preferred	1000	0.000999000999	1	0	0	INSUFFICIENT_SUPPORT
x018563	x042805	preferred	1000	0.000999000999	1	0	0	INSUFFICIENT_SUPPORT
x018564	x017409	preferred	1000	0.000999000999	1	0	0	INSUFFICIENT_SUPPORT
x018564	x017411	preferred	1000	0.000999000999	1	0	0	INSUFFICIENT_SUPPORT
x018564	x017414	preferred	1000	0.000999000999	1	0	0	INSUFFICIENT_SUPPORT
x018564	x018496	preferred	1000	0.000999000999	1	0	0	INSUFFICIENT_SUPPORT
x018564	x018497	preferred	1000	0.000999000999	1	0	0	INSUFFICIENT_SUPPORT
x018564	x024243	preferred	1000	0.000999000999	1	0	0	INSUFFICIENT_SUPPORT
x018564	x033098	preferred	1000	0.000999000999	1	0	0	INSUFFICIENT_SUPPORT
x018564	x037860	preferred	1000	0.000999000999	1	0	0	INSUFFICIENT_SUPPORT
x018564	x037863	preferred	1000	0.000999000999	1	0	0	INSUFFICIENT_SUPPORT
x018564	x037955	preferred	1000	0.000999000999	1	0	0	INSUFFICIENT_SUPPORT
x018564	x037984	preferred	1000	0.000999000999	1	0	0	INSUFFICIENT_SUPPORT
x018564	x041257	preferred	1000	0.000999000999	1	0	0	INSUFFICIENT_SUPPORT
x018564	x041258	preferred	1000	0.000999000999	1	0	0	INSUFFICIENT_SUPPORT
x018564	x042800	preferred	1000	0.000999000999	1	0	0	INSUFFICIENT_SUPPORT
x018564	x042801	preferred	1000	0.000999000999	1	0	0	INSUFFICIENT_SUPPORT
x018564	x042802	preferred	1000	0.000999000999	1	0	0	INSUFFICIENT_SUPPORT
x018564	x042804	preferred	1000	0.000999000999	1	0	0	INSUFFICIENT_SUPPORT
x018565	x000105	preferred	1000	0.000999000999	1	0	0	INSUFFICIENT_SUPPORT
x018565	x017410	preferred	1000	0.000999000999	1	0	0	INSUFFICIENT_SUPPORT
x018565	x017411	preferred	1000	0.000999000999	1	0	0	INSUFFICIENT_SUPPORT
x018565	x017993	preferred	1000	0.000999000999	1	0	0	INSUFFICIENT_SUPPORT
x018565	x018498	preferred	1000	0.000999000999	1	0	0	INSUFFICIENT_SUPPORT
x018565	x024241	preferred	1000	0.000999000999	1	0	0	INSUFFICIENT_SUPPORT
x018565	x025761	preferred	1000	0.000999000999	1	0	0	INSUFFICIENT_SUPPORT
x018565	x033097	preferred	1000	0.000999000999	1	0	0	INSUFFICIENT_SUPPORT
x018565	x037859	preferred	1000	0.000999000999	1	0	0	INSUFFICIENT_SUPPORT
x018565	x037860	preferred	1000	0.000999000999	1	0	0	INSUFFICIENT_SUPPORT
x018565	x041256	preferred	1000	0.000999000999	1	0	0	INSUFFICIENT_SUPPORT
x018565	x042800	preferred	1000	0.000999000999	1	0	0	INSUFFICIENT_SUPPORT
x018872	x000104	depleted	1000	0.8591408591	1	0	0.2673620619	EXPECTED_FROM_NULL
x018872	x000105	depleted	1000	0.9040959041	1	0	0.3231370126	EXPECTED_FROM_NULL
x018872	x000106	depleted	1000	0.8691308691	1	0	0.2228279205	EXPECTED_FROM_NULL
x018872	x000109	depleted	1000	0.9180819181	1	0	0.2448561032	EXPECTED_FROM_NULL
x018872	x001394	preferred	1000	0.02397602398	0.2551656488	1	0.2714277685	EXPECTED_FROM_NULL
x018872	x001395	preferred	1000	0.02197802198	0.2551656488	1	0.2098093997	EXPECTED_FROM_NULL
x018872	x001424	depleted	1000	0.9190809191	1	0	0.233939999	EXPECTED_FROM_NULL
x018872	x001425	depleted	1000	0.989010989	1	1	0.2653770515	EXPECTED_FROM_NULL
x018872	x002343	preferred	1000	1	1	0	0.2201567174	EXPECTED_FROM_NULL
x018872	x017033	preferred	1000	1	1	0	0.2441614386	EXPECTED_FROM_NULL
x018872	x017888	preferred	1000	1	1	0	0.3564525927	EXPECTED_FROM_NULL
x018872	x017889	depleted	1000	0.9400599401	1	0	0.3606174488	EXPECTED_FROM_NULL
x018872	x017890	preferred	1000	0.04995004995	0.2806111086	1	0.4553983775	EXPECTED_FROM_NULL
x018872	x017891	preferred	1000	1	1	0	0.3926583649	EXPECTED_FROM_NULL
x018872	x017892	preferred	1000	1	1	0	0.2906689593	EXPECTED_FROM_NULL
x018872	x017893	preferred	1000	1	1	0	0.3522730256	EXPECTED_FROM_NULL
x018872	x017894	preferred	10000	0.000199980002	0.04409559044	1	0.1851777661	BLOCK_CONCENTRATED
x018872	x020016	depleted	1000	0.957042957	1	0	0.2344080482	EXPECTED_FROM_NULL
x018872	x020017	depleted	1000	0.967032967	1	1	0.3878972576	EXPECTED_FROM_NULL
x018872	x020018	preferred	1000	1	1	1	0.4471710378	EXPECTED_FROM_NULL
x018872	x024072	preferred	1000	1	1	0	0.1851777661	EXPECTED_FROM_NULL
x018872	x024240	preferred	1000	1	1	0	0.192134707	EXPECTED_FROM_NULL
x018872	x024242	preferred	1000	1	1	0	0.547034716	EXPECTED_FROM_NULL
x018872	x024243	preferred	1000	1	1	1	0.2582341071	EXPECTED_FROM_NULL
x018872	x024244	preferred	1000	1	1	0	0.2046311993	EXPECTED_FROM_NULL
x018872	x025760	preferred	1000	1	1	0	0.2201567174	EXPECTED_FROM_NULL
x018872	x025763	preferred	1000	1	1	0	0.2341960027	EXPECTED_FROM_NULL
x018872	x034674	preferred	1000	1	1	0	0.2021266075	EXPECTED_FROM_NULL
x018872	x037848	depleted	1000	0.9340659341	1	0	0.3865206908	EXPECTED_FROM_NULL
x018872	x037851	depleted	1000	0.9380619381	1	0	0.3884000352	EXPECTED_FROM_NULL
x018872	x037852	preferred	1000	1	1	0	0.1851777661	EXPECTED_FROM_NULL
x018872	x037856	depleted	1000	0.986013986	1	0.5	0.2240354595	EXPECTED_FROM_NULL
x018872	x037857	depleted	1000	0.997002997	1	0.6666666667	0.2324458999	EXPECTED_FROM_NULL
x018872	x037858	depleted	1000	0.989010989	1	1	0.2721355084	EXPECTED_FROM_NULL
x018872	x037859	depleted	1000	0.8381618382	1	1	0.2560980955	EXPECTED_FROM_NULL
x018872	x037860	depleted	1000	0.996003996	1	1	0.3202671364	EXPECTED_FROM_NULL
x018872	x037861	depleted	1000	0.996003996	1	1	0.2549714861	EXPECTED_FROM_NULL
x018872	x037862	depleted	1000	0.8671328671	1	0	0.3726434024	EXPECTED_FROM_NULL
x018872	x037863	preferred	1000	1	1	0	0.7661496749	EXPECTED_FROM_NULL
x018872	x038105	preferred	1000	1	1	0	0.2326859041	EXPECTED_FROM_NULL
x018872	x038106	preferred	1000	1	1	0	0.3091374156	EXPECTED_FROM_NULL
x018872	x038107	preferred	1000	1	1	0	0.2714277685	EXPECTED_FROM_NULL
x018872	x038108	preferred	1000	1	1	0	0.2201567174	EXPECTED_FROM_NULL
x018872	x038540	preferred	1000	1	1	0	0.2934660783	EXPECTED_FROM_NULL
x018872	x039080	preferred	1000	1	1	0	0.2201567174	EXPECTED_FROM_NULL
x018872	x041657	preferred	1000	1	1	0	0.5661150658	EXPECTED_FROM_NULL
x018872	x042107	preferred	1000	1	1	0	0.4796323489	EXPECTED_FROM_NULL
x018872	x042800	preferred	1000	0.07892107892	0.3437451437	1	0.5286546222	EXPECTED_FROM_NULL
x018872	x042804	preferred	1000	1	1	0	0.2892254626	EXPECTED_FROM_NULL
x018872	x042819	preferred	1000	1	1	1	0.199949203	EXPECTED_FROM_NULL
x018873	x000104	depleted	1000	0.8021978022	1	1	0.2569445757	EXPECTED_FROM_NULL
x018873	x000105	depleted	1000	0.8461538462	1	1	0.2282161934	EXPECTED_FROM_NULL
x018873	x000107	depleted	1000	0.8661338661	1	0	0.2898553441	EXPECTED_FROM_NULL
x018873	x000108	preferred	10000	0.003899610039	0.2178840939	0.5	0.3271923616	EXPECTED_FROM_NULL
x018873	x001392	preferred	1000	1	1	0.5	0.177067233	EXPECTED_FROM_NULL
x018873	x001393	preferred	1000	0.05794205794	0.2971214832	1	0.3264628023	EXPECTED_FROM_NULL
x018873	x001394	preferred	1000	1	1	0	0.1777064662	EXPECTED_FROM_NULL
x018873	x001395	preferred	1000	1	1	0	0.210264324	EXPECTED_FROM_NULL
x018873	x001430	preferred	1000	1	1	0	0.3810080263	EXPECTED_FROM_NULL
x018873	x001635	preferred	1000	1	1	0	0.1777064662	EXPECTED_FROM_NULL
x018873	x002336	preferred	1000	0.03596403596	0.2643356643	1	0.2171904109	EXPECTED_FROM_NULL
x018873	x017673	preferred	1000	1	1	1	0.2448637362	EXPECTED_FROM_NULL
x018873	x017674	preferred	1000	1	1	0	0.1538793932	EXPECTED_FROM_NULL
x018873	x017888	depleted	1000	0.9180819181	1	1	0.2623627354	EXPECTED_FROM_NULL
x018873	x017889	preferred	1000	1	1	1	0.395340532	EXPECTED_FROM_NULL
x018873	x017890	preferred	1000	1	1	0	0.3196784102	EXPECTED_FROM_NULL
x018873	x017891	preferred	1000	1	1	0	0.2519478009	EXPECTED_FROM_NULL
x018873	x017893	preferred	1000	0.03596403596	0.2643356643	1	0.2099307913	EXPECTED_FROM_NULL
x018873	x017894	preferred	1000	0.03596403596	0.2643356643	1	0.2799547214	EXPECTED_FROM_NULL
x018873	x020016	depleted	1000	0.9010989011	1	0	0.2834423935	EXPECTED_FROM_NULL
x018873	x022954	preferred	1000	1	1	0	0.4104722361	EXPECTED_FROM_NULL
x018873	x023432	preferred	1000	1	1	0	0.1777064662	EXPECTED_FROM_NULL
x018873	x024242	preferred	1000	1	1	0	0.3785262852	EXPECTED_FROM_NULL
x018873	x024246	preferred	1000	1	1	0	0.1538793932	EXPECTED_FROM_NULL
x018873	x025761	preferred	1000	1	1	0	0.2560415169	EXPECTED_FROM_NULL
x018873	x033881	preferred	1000	1	1	0	0.1843918542	EXPECTED_FROM_NULL
x018873	x034497	preferred	1000	1	1	0	0.2048148992	EXPECTED_FROM_NULL
x018873	x036658	preferred	1000	1	1	0	0.1767492894	EXPECTED_FROM_NULL
x018873	x037849	depleted	1000	0.995004995	1	1	0.3240949345	EXPECTED_FROM_NULL
x018873	x037856	depleted	1000	0.7272727273	1	1	0.2065604093	EXPECTED_FROM_NULL
x018873	x037857	depleted	1000	0.963036963	1	1	0.214733093	EXPECTED_FROM_NULL
x018873	x037858	depleted	1000	0.7772227772	1	0	0.2186016375	EXPECTED_FROM_NULL
x018873	x037859	depleted	1000	1	1	0.3333333333	0.2936255207	EXPECTED_FROM_NULL
x018873	x037860	depleted	1000	0.996003996	1	0.5	0.2285756968	EXPECTED_FROM_NULL
x018873	x037861	depleted	1000	0.7802197802	1	0	0.2138130445	EXPECTED_FROM_NULL
x018873	x037862	depleted	1000	0.993006993	1	0.5	0.2456740263	EXPECTED_FROM_NULL
x018873	x038105	preferred	1000	1	1	0	0.2535861867	EXPECTED_FROM_NULL
x018873	x038107	preferred	1000	1	1	1	0.1538793932	EXPECTED_FROM_NULL
x018873	x038441	preferred	1000	1	1	0	0.2087981443	EXPECTED_FROM_NULL
x018873	x038538	depleted	1000	0.972027972	1	0	0.2567490916	EXPECTED_FROM_NULL
x018873	x040217	preferred	1000	1	1	1	0.1691975516	EXPECTED_FROM_NULL
x018873	x040634	preferred	1000	1	1	1	0.1914935564	EXPECTED_FROM_NULL
x018873	x041656	preferred	1000	0.04595404595	0.272451233	1	0.3029437986	EXPECTED_FROM_NULL
x018873	x041657	preferred	1000	1	1	0	0.3061083796	EXPECTED_FROM_NULL
x018873	x042105	depleted	1000	0.98001998	1	0	0.2930441454	EXPECTED_FROM_NULL
x018874	x000104	depleted	1000	1	1	1	1	INSUFFICIENT_SUPPORT
x018874	x000105	preferred	1000	0.01398601399	1	1	1	INSUFFICIENT_SUPPORT
x018874	x000106	depleted	1000	0.991008991	1	0	1	INSUFFICIENT_SUPPORT
x018874	x000109	depleted	1000	0.963036963	1	0	1	INSUFFICIENT_SUPPORT
x018874	x000110	preferred	1000	1	1	0	1	INSUFFICIENT_SUPPORT
x018874	x000111	preferred	1000	1	1	0	1	INSUFFICIENT_SUPPORT
x018874	x001088	preferred	1000	1	1	0	1	INSUFFICIENT_SUPPORT
x018874	x001393	preferred	1000	1	1	0	1	INSUFFICIENT_SUPPORT
x018874	x001394	preferred	1000	1	1	0	1	INSUFFICIENT_SUPPORT
x018874	x001424	depleted	1000	0.987012987	1	0	1	INSUFFICIENT_SUPPORT
x018874	x001425	depleted	1000	0.988011988	1	0	1	INSUFFICIENT_SUPPORT
x018874	x001427	depleted	1000	1	1	0	1	INSUFFICIENT_SUPPORT
x018874	x005075	preferred	1000	1	1	0	1	INSUFFICIENT_SUPPORT
x018874	x017673	preferred	1000	1	1	0	1	INSUFFICIENT_SUPPORT
x018874	x017888	preferred	1000	1	1	0	1	INSUFFICIENT_SUPPORT
x018874	x017890	preferred	1000	0.02597402597	1	1	1	INSUFFICIENT_SUPPORT
x018874	x017891	depleted	1000	0.999000999	1	1	1	INSUFFICIENT_SUPPORT
x018874	x017893	preferred	1000	1	1	0	1	INSUFFICIENT_SUPPORT
x018874	x020018	preferred	1000	1	1	0	1	INSUFFICIENT_SUPPORT
x018874	x024241	depleted	1000	0.964035964	1	0	1	INSUFFICIENT_SUPPORT
x018874	x024242	preferred	1000	1	1	0	1	INSUFFICIENT_SUPPORT
x018874	x024244	preferred	1000	1	1	0	1	INSUFFICIENT_SUPPORT
x018874	x024802	preferred	1000	1	1	0	1	INSUFFICIENT_SUPPORT
x018874	x025548	preferred	1000	1	1	0	1	INSUFFICIENT_SUPPORT
x018874	x025737	preferred	1000	1	1	0	1	INSUFFICIENT_SUPPORT
x018874	x025760	preferred	1000	1	1	0	1	INSUFFICIENT_SUPPORT
x018874	x037851	depleted	1000	0.982017982	1	0	1	INSUFFICIENT_SUPPORT
x018874	x037856	depleted	1000	0.998001998	1	1	1	INSUFFICIENT_SUPPORT
x018874	x037857	depleted	1000	0.958041958	1	0	1	INSUFFICIENT_SUPPORT
x018874	x037858	depleted	1000	0.983016983	1	0	1	INSUFFICIENT_SUPPORT
x018874	x037859	depleted	1000	1	1	1	1	INSUFFICIENT_SUPPORT
x018874	x037860	depleted	1000	0.9350649351	1	0	1	INSUFFICIENT_SUPPORT
x018874	x037861	preferred	1000	1	1	0	1	INSUFFICIENT_SUPPORT
x018874	x037862	preferred	1000	1	1	0	1	INSUFFICIENT_SUPPORT
x018874	x038105	preferred	1000	1	1	0	1	INSUFFICIENT_SUPPORT
x018874	x038108	preferred	1000	1	1	0	1	INSUFFICIENT_SUPPORT
x018874	x038537	depleted	1000	1	1	0	1	INSUFFICIENT_SUPPORT
x018874	x041529	preferred	1000	1	1	0	1	INSUFFICIENT_SUPPORT
x018874	x041531	preferred	1000	1	1	0	1	INSUFFICIENT_SUPPORT
x018874	x041661	preferred	1000	1	1	0	1	INSUFFICIENT_SUPPORT
x018874	x041662	preferred	1000	1	1	0	1	INSUFFICIENT_SUPPORT
x018875	x000104	depleted	1000	0.998001998	1	1	0.9508042236	INSUFFICIENT_SUPPORT
x018875	x000105	depleted	1000	0.998001998	1	1	0.9077032552	INSUFFICIENT_SUPPORT
x018875	x000106	depleted	1000	0.9050949051	1	0	0.5147452655	INSUFFICIENT_SUPPORT
x018875	x000108	depleted	1000	0.963036963	1	0	0.9508042236	INSUFFICIENT_SUPPORT
x018875	x000109	depleted	1000	0.998001998	1	1	0.8447599876	INSUFFICIENT_SUPPORT
x018875	x000110	depleted	1000	0.962037962	1	0	0.9077032552	INSUFFICIENT_SUPPORT
x018875	x000111	depleted	1000	0.9490509491	1	0	0.550891936	INSUFFICIENT_SUPPORT
x018875	x001090	preferred	1000	1	1	0	0.6977085665	INSUFFICIENT_SUPPORT
x018875	x001393	preferred	1000	0.007992007992	1	1	0.5425273836	INSUFFICIENT_SUPPORT
x018875	x001396	preferred	1000	1	1	0	0.5425273836	INSUFFICIENT_SUPPORT
x018875	x001428	preferred	1000	1	1	0	0.6081337239	INSUFFICIENT_SUPPORT
x018875	x002338	preferred	1000	1	1	0	0.5425273836	INSUFFICIENT_SUPPORT
x018875	x016449	preferred	1000	1	1	0	0.5425273836	INSUFFICIENT_SUPPORT
x018875	x017673	preferred	1000	1	1	0	0.5425273836	INSUFFICIENT_SUPPORT
x018875	x017888	depleted	1000	0.9350649351	1	0	0.7259718393	INSUFFICIENT_SUPPORT
x018875	x017890	depleted	1000	0.9380619381	1	0	0.5167930465	INSUFFICIENT_SUPPORT
x018875	x017891	preferred	1000	1	1	0	0.6081337239	INSUFFICIENT_SUPPORT
x018875	x017892	preferred	1000	1	1	0	0.5425273836	INSUFFICIENT_SUPPORT
x018875	x017893	preferred	1000	1	1	0	0.6081337239	INSUFFICIENT_SUPPORT
x018875	x020021	preferred	1000	1	1	0	0.972655009	INSUFFICIENT_SUPPORT
x018875	x024241	preferred	1000	1	1	0	0.972655009	INSUFFICIENT_SUPPORT
x018875	x024242	preferred	1000	1	1	0	0.5425273836	INSUFFICIENT_SUPPORT
x018875	x024243	preferred	1000	1	1	0	0.5425273836	INSUFFICIENT_SUPPORT
x018875	x025761	preferred	1000	1	1	0	0.8676169073	INSUFFICIENT_SUPPORT
x018875	x037848	preferred	1000	1	1	0	0.6081337239	INSUFFICIENT_SUPPORT
x018875	x037850	preferred	1000	1	1	0	0.972655009	INSUFFICIENT_SUPPORT
x018875	x037856	depleted	1000	0.8581418581	1	0	0.5240251548	INSUFFICIENT_SUPPORT
x018875	x037857	depleted	1000	0.8281718282	1	0	0.5099978365	INSUFFICIENT_SUPPORT
x018875	x037858	depleted	1000	0.9170829171	1	0	0.5348739534	INSUFFICIENT_SUPPORT
x018875	x037859	depleted	1000	0.993006993	1	1	0.8770044682	INSUFFICIENT_SUPPORT
x018875	x037861	depleted	1000	0.985014985	1	1	0.6104436642	INSUFFICIENT_SUPPORT
x018875	x037862	depleted	1000	0.9340659341	1	0	0.7648791773	INSUFFICIENT_SUPPORT
x018875	x037863	depleted	1000	0.972027972	1	0	0.9508042236	INSUFFICIENT_SUPPORT
x018875	x037913	preferred	1000	1	1	0	0.972655009	INSUFFICIENT_SUPPORT
x018875	x038104	preferred	1000	1	1	0	0.972655009	INSUFFICIENT_SUPPORT
x018875	x038443	preferred	1000	1	1	0	0.5425273836	INSUFFICIENT_SUPPORT
x018875	x040217	preferred	1000	1	1	0	0.7530723473	INSUFFICIENT_SUPPORT
x018875	x041656	preferred	1000	1	1	0	0.5425273836	INSUFFICIENT_SUPPORT
x018875	x042816	preferred	1000	1	1	0	0.5425273836	INSUFFICIENT_SUPPORT
x018876	x000104	preferred	1000	0.000999000999	1	0	0	INSUFFICIENT_SUPPORT
x018876	x000105	preferred	1000	0.000999000999	1	0	0	INSUFFICIENT_SUPPORT
x018876	x000106	preferred	1000	0.000999000999	1	0	0	INSUFFICIENT_SUPPORT
x018876	x000108	preferred	1000	0.000999000999	1	0	0	INSUFFICIENT_SUPPORT
x018876	x000110	preferred	1000	0.000999000999	1	0	0	INSUFFICIENT_SUPPORT
x018876	x001424	preferred	1000	0.000999000999	1	0	0	INSUFFICIENT_SUPPORT
x018876	x001634	preferred	1000	0.000999000999	1	0	0	INSUFFICIENT_SUPPORT
x018876	x002340	preferred	1000	0.000999000999	1	0	0	INSUFFICIENT_SUPPORT
x018876	x017674	preferred	1000	0.000999000999	1	0	0	INSUFFICIENT_SUPPORT
x018876	x020018	preferred	1000	0.000999000999	1	0	0	INSUFFICIENT_SUPPORT
x018876	x020021	preferred	1000	0.000999000999	1	0	0	INSUFFICIENT_SUPPORT
x018876	x021786	preferred	1000	0.000999000999	1	0	0	INSUFFICIENT_SUPPORT
x018876	x024240	preferred	1000	0.000999000999	1	0	0	INSUFFICIENT_SUPPORT
x018876	x024242	preferred	1000	0.000999000999	1	0	0	INSUFFICIENT_SUPPORT
x018876	x024244	preferred	1000	0.000999000999	1	0	0	INSUFFICIENT_SUPPORT
x018876	x024246	preferred	1000	0.000999000999	1	0	0	INSUFFICIENT_SUPPORT
x018876	x025548	preferred	1000	0.000999000999	1	0	0	INSUFFICIENT_SUPPORT
x018876	x025763	preferred	1000	0.000999000999	1	0	0	INSUFFICIENT_SUPPORT
x018876	x037848	preferred	1000	0.000999000999	1	0	0	INSUFFICIENT_SUPPORT
x018876	x037856	preferred	1000	0.000999000999	1	0	0	INSUFFICIENT_SUPPORT
x018876	x037857	preferred	1000	0.000999000999	1	0	0	INSUFFICIENT_SUPPORT
x018876	x037858	preferred	1000	0.000999000999	1	0	0	INSUFFICIENT_SUPPORT
x018876	x037859	preferred	1000	0.000999000999	1	0	0	INSUFFICIENT_SUPPORT
x018876	x037860	preferred	1000	0.000999000999	1	0	0	INSUFFICIENT_SUPPORT
x018876	x037861	preferred	1000	0.000999000999	1	0	0	INSUFFICIENT_SUPPORT
x018876	x037881	preferred	1000	0.000999000999	1	0	0	INSUFFICIENT_SUPPORT
x018876	x038104	preferred	1000	0.000999000999	1	0	0	INSUFFICIENT_SUPPORT
x018876	x038105	preferred	1000	0.000999000999	1	0	0	INSUFFICIENT_SUPPORT
x018876	x038106	preferred	1000	0.000999000999	1	0	0	INSUFFICIENT_SUPPORT
x018876	x038107	preferred	1000	0.000999000999	1	0	0	INSUFFICIENT_SUPPORT
x018876	x041658	preferred	1000	0.000999000999	1	0	0	INSUFFICIENT_SUPPORT
x018876	x041660	preferred	1000	0.000999000999	1	0	0	INSUFFICIENT_SUPPORT
x018876	x041662	preferred	1000	0.000999000999	1	0	0	INSUFFICIENT_SUPPORT
x018876	x042820	preferred	1000	0.000999000999	1	0	0	INSUFFICIENT_SUPPORT
x018877	x000104	depleted	1000	0.974025974	1	0	1	INSUFFICIENT_SUPPORT
x018877	x000105	depleted	1000	0.969030969	1	0	1	INSUFFICIENT_SUPPORT
x018877	x000106	depleted	1000	0.999000999	1	1	1	INSUFFICIENT_SUPPORT
x018877	x000107	preferred	1000	1	1	0	1	INSUFFICIENT_SUPPORT
x018877	x000108	preferred	1000	1	1	0	1	INSUFFICIENT_SUPPORT
x018877	x000109	depleted	1000	0.985014985	1	0	1	INSUFFICIENT_SUPPORT
x018877	x001394	preferred	1000	0.01398601399	1	1	1	INSUFFICIENT_SUPPORT
x018877	x001395	preferred	1000	1	1	0	1	INSUFFICIENT_SUPPORT
x018877	x001425	depleted	1000	0.973026973	1	0	1	INSUFFICIENT_SUPPORT
x018877	x001430	preferred	1000	1	1	0	1	INSUFFICIENT_SUPPORT
x018877	x014824	preferred	1000	1	1	0	1	INSUFFICIENT_SUPPORT
x018877	x017675	preferred	1000	1	1	0	1	INSUFFICIENT_SUPPORT
x018877	x017676	preferred	1000	1	1	0	1	INSUFFICIENT_SUPPORT
x018877	x017888	depleted	1000	0.958041958	1	0	1	INSUFFICIENT_SUPPORT
x018877	x017889	depleted	1000	0.969030969	1	0	1	INSUFFICIENT_SUPPORT
x018877	x017891	depleted	1000	0.974025974	1	0	1	INSUFFICIENT_SUPPORT
x018877	x017997	preferred	1000	1	1	0	1	INSUFFICIENT_SUPPORT
x018877	x020017	preferred	1000	1	1	0	1	INSUFFICIENT_SUPPORT
x018877	x024244	preferred	1000	0.008991008991	1	1	1	INSUFFICIENT_SUPPORT
x018877	x024802	preferred	1000	1	1	0	1	INSUFFICIENT_SUPPORT
x018877	x025766	preferred	1000	1	1	0	1	INSUFFICIENT_SUPPORT
x018877	x037848	depleted	1000	0.994005994	1	0	1	INSUFFICIENT_SUPPORT
x018877	x037849	depleted	1000	0.976023976	1	0	1	INSUFFICIENT_SUPPORT
x018877	x037856	depleted	1000	0.998001998	1	1	1	INSUFFICIENT_SUPPORT
x018877	x037857	depleted	1000	0.995004995	1	0	1	INSUFFICIENT_SUPPORT
x018877	x037858	depleted	1000	0.955044955	1	0	1	INSUFFICIENT_SUPPORT
x018877	x037859	depleted	1000	0.985014985	1	0	1	INSUFFICIENT_SUPPORT
x018877	x037860	depleted	1000	0.976023976	1	0	1	INSUFFICIENT_SUPPORT
x018877	x037862	preferred	1000	1	1	0	1	INSUFFICIENT_SUPPORT
x018877	x038105	preferred	1000	1	1	0	1	INSUFFICIENT_SUPPORT
x018877	x038108	depleted	1000	0.981018981	1	0	1	INSUFFICIENT_SUPPORT
x018877	x040219	preferred	1000	1	1	0	1	INSUFFICIENT_SUPPORT
x018877	x041656	depleted	1000	0.986013986	1	0	1	INSUFFICIENT_SUPPORT
x018877	x041658	preferred	1000	1	1	0	1	INSUFFICIENT_SUPPORT
x018877	x042800	preferred	1000	0.008991008991	1	1	1	INSUFFICIENT_SUPPORT
x018878	x000104	preferred	1000	0.000999000999	1	0	0	INSUFFICIENT_SUPPORT
x018878	x000106	preferred	1000	0.000999000999	1	0	0	INSUFFICIENT_SUPPORT
x018878	x000107	preferred	1000	0.000999000999	1	0	0	INSUFFICIENT_SUPPORT
x018878	x017889	preferred	1000	0.000999000999	1	0	0	INSUFFICIENT_SUPPORT
x018878	x017890	preferred	1000	0.000999000999	1	0	0	INSUFFICIENT_SUPPORT
x018878	x017892	preferred	1000	0.000999000999	1	0	0	INSUFFICIENT_SUPPORT
x018878	x022955	preferred	1000	0.000999000999	1	0	0	INSUFFICIENT_SUPPORT
x018878	x024240	preferred	1000	0.000999000999	1	0	0	INSUFFICIENT_SUPPORT
x018878	x024242	preferred	1000	0.000999000999	1	0	0	INSUFFICIENT_SUPPORT
x018878	x025544	preferred	1000	0.000999000999	1	0	0	INSUFFICIENT_SUPPORT
x018878	x037857	preferred	1000	0.000999000999	1	0	0	INSUFFICIENT_SUPPORT
x018878	x037858	preferred	1000	0.000999000999	1	0	0	INSUFFICIENT_SUPPORT
x018878	x037860	preferred	1000	0.000999000999	1	0	0	INSUFFICIENT_SUPPORT
x018878	x037862	preferred	1000	0.000999000999	1	0	0	INSUFFICIENT_SUPPORT
x018878	x037863	preferred	1000	0.000999000999	1	0	0	INSUFFICIENT_SUPPORT
x018878	x042105	preferred	1000	0.000999000999	1	0	0	INSUFFICIENT_SUPPORT
x018878	x042800	preferred	1000	0.000999000999	1	0	0	INSUFFICIENT_SUPPORT
x018879	x000104	preferred	1000	0.000999000999	1	0	0	INSUFFICIENT_SUPPORT
x018879	x000106	preferred	1000	0.000999000999	1	0	0	INSUFFICIENT_SUPPORT
x018879	x000108	preferred	1000	0.000999000999	1	0	0	INSUFFICIENT_SUPPORT
x018879	x002339	preferred	1000	0.000999000999	1	0	0	INSUFFICIENT_SUPPORT
x018879	x017675	preferred	1000	0.000999000999	1	0	0	INSUFFICIENT_SUPPORT
x018879	x017888	preferred	1000	0.000999000999	1	0	0	INSUFFICIENT_SUPPORT
x018879	x017892	preferred	1000	0.000999000999	1	0	0	INSUFFICIENT_SUPPORT
x018879	x020017	preferred	1000	0.000999000999	1	0	0	INSUFFICIENT_SUPPORT
x018879	x034675	preferred	1000	0.000999000999	1	0	0	INSUFFICIENT_SUPPORT
x018879	x036658	preferred	1000	0.000999000999	1	0	0	INSUFFICIENT_SUPPORT
x018879	x037858	preferred	1000	0.000999000999	1	0	0	INSUFFICIENT_SUPPORT
x018879	x037859	preferred	1000	0.000999000999	1	0	0	INSUFFICIENT_SUPPORT
x018879	x037863	preferred	1000	0.000999000999	1	0	0	INSUFFICIENT_SUPPORT
x019712	x000104	preferred	1000	0.000999000999	1	0	0	INSUFFICIENT_SUPPORT
x019712	x000106	preferred	1000	0.000999000999	1	0	0	INSUFFICIENT_SUPPORT
x019712	x000107	preferred	1000	0.000999000999	1	0	0	INSUFFICIENT_SUPPORT
x019712	x000108	preferred	1000	0.000999000999	1	0	0	INSUFFICIENT_SUPPORT
x019712	x000109	preferred	1000	0.000999000999	1	0	0	INSUFFICIENT_SUPPORT
x019712	x020016	preferred	1000	0.000999000999	1	0	0	INSUFFICIENT_SUPPORT
x019712	x025760	preferred	1000	0.000999000999	1	0	0	INSUFFICIENT_SUPPORT
x019712	x037856	preferred	1000	0.000999000999	1	0	0	INSUFFICIENT_SUPPORT
x019712	x037857	preferred	1000	0.000999000999	1	0	0	INSUFFICIENT_SUPPORT
x019712	x037858	preferred	1000	0.000999000999	1	0	0	INSUFFICIENT_SUPPORT
x019712	x037859	preferred	1000	0.000999000999	1	0	0	INSUFFICIENT_SUPPORT
x019712	x037860	preferred	1000	0.000999000999	1	0	0	INSUFFICIENT_SUPPORT
x019712	x037862	preferred	1000	0.000999000999	1	0	0	INSUFFICIENT_SUPPORT
x019712	x037863	preferred	1000	0.000999000999	1	0	0	INSUFFICIENT_SUPPORT
x019712	x041657	preferred	1000	0.000999000999	1	0	0	INSUFFICIENT_SUPPORT
x019713	x000111	preferred	1000	0.000999000999	1	0	0	INSUFFICIENT_SUPPORT
x019713	x017834	preferred	1000	0.000999000999	1	0	0	INSUFFICIENT_SUPPORT
x019713	x017894	preferred	1000	0.000999000999	1	0	0	INSUFFICIENT_SUPPORT
x019713	x020020	preferred	1000	0.000999000999	1	0	0	INSUFFICIENT_SUPPORT
x019713	x024240	preferred	1000	0.000999000999	1	0	0	INSUFFICIENT_SUPPORT
x019713	x037857	preferred	1000	0.000999000999	1	0	0	INSUFFICIENT_SUPPORT
x019713	x037858	preferred	1000	0.000999000999	1	0	0	INSUFFICIENT_SUPPORT
x019713	x037859	preferred	1000	0.000999000999	1	0	0	INSUFFICIENT_SUPPORT
x019713	x037860	preferred	1000	0.000999000999	1	0	0	INSUFFICIENT_SUPPORT
x019713	x037863	preferred	1000	0.000999000999	1	0	0	INSUFFICIENT_SUPPORT
x019714	x000107	preferred	1000	0.000999000999	1	0	0	INSUFFICIENT_SUPPORT
x019714	x024242	preferred	1000	0.000999000999	1	0	0	INSUFFICIENT_SUPPORT
x019714	x024244	preferred	1000	0.000999000999	1	0	0	INSUFFICIENT_SUPPORT
x019714	x037856	preferred	1000	0.000999000999	1	0	0	INSUFFICIENT_SUPPORT
x019714	x037857	preferred	1000	0.000999000999	1	0	0	INSUFFICIENT_SUPPORT
x019714	x037859	preferred	1000	0.000999000999	1	0	0	INSUFFICIENT_SUPPORT
x019714	x037860	preferred	1000	0.000999000999	1	0	0	INSUFFICIENT_SUPPORT
x019714	x042819	preferred	1000	0.000999000999	1	0	0	INSUFFICIENT_SUPPORT
x019716	x000105	preferred	1000	0.000999000999	1	0	0	INSUFFICIENT_SUPPORT
x019716	x024240	preferred	1000	0.000999000999	1	0	0	INSUFFICIENT_SUPPORT
x019716	x024245	preferred	1000	0.000999000999	1	0	0	INSUFFICIENT_SUPPORT
x019716	x037856	preferred	1000	0.000999000999	1	0	0	INSUFFICIENT_SUPPORT
x019716	x037857	preferred	1000	0.000999000999	1	0	0	INSUFFICIENT_SUPPORT
x019716	x037859	preferred	1000	0.000999000999	1	0	0	INSUFFICIENT_SUPPORT
x019716	x037860	preferred	1000	0.000999000999	1	0	0	INSUFFICIENT_SUPPORT
x019716	x037861	preferred	1000	0.000999000999	1	0	0	INSUFFICIENT_SUPPORT
x019717	x000107	preferred	1000	0.000999000999	1	0	0	INSUFFICIENT_SUPPORT
x019717	x000108	preferred	1000	0.000999000999	1	0	0	INSUFFICIENT_SUPPORT
x019717	x001392	preferred	1000	0.000999000999	1	0	0	INSUFFICIENT_SUPPORT
x019717	x001394	preferred	1000	0.000999000999	1	0	0	INSUFFICIENT_SUPPORT
x019717	x017891	preferred	1000	0.000999000999	1	0	0	INSUFFICIENT_SUPPORT
x019717	x037856	preferred	1000	0.000999000999	1	0	0	INSUFFICIENT_SUPPORT
x019717	x037857	preferred	1000	0.000999000999	1	0	0	INSUFFICIENT_SUPPORT
x019717	x037858	preferred	1000	0.000999000999	1	0	0	INSUFFICIENT_SUPPORT
x019936	x000104	depleted	1000	0.9390609391	1	0	0.9811332099	INSUFFICIENT_SUPPORT
x019936	x000105	depleted	1000	0.964035964	1	0	0.5020596154	INSUFFICIENT_SUPPORT
x019936	x000107	depleted	1000	0.9290709291	1	0	0.5678374875	INSUFFICIENT_SUPPORT
x019936	x000108	preferred	1000	1	1	0	0.973957867	INSUFFICIENT_SUPPORT
x019936	x000109	preferred	1000	1	1	0	0.5305517842	INSUFFICIENT_SUPPORT
x019936	x001090	preferred	1000	1	1	0	0.973957867	INSUFFICIENT_SUPPORT
x019936	x001397	preferred	1000	1	1	0	0.5008715888	INSUFFICIENT_SUPPORT
x019936	x002341	preferred	1000	1	1	0	0.9705682125	INSUFFICIENT_SUPPORT
x019936	x011179	preferred	1000	1	1	0	0.5008715888	INSUFFICIENT_SUPPORT
x019936	x014828	preferred	1000	1	1	0	0.973957867	INSUFFICIENT_SUPPORT
x019936	x017694	preferred	1000	1	1	0	0.5008715888	INSUFFICIENT_SUPPORT
x019936	x018500	depleted	1000	0.984015984	1	0	0.9640832933	INSUFFICIENT_SUPPORT
x019936	x018873	depleted	1000	0.986013986	1	0	0.9334978965	INSUFFICIENT_SUPPORT
x019936	x018878	preferred	1000	1	1	0	0.5305517842	INSUFFICIENT_SUPPORT
x019936	x020016	preferred	1000	1	1	0	0.7021563922	INSUFFICIENT_SUPPORT
x019936	x020021	depleted	1000	0.9490509491	1	0	0.9334978965	INSUFFICIENT_SUPPORT
x019936	x021784	preferred	1000	1	1	0	0.5008715888	INSUFFICIENT_SUPPORT
x019936	x022521	depleted	1000	1	1	0	0.9334978965	INSUFFICIENT_SUPPORT
x019936	x023867	preferred	1000	1	1	0	0.5008715888	INSUFFICIENT_SUPPORT
x019936	x024089	preferred	1000	0.01398601399	1	1	0.5008715888	INSUFFICIENT_SUPPORT
x019936	x024800	preferred	1000	1	1	0	0.5008715888	INSUFFICIENT_SUPPORT
x019936	x024802	preferred	1000	1	1	0	0.7021563922	INSUFFICIENT_SUPPORT
x019936	x024804	preferred	1000	1	1	0	0.7031492667	INSUFFICIENT_SUPPORT
x019936	x024928	depleted	1000	0.954045954	1	0	0.9334978965	INSUFFICIENT_SUPPORT
x019936	x024929	preferred	1000	1	1	0	0.9705682125	INSUFFICIENT_SUPPORT
x019936	x024930	preferred	1000	1	1	0	0.973957867	INSUFFICIENT_SUPPORT
x019936	x024933	preferred	1000	1	1	0	0.7021563922	INSUFFICIENT_SUPPORT
x019936	x025394	depleted	1000	0.971028971	1	0	0.5421553236	INSUFFICIENT_SUPPORT
x019936	x025396	depleted	1000	1	1	0	0.7487580841	INSUFFICIENT_SUPPORT
x019936	x025528	preferred	1000	0.008991008991	1	1	0.973957867	INSUFFICIENT_SUPPORT
x019936	x025548	preferred	1000	1	1	0	0.9705682125	INSUFFICIENT_SUPPORT
x019936	x031704	preferred	1000	1	1	0	0.5008715888	INSUFFICIENT_SUPPORT
x019936	x032443	preferred	1000	0.00999000999	1	1	0.5008715888	INSUFFICIENT_SUPPORT
x019936	x034673	preferred	1000	1	1	0	0.973957867	INSUFFICIENT_SUPPORT
x019936	x037809	preferred	1000	1	1	0	0.5008715888	INSUFFICIENT_SUPPORT
x019936	x037852	preferred	1000	1	1	0	0.973957867	INSUFFICIENT_SUPPORT
x019936	x037853	depleted	1000	0.956043956	1	0	0.9402415493	INSUFFICIENT_SUPPORT
x019936	x037855	preferred	1000	1	1	0	0.5008715888	INSUFFICIENT_SUPPORT
x019936	x037856	depleted	1000	0.8141858142	1	0	0.5745023524	INSUFFICIENT_SUPPORT
x019936	x037858	depleted	1000	0.9470529471	1	0	0.5006873121	INSUFFICIENT_SUPPORT
x019936	x037859	depleted	1000	0.8831168831	1	0	0.6141417461	INSUFFICIENT_SUPPORT
x019936	x037861	depleted	1000	0.9090909091	1	0	0.6584720343	INSUFFICIENT_SUPPORT
x019936	x037862	preferred	1000	0.04995004995	1	1	0.891611661	INSUFFICIENT_SUPPORT
x019936	x037953	preferred	1000	1	1	0	0.7021563922	INSUFFICIENT_SUPPORT
x019936	x037954	preferred	1000	1	1	0	0.5813191104	INSUFFICIENT_SUPPORT
x019936	x038104	preferred	1000	0.02497502498	1	1	0.9475201181	INSUFFICIENT_SUPPORT
x019936	x038537	preferred	1000	1	1	0	0.7031492667	INSUFFICIENT_SUPPORT
x019936	x038539	depleted	1000	0.977022977	1	0	0.9597843711	INSUFFICIENT_SUPPORT
x019936	x038541	preferred	1000	1	1	0	0.7031492667	INSUFFICIENT_SUPPORT
x019936	x040633	preferred	1000	1	1	0	0.5008715888	INSUFFICIENT_SUPPORT
x019936	x040636	preferred	1000	1	1	0	0.973957867	INSUFFICIENT_SUPPORT
x019936	x041443	preferred	1000	1	1	0	0.9705682125	INSUFFICIENT_SUPPORT
x019936	x042816	preferred	1000	1	1	0	0.5008715888	INSUFFICIENT_SUPPORT
x019937	x000104	depleted	1000	0.999000999	1	1	1	INSUFFICIENT_SUPPORT
x019937	x000105	preferred	1000	1	1	0	1	INSUFFICIENT_SUPPORT
x019937	x000106	depleted	1000	0.967032967	1	0	1	INSUFFICIENT_SUPPORT
x019937	x000107	depleted	1000	0.957042957	1	0	1	INSUFFICIENT_SUPPORT
x019937	x000108	depleted	1000	0.973026973	1	0	1	INSUFFICIENT_SUPPORT
x019937	x000109	depleted	1000	0.993006993	1	0	1	INSUFFICIENT_SUPPORT
x019937	x001092	preferred	1000	1	1	0	1	INSUFFICIENT_SUPPORT
x019937	x001392	preferred	1000	1	1	0	1	INSUFFICIENT_SUPPORT
x019937	x017412	depleted	1000	0.988011988	1	0	1	INSUFFICIENT_SUPPORT
x019937	x020018	depleted	1000	1	1	1	1	INSUFFICIENT_SUPPORT
x019937	x020019	depleted	1000	0.964035964	1	0	1	INSUFFICIENT_SUPPORT
x019937	x020020	preferred	1000	1	1	0	1	INSUFFICIENT_SUPPORT
x019937	x024073	preferred	1000	1	1	0	1	INSUFFICIENT_SUPPORT
x019937	x024241	depleted	1000	0.99000999	1	0	1	INSUFFICIENT_SUPPORT
x019937	x024244	preferred	1000	1	1	0	1	INSUFFICIENT_SUPPORT
x019937	x024800	preferred	1000	1	1	0	1	INSUFFICIENT_SUPPORT
x019937	x024801	preferred	1000	1	1	0	1	INSUFFICIENT_SUPPORT
x019937	x024806	preferred	1000	1	1	0	1	INSUFFICIENT_SUPPORT
x019937	x025008	depleted	1000	0.978021978	1	0	1	INSUFFICIENT_SUPPORT
x019937	x025394	depleted	1000	1	1	0	1	INSUFFICIENT_SUPPORT
x019937	x025545	depleted	1000	1	1	0	1	INSUFFICIENT_SUPPORT
x019937	x034673	depleted	1000	1	1	0	1	INSUFFICIENT_SUPPORT
x019937	x037849	preferred	1000	1	1	0	1	INSUFFICIENT_SUPPORT
x019937	x037851	depleted	1000	0.983016983	1	0	1	INSUFFICIENT_SUPPORT
x019937	x037856	depleted	1000	0.953046953	1	0	1	INSUFFICIENT_SUPPORT
x019937	x037857	depleted	1000	0.8951048951	1	0	1	INSUFFICIENT_SUPPORT
x019937	x037859	depleted	1000	0.996003996	1	1	1	INSUFFICIENT_SUPPORT
x019937	x037860	preferred	1000	0.04995004995	1	1	1	INSUFFICIENT_SUPPORT
x019937	x037863	depleted	1000	1	1	0	1	INSUFFICIENT_SUPPORT
x019937	x038540	depleted	1000	1	1	0	1	INSUFFICIENT_SUPPORT
x019937	x040632	depleted	1000	0.974025974	1	0	1	INSUFFICIENT_SUPPORT
x019937	x041440	preferred	1000	1	1	0	1	INSUFFICIENT_SUPPORT
x019937	x041585	preferred	1000	1	1	0	1	INSUFFICIENT_SUPPORT
x019938	x000104	preferred	1000	0.000999000999	1	0	0	INSUFFICIENT_SUPPORT
x019938	x000106	preferred	1000	0.000999000999	1	0	0	INSUFFICIENT_SUPPORT
x019938	x000109	preferred	1000	0.000999000999	1	0	0	INSUFFICIENT_SUPPORT
x019938	x000111	preferred	1000	0.000999000999	1	0	0	INSUFFICIENT_SUPPORT
x019938	x001088	preferred	1000	0.000999000999	1	0	0	INSUFFICIENT_SUPPORT
x019938	x002106	preferred	1000	0.000999000999	1	0	0	INSUFFICIENT_SUPPORT
x019938	x002107	preferred	1000	0.000999000999	1	0	0	INSUFFICIENT_SUPPORT
x019938	x002109	preferred	1000	0.000999000999	1	0	0	INSUFFICIENT_SUPPORT
x019938	x002337	preferred	1000	0.000999000999	1	0	0	INSUFFICIENT_SUPPORT
x019938	x002340	preferred	1000	0.000999000999	1	0	0	INSUFFICIENT_SUPPORT
x019938	x015064	preferred	1000	0.000999000999	1	0	0	INSUFFICIENT_SUPPORT
x019938	x016264	preferred	1000	0.000999000999	1	0	0	INSUFFICIENT_SUPPORT
x019938	x017674	preferred	1000	0.000999000999	1	0	0	INSUFFICIENT_SUPPORT
x019938	x017891	preferred	1000	0.000999000999	1	0	0	INSUFFICIENT_SUPPORT
x019938	x020016	preferred	1000	0.000999000999	1	0	0	INSUFFICIENT_SUPPORT
x019938	x024088	preferred	1000	0.000999000999	1	0	0	INSUFFICIENT_SUPPORT
x019938	x024240	preferred	1000	0.000999000999	1	0	0	INSUFFICIENT_SUPPORT
x019938	x024241	preferred	1000	0.000999000999	1	0	0	INSUFFICIENT_SUPPORT
x019938	x024800	preferred	1000	0.000999000999	1	0	0	INSUFFICIENT_SUPPORT
x019938	x024801	preferred	1000	0.000999000999	1	0	0	INSUFFICIENT_SUPPORT
x019938	x024928	preferred	1000	0.000999000999	1	0	0	INSUFFICIENT_SUPPORT
x019938	x025008	preferred	1000	0.000999000999	1	0	0	INSUFFICIENT_SUPPORT
x019938	x025393	preferred	1000	0.000999000999	1	0	0	INSUFFICIENT_SUPPORT
x019938	x025395	preferred	1000	0.000999000999	1	0	0	INSUFFICIENT_SUPPORT
x019938	x025533	preferred	1000	0.000999000999	1	0	0	INSUFFICIENT_SUPPORT
x019938	x025544	preferred	1000	0.000999000999	1	0	0	INSUFFICIENT_SUPPORT
x019938	x025549	preferred	1000	0.000999000999	1	0	0	INSUFFICIENT_SUPPORT
x019938	x025658	preferred	1000	0.000999000999	1	0	0	INSUFFICIENT_SUPPORT
x019938	x031709	preferred	1000	0.000999000999	1	0	0	INSUFFICIENT_SUPPORT
x019938	x037850	preferred	1000	0.000999000999	1	0	0	INSUFFICIENT_SUPPORT
x019938	x037853	preferred	1000	0.000999000999	1	0	0	INSUFFICIENT_SUPPORT
x019938	x037856	preferred	1000	0.000999000999	1	0	0	INSUFFICIENT_SUPPORT
x019938	x037858	preferred	1000	0.000999000999	1	0	0	INSUFFICIENT_SUPPORT
x019938	x037859	preferred	1000	0.000999000999	1	0	0	INSUFFICIENT_SUPPORT
x019938	x037860	preferred	1000	0.000999000999	1	0	0	INSUFFICIENT_SUPPORT
x019938	x037862	preferred	1000	0.000999000999	1	0	0	INSUFFICIENT_SUPPORT
x019938	x037952	preferred	1000	0.000999000999	1	0	0	INSUFFICIENT_SUPPORT
x019938	x037955	preferred	1000	0.000999000999	1	0	0	INSUFFICIENT_SUPPORT
x019938	x037989	preferred	1000	0.000999000999	1	0	0	INSUFFICIENT_SUPPORT
x019938	x038108	preferred	1000	0.000999000999	1	0	0	INSUFFICIENT_SUPPORT
x019938	x040632	preferred	1000	0.000999000999	1	0	0	INSUFFICIENT_SUPPORT
x019938	x040633	preferred	1000	0.000999000999	1	0	0	INSUFFICIENT_SUPPORT
x019938	x041441	preferred	1000	0.000999000999	1	0	0	INSUFFICIENT_SUPPORT
x019939	x000104	depleted	1000	0.979020979	1	0	1	INSUFFICIENT_SUPPORT
x019939	x000105	depleted	1000	0.965034965	1	0	1	INSUFFICIENT_SUPPORT
x019939	x000106	preferred	1000	0.02197802198	1	1	1	INSUFFICIENT_SUPPORT
x019939	x001090	preferred	1000	1	1	0	1	INSUFFICIENT_SUPPORT
x019939	x001398	preferred	1000	0.01798201798	1	1	1	INSUFFICIENT_SUPPORT
x019939	x017408	preferred	1000	1	1	0	1	INSUFFICIENT_SUPPORT
x019939	x020329	preferred	1000	1	1	0	1	INSUFFICIENT_SUPPORT
x019939	x023864	preferred	1000	1	1	0	1	INSUFFICIENT_SUPPORT
x019939	x024800	preferred	1000	1	1	0	1	INSUFFICIENT_SUPPORT
x019939	x024803	preferred	1000	1	1	0	1	INSUFFICIENT_SUPPORT
x019939	x024805	preferred	1000	1	1	0	1	INSUFFICIENT_SUPPORT
x019939	x024928	preferred	1000	1	1	0	1	INSUFFICIENT_SUPPORT
x019939	x024929	preferred	1000	1	1	0	1	INSUFFICIENT_SUPPORT
x019939	x024930	preferred	1000	1	1	0	1	INSUFFICIENT_SUPPORT
x019939	x024932	preferred	1000	1	1	0	1	INSUFFICIENT_SUPPORT
x019939	x025761	depleted	1000	0.991008991	1	0	1	INSUFFICIENT_SUPPORT
x019939	x037848	depleted	1000	0.98001998	1	0	1	INSUFFICIENT_SUPPORT
x019939	x037856	depleted	1000	0.992007992	1	1	1	INSUFFICIENT_SUPPORT
x019939	x037857	depleted	1000	0.9130869131	1	0	1	INSUFFICIENT_SUPPORT
x019939	x037859	depleted	1000	0.962037962	1	0	1	INSUFFICIENT_SUPPORT
x019939	x037860	depleted	1000	0.964035964	1	0	1	INSUFFICIENT_SUPPORT
x019939	x037861	depleted	1000	0.983016983	1	0	1	INSUFFICIENT_SUPPORT
x019939	x037862	preferred	1000	1	1	0	1	INSUFFICIENT_SUPPORT
x019939	x037957	preferred	1000	1	1	0	1	INSUFFICIENT_SUPPORT
x019939	x041440	preferred	1000	1	1	0	1	INSUFFICIENT_SUPPORT
x019939	x041441	preferred	1000	0.02897102897	1	1	1	INSUFFICIENT_SUPPORT
x019939	x041533	preferred	1000	1	1	0	1	INSUFFICIENT_SUPPORT
x019940	x000104	preferred	1000	0.000999000999	1	0	0	INSUFFICIENT_SUPPORT
x019940	x000105	preferred	1000	0.000999000999	1	0	0	INSUFFICIENT_SUPPORT
x019940	x000107	preferred	1000	0.000999000999	1	0	0	INSUFFICIENT_SUPPORT
x019940	x000109	preferred	1000	0.000999000999	1	0	0	INSUFFICIENT_SUPPORT
x019940	x018878	preferred	1000	0.000999000999	1	0	0	INSUFFICIENT_SUPPORT
x019940	x020016	preferred	1000	0.000999000999	1	0	0	INSUFFICIENT_SUPPORT
x019940	x023865	preferred	1000	0.000999000999	1	0	0	INSUFFICIENT_SUPPORT
x019940	x024073	preferred	1000	0.000999000999	1	0	0	INSUFFICIENT_SUPPORT
x019940	x024242	preferred	1000	0.000999000999	1	0	0	INSUFFICIENT_SUPPORT
x019940	x024801	preferred	1000	0.000999000999	1	0	0	INSUFFICIENT_SUPPORT
x019940	x025012	preferred	1000	0.000999000999	1	0	0	INSUFFICIENT_SUPPORT
x019940	x025392	preferred	1000	0.000999000999	1	0	0	INSUFFICIENT_SUPPORT
x019940	x025552	preferred	1000	0.000999000999	1	0	0	INSUFFICIENT_SUPPORT
x019940	x025784	preferred	1000	0.000999000999	1	0	0	INSUFFICIENT_SUPPORT
x019940	x033098	preferred	1000	0.000999000999	1	0	0	INSUFFICIENT_SUPPORT
x019940	x034496	preferred	1000	0.000999000999	1	0	0	INSUFFICIENT_SUPPORT
x019940	x037849	preferred	1000	0.000999000999	1	0	0	INSUFFICIENT_SUPPORT
x019940	x037850	preferred	1000	0.000999000999	1	0	0	INSUFFICIENT_SUPPORT
x019940	x037851	preferred	1000	0.000999000999	1	0	0	INSUFFICIENT_SUPPORT
x019940	x037858	preferred	1000	0.000999000999	1	0	0	INSUFFICIENT_SUPPORT
x019940	x037859	preferred	1000	0.000999000999	1	0	0	INSUFFICIENT_SUPPORT
x019940	x037861	preferred	1000	0.000999000999	1	0	0	INSUFFICIENT_SUPPORT
x019940	x037862	preferred	1000	0.000999000999	1	0	0	INSUFFICIENT_SUPPORT
x019940	x037881	preferred	1000	0.000999000999	1	0	0	INSUFFICIENT_SUPPORT
x019940	x037956	preferred	1000	0.000999000999	1	0	0	INSUFFICIENT_SUPPORT
x019940	x042820	preferred	1000	0.000999000999	1	0	0	INSUFFICIENT_SUPPORT
x019941	x000104	preferred	1000	0.000999000999	1	0	0	INSUFFICIENT_SUPPORT
x019941	x000106	preferred	1000	0.000999000999	1	0	0	INSUFFICIENT_SUPPORT
x019941	x000107	preferred	1000	0.000999000999	1	0	0	INSUFFICIENT_SUPPORT
x019941	x000110	preferred	1000	0.000999000999	1	0	0	INSUFFICIENT_SUPPORT
x019941	x001088	preferred	1000	0.000999000999	1	0	0	INSUFFICIENT_SUPPORT
x019941	x001089	preferred	1000	0.000999000999	1	0	0	INSUFFICIENT_SUPPORT
x019941	x001091	preferred	1000	0.000999000999	1	0	0	INSUFFICIENT_SUPPORT
x019941	x002342	preferred	1000	0.000999000999	1	0	0	INSUFFICIENT_SUPPORT
x019941	x024801	preferred	1000	0.000999000999	1	0	0	INSUFFICIENT_SUPPORT
x019941	x024805	preferred	1000	0.000999000999	1	0	0	INSUFFICIENT_SUPPORT
x019941	x024931	preferred	1000	0.000999000999	1	0	0	INSUFFICIENT_SUPPORT
x019941	x037849	preferred	1000	0.000999000999	1	0	0	INSUFFICIENT_SUPPORT
x019941	x037859	preferred	1000	0.000999000999	1	0	0	INSUFFICIENT_SUPPORT
x019941	x037861	preferred	1000	0.000999000999	1	0	0	INSUFFICIENT_SUPPORT
x019941	x038105	preferred	1000	0.000999000999	1	0	0	INSUFFICIENT_SUPPORT
x019942	x000106	preferred	1000	0.000999000999	1	0	0	INSUFFICIENT_SUPPORT
x019942	x000109	preferred	1000	0.000999000999	1	0	0	INSUFFICIENT_SUPPORT
x019942	x000110	preferred	1000	0.000999000999	1	0	0	INSUFFICIENT_SUPPORT
x019942	x001090	preferred	1000	0.000999000999	1	0	0	INSUFFICIENT_SUPPORT
x019942	x001394	preferred	1000	0.000999000999	1	0	0	INSUFFICIENT_SUPPORT
x019942	x001428	preferred	1000	0.000999000999	1	0	0	INSUFFICIENT_SUPPORT
x019942	x023864	preferred	1000	0.000999000999	1	0	0	INSUFFICIENT_SUPPORT
x019942	x024241	preferred	1000	0.000999000999	1	0	0	INSUFFICIENT_SUPPORT
x019942	x024802	preferred	1000	0.000999000999	1	0	0	INSUFFICIENT_SUPPORT
x019942	x024928	preferred	1000	0.000999000999	1	0	0	INSUFFICIENT_SUPPORT
x019942	x025398	preferred	1000	0.000999000999	1	0	0	INSUFFICIENT_SUPPORT
x019942	x025552	preferred	1000	0.000999000999	1	0	0	INSUFFICIENT_SUPPORT
x019942	x037857	preferred	1000	0.000999000999	1	0	0	INSUFFICIENT_SUPPORT
x019943	x002108	preferred	1000	0.000999000999	1	0	0	INSUFFICIENT_SUPPORT
x019943	x002337	preferred	1000	0.000999000999	1	0	0	INSUFFICIENT_SUPPORT
x019943	x018500	preferred	1000	0.000999000999	1	0	0	INSUFFICIENT_SUPPORT
x019943	x024245	preferred	1000	0.000999000999	1	0	0	INSUFFICIENT_SUPPORT
x019943	x024801	preferred	1000	0.000999000999	1	0	0	INSUFFICIENT_SUPPORT
x019943	x024804	preferred	1000	0.000999000999	1	0	0	INSUFFICIENT_SUPPORT
x019943	x024928	preferred	1000	0.000999000999	1	0	0	INSUFFICIENT_SUPPORT
x019943	x025396	preferred	1000	0.000999000999	1	0	0	INSUFFICIENT_SUPPORT
x019943	x034497	preferred	1000	0.000999000999	1	0	0	INSUFFICIENT_SUPPORT
x020016	x001088	preferred	1000	0.05694305694	0.2928500071	1	0.3720239405	EXPECTED_FROM_NULL
x020016	x001093	preferred	1000	1	1	0	0.1844888407	EXPECTED_FROM_NULL
x020016	x002104	depleted	1000	0.951048951	1	0	0.4193592383	EXPECTED_FROM_NULL
x020016	x002106	preferred	1000	1	1	0	0.2407366102	EXPECTED_FROM_NULL
x020016	x002336	preferred	1000	1	1	0	0.3173154656	EXPECTED_FROM_NULL
x020016	x002339	preferred	1000	1	1	0	0.2117313798	EXPECTED_FROM_NULL
x020016	x005106	preferred	1000	1	1	0	0.2214839581	EXPECTED_FROM_NULL
x020016	x005250	preferred	1000	1	1	0	0.2004348716	EXPECTED_FROM_NULL
x020016	x008314	preferred	1000	1	1	0	0.1844888407	EXPECTED_FROM_NULL
x020016	x015280	preferred	1000	1	1	0	0.2214839581	EXPECTED_FROM_NULL
x020016	x017409	preferred	1000	0.06793206793	0.3251187315	1	0.3550415929	EXPECTED_FROM_NULL
x020016	x017411	depleted	1000	0.8901098901	1	0	0.2153832576	EXPECTED_FROM_NULL
x020016	x017415	preferred	1000	1	1	0	0.1844888407	EXPECTED_FROM_NULL
x020016	x018497	depleted	1000	0.8061938062	1	1	0.2522230271	EXPECTED_FROM_NULL
x020016	x018500	depleted	1000	0.9150849151	1	0	0.3852513254	EXPECTED_FROM_NULL
x020016	x018564	preferred	1000	1	1	0	0.2597902398	EXPECTED_FROM_NULL
x020016	x018873	depleted	1000	0.955044955	1	0	0.2426929993	EXPECTED_FROM_NULL
x020016	x018875	depleted	1000	0.9430569431	1	0	0.3357196924	EXPECTED_FROM_NULL
x020016	x019936	depleted	1000	0.8841158841	1	0	0.2708661751	EXPECTED_FROM_NULL
x020016	x019937	depleted	1000	0.971028971	1	1	0.4138851886	EXPECTED_FROM_NULL
x020016	x019938	preferred	10000	0.001099890011	0.09202558005	0.6666666667	0.4573266635	EXPECTED_FROM_NULL
x020016	x019939	depleted	1000	0.951048951	1	0	0.6546607932	EXPECTED_FROM_NULL
x020016	x019940	preferred	1000	1	1	0	0.3424677094	EXPECTED_FROM_NULL
x020016	x019941	preferred	10000	0.002399760024	0.1459716097	0.5	0.3372350623	EXPECTED_FROM_NULL
x020016	x019942	preferred	1000	1	1	0	0.27301588	EXPECTED_FROM_NULL
x020016	x019943	preferred	1000	0.03596403596	0.2643356643	1	0.2189058966	EXPECTED_FROM_NULL
x020016	x020018	depleted	1000	0.8851148851	1	0	0.2638960872	EXPECTED_FROM_NULL
x020016	x021968	preferred	1000	0.01598401598	0.2517482517	1	0.1844888407	EXPECTED_FROM_NULL
x020016	x022920	preferred	1000	1	1	0	0.2597902398	EXPECTED_FROM_NULL
x020016	x024203	preferred	1000	1	1	0	0.2639592789	EXPECTED_FROM_NULL
x020016	x024241	preferred	1000	0.01698301698	0.2517482517	1	0.3122180169	EXPECTED_FROM_NULL
x020016	x024242	preferred	1000	1	1	0	0.3317966269	EXPECTED_FROM_NULL
x020016	x024800	depleted	1000	0.9300699301	1	0	0.2779978871	EXPECTED_FROM_NULL
x020016	x024803	preferred	1000	1	1	0	0.2942763721	EXPECTED_FROM_NULL
x020016	x024932	preferred	1000	0.03196803197	0.2551656488	1	0.2236447704	EXPECTED_FROM_NULL
x020016	x025528	preferred	1000	1	1	0	0.2447058987	EXPECTED_FROM_NULL
x020016	x025531	preferred	1000	1	1	0	0.1844888407	EXPECTED_FROM_NULL
x020016	x025785	preferred	1000	0.01598401598	0.2517482517	1	0.2559284953	EXPECTED_FROM_NULL
x020016	x025786	preferred	1000	1	1	0	0.2214839581	EXPECTED_FROM_NULL
x020016	x031616	preferred	1000	1	1	0	0.2154860228	EXPECTED_FROM_NULL
x020016	x031617	preferred	1000	1	1	0	0.2510922551	EXPECTED_FROM_NULL
x020016	x031618	preferred	1000	0.02997002997	0.2551656488	1	0.3454061148	EXPECTED_FROM_NULL
x020016	x031619	preferred	1000	0.02997002997	0.2551656488	1	0.2677168411	EXPECTED_FROM_NULL
x020016	x031622	preferred	1000	0.01098901099	0.2517482517	1	0.1844888407	EXPECTED_FROM_NULL
x020016	x031704	preferred	1000	1	1	0	0.2670226581	EXPECTED_FROM_NULL
x020016	x034502	preferred	1000	0.02097902098	0.2534725548	1	0.2013943168	EXPECTED_FROM_NULL
x020016	x037849	depleted	1000	0.9250749251	1	0	0.2729792442	EXPECTED_FROM_NULL
x020016	x037861	depleted	1000	0.8491508492	1	0	0.3007271668	EXPECTED_FROM_NULL
x020016	x037862	depleted	1000	0.999000999	1	1	0.258872923	EXPECTED_FROM_NULL
x020016	x037956	preferred	1000	1	1	0	0.3122180169	EXPECTED_FROM_NULL
x020016	x038265	preferred	1000	1	1	0	0.1844888407	EXPECTED_FROM_NULL
x020016	x038536	depleted	1000	0.8791208791	1	0	0.2748106076	EXPECTED_FROM_NULL
x020016	x038538	depleted	1000	0.8961038961	1	0	0.2882839011	EXPECTED_FROM_NULL
x020016	x038540	depleted	1000	0.95004995	1	0	0.3673661302	EXPECTED_FROM_NULL
x020016	x038541	preferred	1000	1	1	0	0.3625580708	EXPECTED_FROM_NULL
x020016	x040208	preferred	1000	1	1	0	0.2721197617	EXPECTED_FROM_NULL
x020016	x041112	depleted	1000	0.8501498501	1	0	0.2798644233	EXPECTED_FROM_NULL
x020016	x041113	depleted	1000	0.998001998	1	1	0.5159059556	EXPECTED_FROM_NULL
x020016	x041115	preferred	1000	1	1	1	0.278286949	EXPECTED_FROM_NULL
x020016	x041116	preferred	10000	0.000199980002	0.04409559044	0.5	0.2627818506	SIGNIFICANT_UNSTABLE
x020016	x041117	depleted	1000	0.8901098901	1	0	0.3479372275	EXPECTED_FROM_NULL
x020016	x041118	preferred	1000	1	1	0	0.3468511904	EXPECTED_FROM_NULL
x020016	x041465	preferred	1000	0.02997002997	0.2551656488	1	0.2441506762	EXPECTED_FROM_NULL
x020016	x041584	preferred	1000	1	1	0	0.3315783307	EXPECTED_FROM_NULL
x020016	x041937	preferred	1000	1	1	0	0.3448209892	EXPECTED_FROM_NULL
x020016	x042105	preferred	1000	1	1	0	0.2702083648	EXPECTED_FROM_NULL
x020016	x042107	preferred	1000	0.04195804196	0.268166616	1	0.2923349102	EXPECTED_FROM_NULL
x020016	x042465	preferred	1000	1	1	0	0.2639592789	EXPECTED_FROM_NULL
x020016	x042467	preferred	1000	1	1	0	0.2627818506	EXPECTED_FROM_NULL
x020017	x000105	depleted	1000	0.9350649351	1	0	0.4274156292	EXPECTED_FROM_NULL
x020017	x001425	depleted	1000	0.955044955	1	0	0.3111099658	EXPECTED_FROM_NULL
x020017	x001426	depleted	1000	1	1	1	0.415070406	EXPECTED_FROM_NULL
x020017	x001427	depleted	1000	0.982017982	1	0	0.3594147466	EXPECTED_FROM_NULL
x020017	x001428	depleted	1000	0.983016983	1	0	0.5415614961	EXPECTED_FROM_NULL
x020017	x002105	preferred	1000	1	1	0	0.5569169189	EXPECTED_FROM_NULL
x020017	x002108	preferred	1000	1	1	0	0.5198382637	EXPECTED_FROM_NULL
x020017	x002336	preferred	1000	1	1	0	0.7614701553	EXPECTED_FROM_NULL
x020017	x002338	preferred	1000	1	1	0	0.7653831931	EXPECTED_FROM_NULL
x020017	x002339	depleted	1000	0.975024975	1	0	0.6912803711	EXPECTED_FROM_NULL
x020017	x005072	preferred	1000	1	1	0	0.4613363623	EXPECTED_FROM_NULL
x020017	x005074	depleted	1000	0.999000999	1	1	0.3409735489	EXPECTED_FROM_NULL
x020017	x005078	preferred	1000	1	1	0	0.2921679927	EXPECTED_FROM_NULL
x020017	x014824	preferred	1000	0.03196803197	0.2551656488	0.5	0.3489841138	EXPECTED_FROM_NULL
x020017	x015281	preferred	1000	1	1	0	0.3209219741	EXPECTED_FROM_NULL
x020017	x015282	preferred	1000	1	1	0	0.2921679927	EXPECTED_FROM_NULL
x020017	x016897	preferred	1000	1	1	0	0.3781663017	EXPECTED_FROM_NULL
x020017	x016900	preferred	1000	1	1	0	0.3679172304	EXPECTED_FROM_NULL
x020017	x016901	preferred	1000	1	1	0	0.5405370693	EXPECTED_FROM_NULL
x020017	x017293	preferred	1000	1	1	0	0.3781663017	EXPECTED_FROM_NULL
x020017	x017410	preferred	1000	1	1	0	0.3774165147	EXPECTED_FROM_NULL
x020017	x017415	preferred	1000	1	1	0	0.3781663017	EXPECTED_FROM_NULL
x020017	x017893	preferred	1000	1	1	0	0.2921679927	EXPECTED_FROM_NULL
x020017	x018496	depleted	1000	0.8331668332	1	0	0.2908067861	EXPECTED_FROM_NULL
x020017	x018497	depleted	1000	0.9010989011	1	0	0.3282934801	EXPECTED_FROM_NULL
x020017	x018499	depleted	1000	0.9280719281	1	0	0.5266714087	EXPECTED_FROM_NULL
x020017	x018501	depleted	1000	1	1	0	0.487186655	EXPECTED_FROM_NULL
x020017	x018875	depleted	1000	0.959040959	1	0	0.4278863967	EXPECTED_FROM_NULL
x020017	x019936	preferred	1000	0.03696303696	0.2661338661	1	0.4363531183	EXPECTED_FROM_NULL
x020017	x019937	depleted	1000	0.8811188811	1	0	0.3312830969	EXPECTED_FROM_NULL
x020017	x019938	depleted	1000	0.952047952	1	0	0.3654788672	EXPECTED_FROM_NULL
x020017	x019939	depleted	1000	1	1	1	0.4022070561	EXPECTED_FROM_NULL
x020017	x019940	depleted	1000	0.9100899101	1	0	0.3757252447	EXPECTED_FROM_NULL
x020017	x019941	preferred	1000	1	1	0	0.7850500752	EXPECTED_FROM_NULL
x020017	x020020	preferred	1000	1	1	0	0.3014899241	EXPECTED_FROM_NULL
x020017	x022920	preferred	1000	1	1	0	0.380465238	EXPECTED_FROM_NULL
x020017	x024072	preferred	1000	1	1	0	0.3781663017	EXPECTED_FROM_NULL
x020017	x024240	preferred	1000	1	1	0	0.2638564922	EXPECTED_FROM_NULL
x020017	x024803	preferred	1000	0.02397602398	0.2551656488	1	0.3781663017	EXPECTED_FROM_NULL
x020017	x025888	preferred	1000	1	1	0	0.4431617016	EXPECTED_FROM_NULL
x020017	x025890	preferred	1000	1	1	1	0.2921679927	EXPECTED_FROM_NULL
x020017	x031622	preferred	1000	1	1	0	0.2921679927	EXPECTED_FROM_NULL
x020017	x034244	preferred	1000	1	1	1	0.2921679927	EXPECTED_FROM_NULL
x020017	x034674	preferred	1000	1	1	0	0.3781663017	EXPECTED_FROM_NULL
x020017	x037854	depleted	1000	0.951048951	1	0	0.7068112744	EXPECTED_FROM_NULL
x020017	x037862	depleted	1000	0.9320679321	1	0	0.4140248821	EXPECTED_FROM_NULL
x020017	x037912	preferred	1000	1	1	0	0.5155560019	EXPECTED_FROM_NULL
x020017	x037952	preferred	1000	1	1	0	0.2921679927	EXPECTED_FROM_NULL
x020017	x038536	depleted	1000	0.969030969	1	1	0.357359474	EXPECTED_FROM_NULL
x020017	x038538	depleted	1000	0.9390609391	1	0	0.3982377484	EXPECTED_FROM_NULL
x020017	x038539	depleted	1000	0.9130869131	1	0	0.498396451	EXPECTED_FROM_NULL
x020017	x041112	depleted	1000	0.9420579421	1	0	0.4451055148	EXPECTED_FROM_NULL
x020017	x041113	preferred	1000	0.07492507493	0.3406387427	1	0.4918289589	EXPECTED_FROM_NULL
x020017	x041114	preferred	1000	0.02197802198	0.2551656488	1	0.3001574889	EXPECTED_FROM_NULL
x020017	x041115	preferred	1000	1	1	0	0.3214911732	EXPECTED_FROM_NULL
x020017	x041116	depleted	1000	0.967032967	1	1	0.5711772748	EXPECTED_FROM_NULL
x020017	x041117	depleted	1000	0.9360639361	1	0	0.4446282727	EXPECTED_FROM_NULL
x020017	x041118	preferred	10000	0.000599940006	0.07559244076	0.5	0.4310376324	EXPECTED_FROM_NULL
x020017	x041464	preferred	1000	1	1	0	0.380465238	EXPECTED_FROM_NULL
x020017	x041466	preferred	1000	1	1	0	0.461068151	EXPECTED_FROM_NULL
x020017	x041468	preferred	1000	1	1	0	0.7614701553	EXPECTED_FROM_NULL
x020017	x042104	depleted	1000	1	1	0	0.6912803711	EXPECTED_FROM_NULL
x020017	x042464	preferred	1000	1	1	0	0.380465238	EXPECTED_FROM_NULL
x020017	x042465	preferred	1000	1	1	0	0.3781663017	EXPECTED_FROM_NULL
x020017	x042466	preferred	1000	1	1	0	0.7653831931	EXPECTED_FROM_NULL
x020018	x001090	depleted	1000	0.998001998	1	1	0.3840156309	EXPECTED_FROM_NULL
x020018	x001092	preferred	1000	1	1	0	0.2248750583	EXPECTED_FROM_NULL
x020018	x001424	depleted	1000	0.9400599401	1	0	0.2727929979	EXPECTED_FROM_NULL
x020018	x002105	depleted	1000	0.9490509491	1	0	0.3470012568	EXPECTED_FROM_NULL
x020018	x002106	preferred	1000	1	1	0	0.2307858549	EXPECTED_FROM_NULL
x020018	x002338	preferred	1000	1	1	1	0.2280312843	EXPECTED_FROM_NULL
x020018	x002608	preferred	1000	1	1	1	0.2512407372	EXPECTED_FROM_NULL
x020018	x005076	depleted	1000	0.979020979	1	0	0.8540316979	EXPECTED_FROM_NULL
x020018	x005234	preferred	1000	0.02097902098	0.2534725548	1	0.2066479457	EXPECTED_FROM_NULL
x020018	x011180	preferred	1000	1	1	0	0.2888977082	EXPECTED_FROM_NULL
x020018	x014826	preferred	1000	1	1	0	0.3378378744	EXPECTED_FROM_NULL
x020018	x014827	preferred	1000	1	1	0	0.2537903359	EXPECTED_FROM_NULL
x020018	x016901	depleted	1000	0.9440559441	1	0	0.3902710571	EXPECTED_FROM_NULL
x020018	x017289	preferred	1000	0.02897102897	0.2551656488	1	0.2588124277	EXPECTED_FROM_NULL
x020018	x017292	preferred	1000	1	1	0	0.2588124277	EXPECTED_FROM_NULL
x020018	x017992	preferred	1000	0.02097902098	0.2534725548	1	0.2066479457	EXPECTED_FROM_NULL
x020018	x018496	depleted	1000	0.8531468531	1	0	0.236655812	EXPECTED_FROM_NULL
x020018	x018501	preferred	1000	0.04195804196	0.268166616	1	0.3866578075	EXPECTED_FROM_NULL
x020018	x018872	depleted	1000	0.959040959	1	0	0.4304388837	EXPECTED_FROM_NULL
x020018	x018873	depleted	1000	1	1	1	0.280437208	EXPECTED_FROM_NULL
x020018	x018877	preferred	1000	1	1	0	0.2646559864	EXPECTED_FROM_NULL
x020018	x018878	preferred	1000	1	1	0	0.336697013	EXPECTED_FROM_NULL
x020018	x019712	preferred	1000	1	1	1	0.2066479457	EXPECTED_FROM_NULL
x020018	x019936	depleted	1000	0.9110889111	1	1	0.3329368509	EXPECTED_FROM_NULL
x020018	x019937	depleted	1000	1	1	0.5	0.51161677	EXPECTED_FROM_NULL
x020018	x019938	depleted	1000	0.9420579421	1	1	0.8540316979	EXPECTED_FROM_NULL
x020018	x019939	depleted	1000	0.996003996	1	0.5	0.3505076278	EXPECTED_FROM_NULL
x020018	x019940	preferred	1000	1	1	0	0.2361003917	EXPECTED_FROM_NULL
x020018	x019941	depleted	1000	0.995004995	1	1	0.7096576467	EXPECTED_FROM_NULL
x020018	x019942	preferred	1000	1	1	0	0.3378378744	EXPECTED_FROM_NULL
x020018	x020021	depleted	1000	1	1	0	0.4911384968	EXPECTED_FROM_NULL
x020018	x025889	preferred	1000	0.01698301698	0.2517482517	1	0.2588124277	EXPECTED_FROM_NULL
x020018	x031616	preferred	1000	1	1	0	0.2512407372	EXPECTED_FROM_NULL
x020018	x031617	preferred	1000	1	1	0	0.2066479457	EXPECTED_FROM_NULL
x020018	x031705	depleted	1000	1	1	1	0.4912360732	EXPECTED_FROM_NULL
x020018	x037858	depleted	1000	0.7602397602	1	0	0.248205599	EXPECTED_FROM_NULL
x020018	x037861	depleted	1000	0.9060939061	1	0	0.2605777942	EXPECTED_FROM_NULL
x020018	x037914	preferred	1000	1	1	0	0.2594930994	EXPECTED_FROM_NULL
x020018	x038537	depleted	1000	0.9160839161	1	0	0.3048783699	EXPECTED_FROM_NULL
x020018	x038538	depleted	1000	0.9390609391	1	0	0.3365607899	EXPECTED_FROM_NULL
x020018	x040208	preferred	1000	0.02297702298	0.2551656488	1	0.336697013	EXPECTED_FROM_NULL
x020018	x040213	preferred	1000	1	1	0	0.2066479457	EXPECTED_FROM_NULL
x020018	x041112	depleted	1000	0.9130869131	1	0	0.3740085328	EXPECTED_FROM_NULL
x020018	x041113	depleted	1000	0.9370629371	1	0	0.4845708219	EXPECTED_FROM_NULL
x020018	x041114	depleted	1000	0.993006993	1	1	0.2436161509	EXPECTED_FROM_NULL
x020018	x041115	depleted	1000	0.968031968	1	1	0.3016560308	EXPECTED_FROM_NULL
x020018	x041116	depleted	1000	0.974025974	1	0	0.3897692018	EXPECTED_FROM_NULL
x020018	x041118	preferred	1000	1	1	1	0.2594930994	EXPECTED_FROM_NULL
x020018	x041119	preferred	1000	1	1	0	0.3403308713	EXPECTED_FROM_NULL
x020018	x041529	preferred	1000	1	1	0	0.2066479457	EXPECTED_FROM_NULL
x020018	x041532	preferred	1000	1	1	0	0.2551869536	EXPECTED_FROM_NULL
x020018	x041937	preferred	1000	1	1	0	0.2512407372	EXPECTED_FROM_NULL
x020018	x042105	depleted	1000	0.983016983	1	0	0.5139405523	EXPECTED_FROM_NULL
x020018	x042469	preferred	1000	1	1	0	0.2537903359	EXPECTED_FROM_NULL
x020019	x000107	depleted	1000	0.9210789211	1	0	0.567151738	INSUFFICIENT_SUPPORT
x020019	x001424	depleted	1000	0.981018981	1	0	0.5666396011	INSUFFICIENT_SUPPORT
x020019	x001425	depleted	1000	0.983016983	1	0	0.5005041158	INSUFFICIENT_SUPPORT
x020019	x001427	depleted	1000	1	1	0	0.6299803423	INSUFFICIENT_SUPPORT
x020019	x001429	depleted	1000	1	1	0	0.9696887333	INSUFFICIENT_SUPPORT
x020019	x001430	depleted	1000	0.979020979	1	0	0.9606879819	INSUFFICIENT_SUPPORT
x020019	x002106	preferred	1000	1	1	0	0.970643441	INSUFFICIENT_SUPPORT
x020019	x002336	preferred	1000	1	1	0	0.5818797399	INSUFFICIENT_SUPPORT
x020019	x005107	preferred	1000	1	1	0	0.9714684023	INSUFFICIENT_SUPPORT
x020019	x008314	preferred	1000	1	1	0	0.5002123877	INSUFFICIENT_SUPPORT
x020019	x014829	preferred	1000	1	1	0	0.970643441	INSUFFICIENT_SUPPORT
x020019	x017288	preferred	1000	1	1	0	0.9714684023	INSUFFICIENT_SUPPORT
x020019	x017409	depleted	1000	0.98001998	1	0	0.7259535842	INSUFFICIENT_SUPPORT
x020019	x017411	preferred	1000	1	1	0	0.970643441	INSUFFICIENT_SUPPORT
x020019	x018498	preferred	1000	1	1	0	0.5002123877	INSUFFICIENT_SUPPORT
x020019	x018500	depleted	1000	0.986013986	1	0	0.9606879819	INSUFFICIENT_SUPPORT
x020019	x018502	depleted	1000	0.959040959	1	0	0.9606879819	INSUFFICIENT_SUPPORT
x020019	x018872	depleted	1000	0.992007992	1	0	0.5666396011	INSUFFICIENT_SUPPORT
x020019	x018875	preferred	1000	0.01698301698	1	1	0.6458996132	INSUFFICIENT_SUPPORT
x020019	x019712	preferred	1000	0.01098901099	1	1	0.6458996132	INSUFFICIENT_SUPPORT
x020019	x019713	preferred	1000	1	1	0	0.970643441	INSUFFICIENT_SUPPORT
x020019	x019936	depleted	1000	1	1	0.5	0.667717169	INSUFFICIENT_SUPPORT
x020019	x019937	depleted	1000	0.978021978	1	0	0.934744961	INSUFFICIENT_SUPPORT
x020019	x019938	depleted	1000	0.988011988	1	1	0.7403107706	INSUFFICIENT_SUPPORT
x020019	x019939	preferred	1000	1	1	0	0.970643441	INSUFFICIENT_SUPPORT
x020019	x019940	preferred	1000	1	1	0	0.5071254752	INSUFFICIENT_SUPPORT
x020019	x019942	preferred	1000	0.04195804196	1	1	0.7992243806	INSUFFICIENT_SUPPORT
x020019	x019943	preferred	1000	1	1	0	0.5002123877	INSUFFICIENT_SUPPORT
x020019	x020016	preferred	1000	1	1	0	0.7034559868	INSUFFICIENT_SUPPORT
x020019	x020018	depleted	1000	0.964035964	1	0	0.6909124613	INSUFFICIENT_SUPPORT
x020019	x021561	preferred	1000	1	1	0	0.5002123877	INSUFFICIENT_SUPPORT
x020019	x022921	preferred	1000	1	1	0	0.970643441	INSUFFICIENT_SUPPORT
x020019	x024928	depleted	1000	0.969030969	1	0	0.9331105912	INSUFFICIENT_SUPPORT
x020019	x025528	preferred	1000	1	1	0	0.5071254752	INSUFFICIENT_SUPPORT
x020019	x025529	preferred	1000	1	1	0	0.970643441	INSUFFICIENT_SUPPORT
x020019	x025532	preferred	1000	1	1	0	0.5002123877	INSUFFICIENT_SUPPORT
x020019	x025553	preferred	1000	1	1	0	0.5002123877	INSUFFICIENT_SUPPORT
x020019	x031704	preferred	1000	1	1	0	0.5002123877	INSUFFICIENT_SUPPORT
x020019	x031706	preferred	1000	1	1	0	0.9714684023	INSUFFICIENT_SUPPORT
x020019	x038536	depleted	1000	0.975024975	1	0	0.5307792737	INSUFFICIENT_SUPPORT
x020019	x038539	depleted	1000	0.976023976	1	0	0.9596430608	INSUFFICIENT_SUPPORT
x020019	x040209	preferred	1000	1	1	0	0.5002123877	INSUFFICIENT_SUPPORT
x020019	x040214	preferred	1000	1	1	0	0.5002123877	INSUFFICIENT_SUPPORT
x020019	x041112	depleted	1000	0.977022977	1	0	0.9331105912	INSUFFICIENT_SUPPORT
x020019	x041113	preferred	1000	1	1	0	0.5071254752	INSUFFICIENT_SUPPORT
x020019	x041114	depleted	1000	0.961038961	1	0	0.934744961	INSUFFICIENT_SUPPORT
x020019	x041117	preferred	1000	1	1	0	0.970643441	INSUFFICIENT_SUPPORT
x020019	x041118	preferred	1000	1	1	0	0.5002123877	INSUFFICIENT_SUPPORT
x020019	x041257	preferred	1000	0.01198801199	1	1	0.7034559868	INSUFFICIENT_SUPPORT
x020019	x041261	preferred	1000	1	1	0	0.970643441	INSUFFICIENT_SUPPORT
x020019	x041938	preferred	1000	1	1	0	0.5002123877	INSUFFICIENT_SUPPORT
x020019	x042464	preferred	1000	1	1	0	0.7036993537	INSUFFICIENT_SUPPORT
x020020	x000104	depleted	1000	0.985014985	1	0	1	INSUFFICIENT_SUPPORT
x020020	x001089	depleted	1000	0.977022977	1	0	1	INSUFFICIENT_SUPPORT
x020020	x001427	depleted	1000	1	1	0	1	INSUFFICIENT_SUPPORT
x020020	x002342	preferred	1000	1	1	0	1	INSUFFICIENT_SUPPORT
x020020	x005072	preferred	1000	1	1	0	1	INSUFFICIENT_SUPPORT
x020020	x005075	depleted	1000	0.989010989	1	0	1	INSUFFICIENT_SUPPORT
x020020	x005104	preferred	1000	1	1	0	1	INSUFFICIENT_SUPPORT
x020020	x008312	depleted	1000	0.986013986	1	0	1	INSUFFICIENT_SUPPORT
x020020	x016896	preferred	1000	1	1	0	1	INSUFFICIENT_SUPPORT
x020020	x016897	preferred	1000	1	1	0	1	INSUFFICIENT_SUPPORT
x020020	x017290	preferred	1000	1	1	0	1	INSUFFICIENT_SUPPORT
x020020	x017410	preferred	1000	1	1	0	1	INSUFFICIENT_SUPPORT
x020020	x018496	depleted	1000	0.9390609391	1	0	1	INSUFFICIENT_SUPPORT
x020020	x018498	depleted	1000	0.958041958	1	0	1	INSUFFICIENT_SUPPORT
x020020	x018502	depleted	1000	0.984015984	1	0	1	INSUFFICIENT_SUPPORT
x020020	x018872	depleted	1000	0.987012987	1	0	1	INSUFFICIENT_SUPPORT
x020020	x018876	depleted	1000	1	1	0	1	INSUFFICIENT_SUPPORT
x020020	x019936	depleted	1000	1	1	0	1	INSUFFICIENT_SUPPORT
x020020	x019938	depleted	1000	0.988011988	1	0	1	INSUFFICIENT_SUPPORT
x020020	x019939	depleted	1000	0.985014985	1	0	1	INSUFFICIENT_SUPPORT
x020020	x019940	depleted	1000	0.972027972	1	0	1	INSUFFICIENT_SUPPORT
x020020	x019941	depleted	1000	0.988011988	1	0	1	INSUFFICIENT_SUPPORT
x020020	x020018	depleted	1000	0.976023976	1	0	1	INSUFFICIENT_SUPPORT
x020020	x020020	depleted	1000	0.999000999	1	1	1	INSUFFICIENT_SUPPORT
x020020	x025010	preferred	1000	1	1	0	1	INSUFFICIENT_SUPPORT
x020020	x025530	preferred	1000	1	1	0	1	INSUFFICIENT_SUPPORT
x020020	x025787	preferred	1000	1	1	0	1	INSUFFICIENT_SUPPORT
x020020	x025888	preferred	1000	1	1	0	1	INSUFFICIENT_SUPPORT
x020020	x031616	depleted	1000	1	1	0	1	INSUFFICIENT_SUPPORT
x020020	x031618	depleted	1000	0.991008991	1	0	1	INSUFFICIENT_SUPPORT
x020020	x037859	depleted	1000	0.9180819181	1	0	1	INSUFFICIENT_SUPPORT
x020020	x038160	preferred	1000	1	1	0	1	INSUFFICIENT_SUPPORT
x020020	x038536	depleted	1000	1	1	0	1	INSUFFICIENT_SUPPORT
x020020	x038540	preferred	1000	0.01498501499	1	1	1	INSUFFICIENT_SUPPORT
x020020	x040214	preferred	1000	1	1	0	1	INSUFFICIENT_SUPPORT
x020020	x041112	depleted	1000	1	1	0	1	INSUFFICIENT_SUPPORT
x020020	x041113	depleted	1000	0.962037962	1	0	1	INSUFFICIENT_SUPPORT
x020020	x041114	depleted	1000	0.951048951	1	0	1	INSUFFICIENT_SUPPORT
x020020	x041115	depleted	1000	1	1	1	1	INSUFFICIENT_SUPPORT
x020020	x041117	preferred	1000	1	1	0	1	INSUFFICIENT_SUPPORT
x020020	x041118	depleted	1000	0.984015984	1	0	1	INSUFFICIENT_SUPPORT
x020020	x041119	preferred	1000	1	1	0	1	INSUFFICIENT_SUPPORT
x020020	x041261	preferred	1000	1	1	0	1	INSUFFICIENT_SUPPORT
x020020	x041533	preferred	1000	1	1	0	1	INSUFFICIENT_SUPPORT
x020020	x041658	preferred	1000	1	1	0	1	INSUFFICIENT_SUPPORT
x020020	x042467	preferred	1000	0.02297702298	1	1	1	INSUFFICIENT_SUPPORT
x020020	x042469	preferred	1000	1	1	0	1	INSUFFICIENT_SUPPORT
x020021	x000107	preferred	1000	0.000999000999	1	0	0	INSUFFICIENT_SUPPORT
x020021	x001088	preferred	1000	0.000999000999	1	0	0	INSUFFICIENT_SUPPORT
x020021	x001426	preferred	1000	0.000999000999	1	0	0	INSUFFICIENT_SUPPORT
x020021	x002610	preferred	1000	0.000999000999	1	0	0	INSUFFICIENT_SUPPORT
x020021	x005077	preferred	1000	0.000999000999	1	0	0	INSUFFICIENT_SUPPORT
x020021	x010280	preferred	1000	0.000999000999	1	0	0	INSUFFICIENT_SUPPORT
x020021	x017414	preferred	1000	0.000999000999	1	0	0	INSUFFICIENT_SUPPORT
x020021	x018498	preferred	1000	0.000999000999	1	0	0	INSUFFICIENT_SUPPORT
x020021	x018560	preferred	1000	0.000999000999	1	0	0	INSUFFICIENT_SUPPORT
x020021	x018873	preferred	1000	0.000999000999	1	0	0	INSUFFICIENT_SUPPORT
x020021	x018875	preferred	1000	0.000999000999	1	0	0	INSUFFICIENT_SUPPORT
x020021	x019936	preferred	1000	0.000999000999	1	0	0	INSUFFICIENT_SUPPORT
x020021	x019938	preferred	1000	0.000999000999	1	0	0	INSUFFICIENT_SUPPORT
x020021	x019940	preferred	1000	0.000999000999	1	0	0	INSUFFICIENT_SUPPORT
x020021	x019943	preferred	1000	0.000999000999	1	0	0	INSUFFICIENT_SUPPORT
x020021	x021969	preferred	1000	0.000999000999	1	0	0	INSUFFICIENT_SUPPORT
x020021	x023865	preferred	1000	0.000999000999	1	0	0	INSUFFICIENT_SUPPORT
x020021	x025530	preferred	1000	0.000999000999	1	0	0	INSUFFICIENT_SUPPORT
x020021	x025890	preferred	1000	0.000999000999	1	0	0	INSUFFICIENT_SUPPORT
x020021	x025891	preferred	1000	0.000999000999	1	0	0	INSUFFICIENT_SUPPORT
x020021	x031622	preferred	1000	0.000999000999	1	0	0	INSUFFICIENT_SUPPORT
x020021	x033881	preferred	1000	0.000999000999	1	0	0	INSUFFICIENT_SUPPORT
x020021	x037858	preferred	1000	0.000999000999	1	0	0	INSUFFICIENT_SUPPORT
x020021	x038536	preferred	1000	0.000999000999	1	0	0	INSUFFICIENT_SUPPORT
x020021	x041112	preferred	1000	0.000999000999	1	0	0	INSUFFICIENT_SUPPORT
x020021	x041114	preferred	1000	0.000999000999	1	0	0	INSUFFICIENT_SUPPORT
x020021	x041115	preferred	1000	0.000999000999	1	0	0	INSUFFICIENT_SUPPORT
x020021	x041118	preferred	1000	0.000999000999	1	0	0	INSUFFICIENT_SUPPORT
x020021	x042464	preferred	1000	0.000999000999	1	0	0	INSUFFICIENT_SUPPORT
x020021	x042466	preferred	1000	0.000999000999	1	0	0	INSUFFICIENT_SUPPORT
x020022	x016897	preferred	1000	0.000999000999	1	0	0	INSUFFICIENT_SUPPORT
x020022	x017291	preferred	1000	0.000999000999	1	0	0	INSUFFICIENT_SUPPORT
x020022	x017408	preferred	1000	0.000999000999	1	0	0	INSUFFICIENT_SUPPORT
x020022	x018872	preferred	1000	0.000999000999	1	0	0	INSUFFICIENT_SUPPORT
x020022	x019936	preferred	1000	0.000999000999	1	0	0	INSUFFICIENT_SUPPORT
x020022	x019937	preferred	1000	0.000999000999	1	0	0	INSUFFICIENT_SUPPORT
x020022	x019938	preferred	1000	0.000999000999	1	0	0	INSUFFICIENT_SUPPORT
x020022	x019940	preferred	1000	0.000999000999	1	0	0	INSUFFICIENT_SUPPORT
x020022	x019941	preferred	1000	0.000999000999	1	0	0	INSUFFICIENT_SUPPORT
x020022	x021976	preferred	1000	0.000999000999	1	0	0	INSUFFICIENT_SUPPORT
x020022	x023368	preferred	1000	0.000999000999	1	0	0	INSUFFICIENT_SUPPORT
x020022	x024248	preferred	1000	0.000999000999	1	0	0	INSUFFICIENT_SUPPORT
x020022	x031616	preferred	1000	0.000999000999	1	0	0	INSUFFICIENT_SUPPORT
x020022	x038108	preferred	1000	0.000999000999	1	0	0	INSUFFICIENT_SUPPORT
x020022	x038538	preferred	1000	0.000999000999	1	0	0	INSUFFICIENT_SUPPORT
x020022	x041112	preferred	1000	0.000999000999	1	0	0	INSUFFICIENT_SUPPORT
x020022	x041114	preferred	1000	0.000999000999	1	0	0	INSUFFICIENT_SUPPORT
x020022	x041115	preferred	1000	0.000999000999	1	0	0	INSUFFICIENT_SUPPORT
x020022	x042104	preferred	1000	0.000999000999	1	0	0	INSUFFICIENT_SUPPORT
x020023	x000105	preferred	1000	0.000999000999	1	0	0	INSUFFICIENT_SUPPORT
x020023	x001091	preferred	1000	0.000999000999	1	0	0	INSUFFICIENT_SUPPORT
x020023	x001426	preferred	1000	0.000999000999	1	0	0	INSUFFICIENT_SUPPORT
x020023	x002108	preferred	1000	0.000999000999	1	0	0	INSUFFICIENT_SUPPORT
x020023	x005106	preferred	1000	0.000999000999	1	0	0	INSUFFICIENT_SUPPORT
x020023	x014825	preferred	1000	0.000999000999	1	0	0	INSUFFICIENT_SUPPORT
x020023	x017377	preferred	1000	0.000999000999	1	0	0	INSUFFICIENT_SUPPORT
x020023	x018560	preferred	1000	0.000999000999	1	0	0	INSUFFICIENT_SUPPORT
x020023	x019938	preferred	1000	0.000999000999	1	0	0	INSUFFICIENT_SUPPORT
x020023	x024202	preferred	1000	0.000999000999	1	0	0	INSUFFICIENT_SUPPORT
x020023	x031617	preferred	1000	0.000999000999	1	0	0	INSUFFICIENT_SUPPORT
x020023	x041112	preferred	1000	0.000999000999	1	0	0	INSUFFICIENT_SUPPORT
x020023	x041113	preferred	1000	0.000999000999	1	0	0	INSUFFICIENT_SUPPORT
x020023	x041938	preferred	1000	0.000999000999	1	0	0	INSUFFICIENT_SUPPORT
x020023	x042467	preferred	1000	0.000999000999	1	0	0	INSUFFICIENT_SUPPORT
x020248	x005076	preferred	1000	0.000999000999	1	0	0	INSUFFICIENT_SUPPORT
x020248	x018879	preferred	1000	0.000999000999	1	0	0	INSUFFICIENT_SUPPORT
x020248	x019936	preferred	1000	0.000999000999	1	0	0	INSUFFICIENT_SUPPORT
x020248	x031617	preferred	1000	0.000999000999	1	0	0	INSUFFICIENT_SUPPORT
x020248	x038538	preferred	1000	0.000999000999	1	0	0	INSUFFICIENT_SUPPORT
x020248	x041113	preferred	1000	0.000999000999	1	0	0	INSUFFICIENT_SUPPORT
x020248	x042105	preferred	1000	0.000999000999	1	0	0	INSUFFICIENT_SUPPORT
x020249	x001427	preferred	1000	0.000999000999	1	0	0	INSUFFICIENT_SUPPORT
x020249	x005074	preferred	1000	0.000999000999	1	0	0	INSUFFICIENT_SUPPORT
x020249	x017992	preferred	1000	0.000999000999	1	0	0	INSUFFICIENT_SUPPORT
x020249	x031621	preferred	1000	0.000999000999	1	0	0	INSUFFICIENT_SUPPORT
x020249	x031706	preferred	1000	0.000999000999	1	0	0	INSUFFICIENT_SUPPORT
x020249	x038538	preferred	1000	0.000999000999	1	0	0	INSUFFICIENT_SUPPORT
x020249	x042801	preferred	1000	0.000999000999	1	0	0	INSUFFICIENT_SUPPORT
x020328	x002104	preferred	1000	0.000999000999	1	0	0	INSUFFICIENT_SUPPORT
x020328	x003192	preferred	1000	0.000999000999	1	0	0	INSUFFICIENT_SUPPORT
x020328	x037858	preferred	1000	0.000999000999	1	0	0	INSUFFICIENT_SUPPORT
x020328	x038539	preferred	1000	0.000999000999	1	0	0	INSUFFICIENT_SUPPORT
x020328	x041528	preferred	1000	0.000999000999	1	0	0	INSUFFICIENT_SUPPORT
x020328	x042803	preferred	1000	0.000999000999	1	0	0	INSUFFICIENT_SUPPORT
x020329	x025012	preferred	1000	0.000999000999	1	0	0	INSUFFICIENT_SUPPORT
x020329	x038538	preferred	1000	0.000999000999	1	0	0	INSUFFICIENT_SUPPORT
x020329	x041530	preferred	1000	0.000999000999	1	0	0	INSUFFICIENT_SUPPORT
x020632	x005106	preferred	1000	0.000999000999	1	0	0	INSUFFICIENT_SUPPORT
x020632	x018497	preferred	1000	0.000999000999	1	0	0	INSUFFICIENT_SUPPORT
x020632	x024247	preferred	1000	0.000999000999	1	0	0	INSUFFICIENT_SUPPORT
x020632	x025009	preferred	1000	0.000999000999	1	0	0	INSUFFICIENT_SUPPORT
x020632	x025398	preferred	1000	0.000999000999	1	0	0	INSUFFICIENT_SUPPORT
x020632	x033881	preferred	1000	0.000999000999	1	0	0	INSUFFICIENT_SUPPORT
x020632	x037848	preferred	1000	0.000999000999	1	0	0	INSUFFICIENT_SUPPORT
x020632	x037849	preferred	1000	0.000999000999	1	0	0	INSUFFICIENT_SUPPORT
x020632	x037851	preferred	1000	0.000999000999	1	0	0	INSUFFICIENT_SUPPORT
x020632	x037899	preferred	1000	0.000999000999	1	0	0	INSUFFICIENT_SUPPORT
x020632	x041529	preferred	1000	0.000999000999	1	0	0	INSUFFICIENT_SUPPORT
x020633	x000110	preferred	1000	0.000999000999	1	0	0	INSUFFICIENT_SUPPORT
x020633	x001089	preferred	1000	0.000999000999	1	0	0	INSUFFICIENT_SUPPORT
x020633	x002343	preferred	1000	0.000999000999	1	0	0	INSUFFICIENT_SUPPORT
x020633	x018256	preferred	1000	0.000999000999	1	0	0	INSUFFICIENT_SUPPORT
x020633	x024244	preferred	1000	0.000999000999	1	0	0	INSUFFICIENT_SUPPORT
x020633	x037849	preferred	1000	0.000999000999	1	0	0	INSUFFICIENT_SUPPORT
x020633	x037850	preferred	1000	0.000999000999	1	0	0	INSUFFICIENT_SUPPORT
x020633	x037851	preferred	1000	0.000999000999	1	0	0	INSUFFICIENT_SUPPORT
x020633	x037859	preferred	1000	0.000999000999	1	0	0	INSUFFICIENT_SUPPORT
x020633	x040633	preferred	1000	0.000999000999	1	0	0	INSUFFICIENT_SUPPORT
x020633	x041528	preferred	1000	0.000999000999	1	0	0	INSUFFICIENT_SUPPORT
x020637	x002107	preferred	1000	0.000999000999	1	0	0	INSUFFICIENT_SUPPORT
x020637	x018251	preferred	1000	0.000999000999	1	0	0	INSUFFICIENT_SUPPORT
x020637	x025393	preferred	1000	0.000999000999	1	0	0	INSUFFICIENT_SUPPORT
x020637	x037848	preferred	1000	0.000999000999	1	0	0	INSUFFICIENT_SUPPORT
x020637	x037849	preferred	1000	0.000999000999	1	0	0	INSUFFICIENT_SUPPORT
x020637	x037859	preferred	1000	0.000999000999	1	0	0	INSUFFICIENT_SUPPORT
x020637	x041532	preferred	1000	0.000999000999	1	0	0	INSUFFICIENT_SUPPORT
x020637	x042802	preferred	1000	0.000999000999	1	0	0	INSUFFICIENT_SUPPORT
x020969	x017412	preferred	1000	0.000999000999	1	0	0	INSUFFICIENT_SUPPORT
x020969	x017997	preferred	1000	0.000999000999	1	0	0	INSUFFICIENT_SUPPORT
x020969	x018256	preferred	1000	0.000999000999	1	0	0	INSUFFICIENT_SUPPORT
x020969	x024737	preferred	1000	0.000999000999	1	0	0	INSUFFICIENT_SUPPORT
x020969	x024739	preferred	1000	0.000999000999	1	0	0	INSUFFICIENT_SUPPORT
x020969	x040260	preferred	1000	0.000999000999	1	0	0	INSUFFICIENT_SUPPORT
x021048	x018498	preferred	1000	0.000999000999	1	0	0	INSUFFICIENT_SUPPORT
x021048	x020021	preferred	1000	0.000999000999	1	0	0	INSUFFICIENT_SUPPORT
x021048	x037851	preferred	1000	0.000999000999	1	0	0	INSUFFICIENT_SUPPORT
x021048	x038539	preferred	1000	0.000999000999	1	0	0	INSUFFICIENT_SUPPORT
x021048	x041112	preferred	1000	0.000999000999	1	0	0	INSUFFICIENT_SUPPORT
x021048	x041117	preferred	1000	0.000999000999	1	0	0	INSUFFICIENT_SUPPORT
x021277	x001426	preferred	1000	0.000999000999	1	0	0	INSUFFICIENT_SUPPORT
x021277	x005073	preferred	1000	0.000999000999	1	0	0	INSUFFICIENT_SUPPORT
x021277	x017411	preferred	1000	0.000999000999	1	0	0	INSUFFICIENT_SUPPORT
x021277	x017832	preferred	1000	0.000999000999	1	0	0	INSUFFICIENT_SUPPORT
x021277	x017836	preferred	1000	0.000999000999	1	0	0	INSUFFICIENT_SUPPORT
x021277	x017889	preferred	1000	0.000999000999	1	0	0	INSUFFICIENT_SUPPORT
x021277	x017891	preferred	1000	0.000999000999	1	0	0	INSUFFICIENT_SUPPORT
x021277	x017998	preferred	1000	0.000999000999	1	0	0	INSUFFICIENT_SUPPORT
x021277	x037858	preferred	1000	0.000999000999	1	0	0	INSUFFICIENT_SUPPORT
x021520	x001425	preferred	1000	0.000999000999	1	0	0	INSUFFICIENT_SUPPORT
x021520	x016896	preferred	1000	0.000999000999	1	0	0	INSUFFICIENT_SUPPORT
x021520	x018872	preferred	1000	0.000999000999	1	0	0	INSUFFICIENT_SUPPORT
x021520	x018873	preferred	1000	0.000999000999	1	0	0	INSUFFICIENT_SUPPORT
x021520	x025009	preferred	1000	0.000999000999	1	0	0	INSUFFICIENT_SUPPORT
x021520	x025397	preferred	1000	0.000999000999	1	0	0	INSUFFICIENT_SUPPORT
x021520	x040218	preferred	1000	0.000999000999	1	0	0	INSUFFICIENT_SUPPORT
x021520	x041261	preferred	1000	0.000999000999	1	0	0	INSUFFICIENT_SUPPORT
x021561	x000104	preferred	1000	0.000999000999	1	0	0	INSUFFICIENT_SUPPORT
x021561	x000105	preferred	1000	0.000999000999	1	0	0	INSUFFICIENT_SUPPORT
x021561	x000106	preferred	1000	0.000999000999	1	0	0	INSUFFICIENT_SUPPORT
x021561	x000107	preferred	1000	0.000999000999	1	0	0	INSUFFICIENT_SUPPORT
x021561	x000109	preferred	1000	0.000999000999	1	0	0	INSUFFICIENT_SUPPORT
x021561	x001394	preferred	1000	0.000999000999	1	0	0	INSUFFICIENT_SUPPORT
x021561	x018877	preferred	1000	0.000999000999	1	0	0	INSUFFICIENT_SUPPORT
x021561	x037855	preferred	1000	0.000999000999	1	0	0	INSUFFICIENT_SUPPORT
x021561	x037857	preferred	1000	0.000999000999	1	0	0	INSUFFICIENT_SUPPORT
x021561	x039660	preferred	1000	0.000999000999	1	0	0	INSUFFICIENT_SUPPORT
x021562	x000105	preferred	1000	0.000999000999	1	0	0	INSUFFICIENT_SUPPORT
x021562	x000106	preferred	1000	0.000999000999	1	0	0	INSUFFICIENT_SUPPORT
x021562	x000107	preferred	1000	0.000999000999	1	0	0	INSUFFICIENT_SUPPORT
x021562	x000108	preferred	1000	0.000999000999	1	0	0	INSUFFICIENT_SUPPORT
x021562	x018256	preferred	1000	0.000999000999	1	0	0	INSUFFICIENT_SUPPORT
x021562	x034674	preferred	1000	0.000999000999	1	0	0	INSUFFICIENT_SUPPORT
x021562	x037857	preferred	1000	0.000999000999	1	0	0	INSUFFICIENT_SUPPORT
x021562	x038536	preferred	1000	0.000999000999	1	0	0	INSUFFICIENT_SUPPORT
x021562	x038541	preferred	1000	0.000999000999	1	0	0	INSUFFICIENT_SUPPORT
x021562	x039656	preferred	1000	0.000999000999	1	0	0	INSUFFICIENT_SUPPORT
x021784	x001425	preferred	1000	0.000999000999	1	0	0	INSUFFICIENT_SUPPORT
x021784	x025392	preferred	1000	0.000999000999	1	0	0	INSUFFICIENT_SUPPORT
x021784	x025657	preferred	1000	0.000999000999	1	0	0	INSUFFICIENT_SUPPORT
x021784	x031704	preferred	1000	0.000999000999	1	0	0	INSUFFICIENT_SUPPORT
x021785	x022520	preferred	1000	0.000999000999	1	0	0	INSUFFICIENT_SUPPORT
x021785	x025785	preferred	1000	0.000999000999	1	0	0	INSUFFICIENT_SUPPORT
x021785	x038442	preferred	1000	0.000999000999	1	0	0	INSUFFICIENT_SUPPORT
x021785	x038443	preferred	1000	0.000999000999	1	0	0	INSUFFICIENT_SUPPORT
x021786	x022520	preferred	1000	0.000999000999	1	0	0	INSUFFICIENT_SUPPORT
x021786	x022522	preferred	1000	0.000999000999	1	0	0	INSUFFICIENT_SUPPORT
x021788	x025393	preferred	1000	0.000999000999	1	0	0	INSUFFICIENT_SUPPORT
x021788	x038440	preferred	1000	0.000999000999	1	0	0	INSUFFICIENT_SUPPORT
x021953	x024737	preferred	1000	0.000999000999	1	0	0	INSUFFICIENT_SUPPORT
x021953	x037861	preferred	1000	0.000999000999	1	0	0	INSUFFICIENT_SUPPORT
x021953	x038536	preferred	1000	0.000999000999	1	0	0	INSUFFICIENT_SUPPORT
x021968	x002342	preferred	1000	0.000999000999	1	0	0	INSUFFICIENT_SUPPORT
x021968	x017688	preferred	1000	0.000999000999	1	0	0	INSUFFICIENT_SUPPORT
x021968	x017694	preferred	1000	0.000999000999	1	0	0	INSUFFICIENT_SUPPORT
x021968	x025785	preferred	1000	0.000999000999	1	0	0	INSUFFICIENT_SUPPORT
x021968	x037852	preferred	1000	0.000999000999	1	0	0	INSUFFICIENT_SUPPORT
x021968	x040218	preferred	1000	0.000999000999	1	0	0	INSUFFICIENT_SUPPORT
x021968	x041659	preferred	1000	0.000999000999	1	0	0	INSUFFICIENT_SUPPORT
x021969	x001424	preferred	1000	0.000999000999	1	0	0	INSUFFICIENT_SUPPORT
x021969	x002336	preferred	1000	0.000999000999	1	0	0	INSUFFICIENT_SUPPORT
x021969	x002339	preferred	1000	0.000999000999	1	0	0	INSUFFICIENT_SUPPORT
x021969	x002342	preferred	1000	0.000999000999	1	0	0	INSUFFICIENT_SUPPORT
x021969	x014824	preferred	1000	0.000999000999	1	0	0	INSUFFICIENT_SUPPORT
x021969	x018251	preferred	1000	0.000999000999	1	0	0	INSUFFICIENT_SUPPORT
x021969	x019712	preferred	1000	0.000999000999	1	0	0	INSUFFICIENT_SUPPORT
x021969	x025399	preferred	1000	0.000999000999	1	0	0	INSUFFICIENT_SUPPORT
x021969	x025787	preferred	1000	0.000999000999	1	0	0	INSUFFICIENT_SUPPORT
x021969	x031370	preferred	1000	0.000999000999	1	0	0	INSUFFICIENT_SUPPORT
x021969	x040210	preferred	1000	0.000999000999	1	0	0	INSUFFICIENT_SUPPORT
x021976	x000162	preferred	1000	0.000999000999	1	0	0	INSUFFICIENT_SUPPORT
x021976	x002108	preferred	1000	0.000999000999	1	0	0	INSUFFICIENT_SUPPORT
x021976	x002338	preferred	1000	0.000999000999	1	0	0	INSUFFICIENT_SUPPORT
x021976	x025784	preferred	1000	0.000999000999	1	0	0	INSUFFICIENT_SUPPORT
x021976	x031370	preferred	1000	0.000999000999	1	0	0	INSUFFICIENT_SUPPORT
x022380	x000107	preferred	1000	0.000999000999	1	0	0	INSUFFICIENT_SUPPORT
x022380	x000108	preferred	1000	0.000999000999	1	0	0	INSUFFICIENT_SUPPORT
x022380	x002336	preferred	1000	0.000999000999	1	0	0	INSUFFICIENT_SUPPORT
x022380	x005105	preferred	1000	0.000999000999	1	0	0	INSUFFICIENT_SUPPORT
x022380	x017833	preferred	1000	0.000999000999	1	0	0	INSUFFICIENT_SUPPORT
x022380	x022956	preferred	1000	0.000999000999	1	0	0	INSUFFICIENT_SUPPORT
x022380	x024243	preferred	1000	0.000999000999	1	0	0	INSUFFICIENT_SUPPORT
x022380	x024805	preferred	1000	0.000999000999	1	0	0	INSUFFICIENT_SUPPORT
x022380	x040209	preferred	1000	0.000999000999	1	0	0	INSUFFICIENT_SUPPORT
x022458	x000106	preferred	1000	0.000999000999	1	0	0	INSUFFICIENT_SUPPORT
x022458	x001397	preferred	1000	0.000999000999	1	0	0	INSUFFICIENT_SUPPORT
x022458	x017672	preferred	1000	0.000999000999	1	0	0	INSUFFICIENT_SUPPORT
x022458	x020019	preferred	1000	0.000999000999	1	0	0	INSUFFICIENT_SUPPORT
x022458	x025393	preferred	1000	0.000999000999	1	0	0	INSUFFICIENT_SUPPORT
x022458	x037880	preferred	1000	0.000999000999	1	0	0	INSUFFICIENT_SUPPORT
x022458	x037896	preferred	1000	0.000999000999	1	0	0	INSUFFICIENT_SUPPORT
x022458	x041443	preferred	1000	0.000999000999	1	0	0	INSUFFICIENT_SUPPORT
x022458	x042104	preferred	1000	0.000999000999	1	0	0	INSUFFICIENT_SUPPORT
x022520	x001425	preferred	1000	0.000999000999	1	0	0	INSUFFICIENT_SUPPORT
x022520	x001426	preferred	1000	0.000999000999	1	0	0	INSUFFICIENT_SUPPORT
x022520	x002336	preferred	1000	0.000999000999	1	0	0	INSUFFICIENT_SUPPORT
x022520	x008312	preferred	1000	0.000999000999	1	0	0	INSUFFICIENT_SUPPORT
x022520	x019936	preferred	1000	0.000999000999	1	0	0	INSUFFICIENT_SUPPORT
x022520	x024931	preferred	1000	0.000999000999	1	0	0	INSUFFICIENT_SUPPORT
x022520	x031618	preferred	1000	0.000999000999	1	0	0	INSUFFICIENT_SUPPORT
x022520	x031704	preferred	1000	0.000999000999	1	0	0	INSUFFICIENT_SUPPORT
x022520	x034242	preferred	1000	0.000999000999	1	0	0	INSUFFICIENT_SUPPORT
x022520	x037848	preferred	1000	0.000999000999	1	0	0	INSUFFICIENT_SUPPORT
x022520	x037856	preferred	1000	0.000999000999	1	0	0	INSUFFICIENT_SUPPORT
x022520	x041112	preferred	1000	0.000999000999	1	0	0	INSUFFICIENT_SUPPORT
x022520	x041800	preferred	1000	0.000999000999	1	0	0	INSUFFICIENT_SUPPORT
x022520	x041939	preferred	1000	0.000999000999	1	0	0	INSUFFICIENT_SUPPORT
x022521	x002336	preferred	1000	0.000999000999	1	0	0	INSUFFICIENT_SUPPORT
x022521	x017414	preferred	1000	0.000999000999	1	0	0	INSUFFICIENT_SUPPORT
x022521	x017415	preferred	1000	0.000999000999	1	0	0	INSUFFICIENT_SUPPORT
x022521	x018498	preferred	1000	0.000999000999	1	0	0	INSUFFICIENT_SUPPORT
x022521	x018503	preferred	1000	0.000999000999	1	0	0	INSUFFICIENT_SUPPORT
x022521	x018876	preferred	1000	0.000999000999	1	0	0	INSUFFICIENT_SUPPORT
x022521	x018877	preferred	1000	0.000999000999	1	0	0	INSUFFICIENT_SUPPORT
x022521	x019938	preferred	1000	0.000999000999	1	0	0	INSUFFICIENT_SUPPORT
x022521	x025394	preferred	1000	0.000999000999	1	0	0	INSUFFICIENT_SUPPORT
x022521	x031619	preferred	1000	0.000999000999	1	0	0	INSUFFICIENT_SUPPORT
x022521	x034240	preferred	1000	0.000999000999	1	0	0	INSUFFICIENT_SUPPORT
x022521	x034244	preferred	1000	0.000999000999	1	0	0	INSUFFICIENT_SUPPORT
x022521	x037848	preferred	1000	0.000999000999	1	0	0	INSUFFICIENT_SUPPORT
x022521	x037861	preferred	1000	0.000999000999	1	0	0	INSUFFICIENT_SUPPORT
x022521	x038537	preferred	1000	0.000999000999	1	0	0	INSUFFICIENT_SUPPORT
x022521	x038543	preferred	1000	0.000999000999	1	0	0	INSUFFICIENT_SUPPORT
x022521	x041115	preferred	1000	0.000999000999	1	0	0	INSUFFICIENT_SUPPORT
x022521	x041804	preferred	1000	0.000999000999	1	0	0	INSUFFICIENT_SUPPORT
x022521	x042104	preferred	1000	0.000999000999	1	0	0	INSUFFICIENT_SUPPORT
x022521	x042108	preferred	1000	0.000999000999	1	0	0	INSUFFICIENT_SUPPORT
x022521	x042805	preferred	1000	0.000999000999	1	0	0	INSUFFICIENT_SUPPORT
x022521	x042819	preferred	1000	0.000999000999	1	0	0	INSUFFICIENT_SUPPORT
x022522	x000105	preferred	1000	0.000999000999	1	0	0	INSUFFICIENT_SUPPORT
x022522	x001424	preferred	1000	0.000999000999	1	0	0	INSUFFICIENT_SUPPORT
x022522	x002107	preferred	1000	0.000999000999	1	0	0	INSUFFICIENT_SUPPORT
x022522	x017288	preferred	1000	0.000999000999	1	0	0	INSUFFICIENT_SUPPORT
x022522	x018498	preferred	1000	0.000999000999	1	0	0	INSUFFICIENT_SUPPORT
x022522	x018876	preferred	1000	0.000999000999	1	0	0	INSUFFICIENT_SUPPORT
x022522	x019936	preferred	1000	0.000999000999	1	0	0	INSUFFICIENT_SUPPORT
x022522	x019942	preferred	1000	0.000999000999	1	0	0	INSUFFICIENT_SUPPORT
x022522	x031619	preferred	1000	0.000999000999	1	0	0	INSUFFICIENT_SUPPORT
x022522	x031621	preferred	1000	0.000999000999	1	0	0	INSUFFICIENT_SUPPORT
x022522	x037863	preferred	1000	0.000999000999	1	0	0	INSUFFICIENT_SUPPORT
x022522	x038538	preferred	1000	0.000999000999	1	0	0	INSUFFICIENT_SUPPORT
x022522	x040632	preferred	1000	0.000999000999	1	0	0	INSUFFICIENT_SUPPORT
x022522	x041113	preferred	1000	0.000999000999	1	0	0	INSUFFICIENT_SUPPORT
x022522	x041802	preferred	1000	0.000999000999	1	0	0	INSUFFICIENT_SUPPORT
x022522	x042107	preferred	1000	0.000999000999	1	0	0	INSUFFICIENT_SUPPORT
x022523	x000110	preferred	1000	0.000999000999	1	0	0	INSUFFICIENT_SUPPORT
x022523	x016899	preferred	1000	0.000999000999	1	0	0	INSUFFICIENT_SUPPORT
x022523	x017291	preferred	1000	0.000999000999	1	0	0	INSUFFICIENT_SUPPORT
x022523	x018498	preferred	1000	0.000999000999	1	0	0	INSUFFICIENT_SUPPORT
x022523	x018500	preferred	1000	0.000999000999	1	0	0	INSUFFICIENT_SUPPORT
x022523	x018873	preferred	1000	0.000999000999	1	0	0	INSUFFICIENT_SUPPORT
x022523	x020017	preferred	1000	0.000999000999	1	0	0	INSUFFICIENT_SUPPORT
x022523	x024664	preferred	1000	0.000999000999	1	0	0	INSUFFICIENT_SUPPORT
x022523	x024929	preferred	1000	0.000999000999	1	0	0	INSUFFICIENT_SUPPORT
x022523	x025392	preferred	1000	0.000999000999	1	0	0	INSUFFICIENT_SUPPORT
x022523	x025394	preferred	1000	0.000999000999	1	0	0	INSUFFICIENT_SUPPORT
x022523	x025396	preferred	1000	0.000999000999	1	0	0	INSUFFICIENT_SUPPORT
x022523	x031704	preferred	1000	0.000999000999	1	0	0	INSUFFICIENT_SUPPORT
x022523	x033881	preferred	1000	0.000999000999	1	0	0	INSUFFICIENT_SUPPORT
x022523	x037848	preferred	1000	0.000999000999	1	0	0	INSUFFICIENT_SUPPORT
x022523	x037856	preferred	1000	0.000999000999	1	0	0	INSUFFICIENT_SUPPORT
x022523	x037857	preferred	1000	0.000999000999	1	0	0	INSUFFICIENT_SUPPORT
x022523	x037987	preferred	1000	0.000999000999	1	0	0	INSUFFICIENT_SUPPORT
x022523	x041117	preferred	1000	0.000999000999	1	0	0	INSUFFICIENT_SUPPORT
x022523	x041440	preferred	1000	0.000999000999	1	0	0	INSUFFICIENT_SUPPORT
x022523	x041468	preferred	1000	0.000999000999	1	0	0	INSUFFICIENT_SUPPORT
x022523	x041801	preferred	1000	0.000999000999	1	0	0	INSUFFICIENT_SUPPORT
x022523	x041936	preferred	1000	0.000999000999	1	0	0	INSUFFICIENT_SUPPORT
x022523	x042105	preferred	1000	0.000999000999	1	0	0	INSUFFICIENT_SUPPORT
x022524	x018497	preferred	1000	0.000999000999	1	0	0	INSUFFICIENT_SUPPORT
x022524	x018500	preferred	1000	0.000999000999	1	0	0	INSUFFICIENT_SUPPORT
x022524	x019939	preferred	1000	0.000999000999	1	0	0	INSUFFICIENT_SUPPORT
x022524	x025398	preferred	1000	0.000999000999	1	0	0	INSUFFICIENT_SUPPORT
x022524	x041800	preferred	1000	0.000999000999	1	0	0	INSUFFICIENT_SUPPORT
x022524	x041801	preferred	1000	0.000999000999	1	0	0	INSUFFICIENT_SUPPORT
x022524	x041802	preferred	1000	0.000999000999	1	0	0	INSUFFICIENT_SUPPORT
x022526	x018872	preferred	1000	0.000999000999	1	0	0	INSUFFICIENT_SUPPORT
x022526	x018874	preferred	1000	0.000999000999	1	0	0	INSUFFICIENT_SUPPORT
x022526	x025394	preferred	1000	0.000999000999	1	0	0	INSUFFICIENT_SUPPORT
x022526	x031616	preferred	1000	0.000999000999	1	0	0	INSUFFICIENT_SUPPORT
x022526	x031618	preferred	1000	0.000999000999	1	0	0	INSUFFICIENT_SUPPORT
x022920	x002976	preferred	1000	0.000999000999	1	0	0	INSUFFICIENT_SUPPORT
x022920	x002977	preferred	1000	0.000999000999	1	0	0	INSUFFICIENT_SUPPORT
x022920	x002978	preferred	1000	0.000999000999	1	0	0	INSUFFICIENT_SUPPORT
x022920	x002980	preferred	1000	0.000999000999	1	0	0	INSUFFICIENT_SUPPORT
x022920	x002981	preferred	1000	0.000999000999	1	0	0	INSUFFICIENT_SUPPORT
x022920	x017377	preferred	1000	0.000999000999	1	0	0	INSUFFICIENT_SUPPORT
x022920	x017381	preferred	1000	0.000999000999	1	0	0	INSUFFICIENT_SUPPORT
x022920	x024928	preferred	1000	0.000999000999	1	0	0	INSUFFICIENT_SUPPORT
x022920	x024929	preferred	1000	0.000999000999	1	0	0	INSUFFICIENT_SUPPORT
x022921	x002105	preferred	1000	0.000999000999	1	0	0	INSUFFICIENT_SUPPORT
x022921	x002977	preferred	1000	0.000999000999	1	0	0	INSUFFICIENT_SUPPORT
x022921	x002978	preferred	1000	0.000999000999	1	0	0	INSUFFICIENT_SUPPORT
x022921	x007098	preferred	1000	0.000999000999	1	0	0	INSUFFICIENT_SUPPORT
x022921	x017377	preferred	1000	0.000999000999	1	0	0	INSUFFICIENT_SUPPORT
x022921	x017380	preferred	1000	0.000999000999	1	0	0	INSUFFICIENT_SUPPORT
x022924	x001093	preferred	1000	0.000999000999	1	0	0	INSUFFICIENT_SUPPORT
x022924	x002104	preferred	1000	0.000999000999	1	0	0	INSUFFICIENT_SUPPORT
x022924	x002340	preferred	1000	0.000999000999	1	0	0	INSUFFICIENT_SUPPORT
x022924	x002976	preferred	1000	0.000999000999	1	0	0	INSUFFICIENT_SUPPORT
x022924	x002980	preferred	1000	0.000999000999	1	0	0	INSUFFICIENT_SUPPORT
x022924	x018501	preferred	1000	0.000999000999	1	0	0	INSUFFICIENT_SUPPORT
x022952	x001426	preferred	1000	0.000999000999	1	0	0	INSUFFICIENT_SUPPORT
x022952	x002104	preferred	1000	0.000999000999	1	0	0	INSUFFICIENT_SUPPORT
x022952	x002337	preferred	1000	0.000999000999	1	0	0	INSUFFICIENT_SUPPORT
x022952	x002341	preferred	1000	0.000999000999	1	0	0	INSUFFICIENT_SUPPORT
x022952	x002609	preferred	1000	0.000999000999	1	0	0	INSUFFICIENT_SUPPORT
x022952	x002610	preferred	1000	0.000999000999	1	0	0	INSUFFICIENT_SUPPORT
x022952	x011081	preferred	1000	0.000999000999	1	0	0	INSUFFICIENT_SUPPORT
x022952	x014824	preferred	1000	0.000999000999	1	0	0	INSUFFICIENT_SUPPORT
x022952	x014828	preferred	1000	0.000999000999	1	0	0	INSUFFICIENT_SUPPORT
x022952	x017692	preferred	1000	0.000999000999	1	0	0	INSUFFICIENT_SUPPORT
x022952	x018497	preferred	1000	0.000999000999	1	0	0	INSUFFICIENT_SUPPORT
x022952	x018560	preferred	1000	0.000999000999	1	0	0	INSUFFICIENT_SUPPORT
x022952	x020016	preferred	1000	0.000999000999	1	0	0	INSUFFICIENT_SUPPORT
x022952	x031704	preferred	1000	0.000999000999	1	0	0	INSUFFICIENT_SUPPORT
x022952	x037848	preferred	1000	0.000999000999	1	0	0	INSUFFICIENT_SUPPORT
x022952	x037850	preferred	1000	0.000999000999	1	0	0	INSUFFICIENT_SUPPORT
x022952	x037851	preferred	1000	0.000999000999	1	0	0	INSUFFICIENT_SUPPORT
x022952	x037856	preferred	1000	0.000999000999	1	0	0	INSUFFICIENT_SUPPORT
x022952	x038536	preferred	1000	0.000999000999	1	0	0	INSUFFICIENT_SUPPORT
x022952	x038537	preferred	1000	0.000999000999	1	0	0	INSUFFICIENT_SUPPORT
x022952	x038538	preferred	1000	0.000999000999	1	0	0	INSUFFICIENT_SUPPORT
x022952	x038540	preferred	1000	0.000999000999	1	0	0	INSUFFICIENT_SUPPORT
x022952	x038541	preferred	1000	0.000999000999	1	0	0	INSUFFICIENT_SUPPORT
x022952	x040210	preferred	1000	0.000999000999	1	0	0	INSUFFICIENT_SUPPORT
x022952	x041257	preferred	1000	0.000999000999	1	0	0	INSUFFICIENT_SUPPORT
x022952	x041586	preferred	1000	0.000999000999	1	0	0	INSUFFICIENT_SUPPORT
x022952	x042104	preferred	1000	0.000999000999	1	0	0	INSUFFICIENT_SUPPORT
x022952	x042105	preferred	1000	0.000999000999	1	0	0	INSUFFICIENT_SUPPORT
x022953	x001424	preferred	1000	0.000999000999	1	0	0	INSUFFICIENT_SUPPORT
x022953	x001426	preferred	1000	0.000999000999	1	0	0	INSUFFICIENT_SUPPORT
x022953	x002104	preferred	1000	0.000999000999	1	0	0	INSUFFICIENT_SUPPORT
x022953	x005072	preferred	1000	0.000999000999	1	0	0	INSUFFICIENT_SUPPORT
x022953	x005105	preferred	1000	0.000999000999	1	0	0	INSUFFICIENT_SUPPORT
x022953	x014825	preferred	1000	0.000999000999	1	0	0	INSUFFICIENT_SUPPORT
x022953	x014827	preferred	1000	0.000999000999	1	0	0	INSUFFICIENT_SUPPORT
x022953	x015281	preferred	1000	0.000999000999	1	0	0	INSUFFICIENT_SUPPORT
x022953	x017410	preferred	1000	0.000999000999	1	0	0	INSUFFICIENT_SUPPORT
x022953	x017690	preferred	1000	0.000999000999	1	0	0	INSUFFICIENT_SUPPORT
x022953	x017894	preferred	1000	0.000999000999	1	0	0	INSUFFICIENT_SUPPORT
x022953	x018497	preferred	1000	0.000999000999	1	0	0	INSUFFICIENT_SUPPORT
x022953	x018501	preferred	1000	0.000999000999	1	0	0	INSUFFICIENT_SUPPORT
x022953	x020018	preferred	1000	0.000999000999	1	0	0	INSUFFICIENT_SUPPORT
x022953	x020637	preferred	1000	0.000999000999	1	0	0	INSUFFICIENT_SUPPORT
x022953	x024074	preferred	1000	0.000999000999	1	0	0	INSUFFICIENT_SUPPORT
x022953	x025532	preferred	1000	0.000999000999	1	0	0	INSUFFICIENT_SUPPORT
x022953	x037852	preferred	1000	0.000999000999	1	0	0	INSUFFICIENT_SUPPORT
x022953	x037857	preferred	1000	0.000999000999	1	0	0	INSUFFICIENT_SUPPORT
x022953	x037859	preferred	1000	0.000999000999	1	0	0	INSUFFICIENT_SUPPORT
x022953	x037912	preferred	1000	0.000999000999	1	0	0	INSUFFICIENT_SUPPORT
x022953	x038536	preferred	1000	0.000999000999	1	0	0	INSUFFICIENT_SUPPORT
x022953	x038538	preferred	1000	0.000999000999	1	0	0	INSUFFICIENT_SUPPORT
x022953	x038542	preferred	1000	0.000999000999	1	0	0	INSUFFICIENT_SUPPORT
x022953	x041115	preferred	1000	0.000999000999	1	0	0	INSUFFICIENT_SUPPORT
x022953	x041257	preferred	1000	0.000999000999	1	0	0	INSUFFICIENT_SUPPORT
x022953	x041440	preferred	1000	0.000999000999	1	0	0	INSUFFICIENT_SUPPORT
x022953	x041610	preferred	1000	0.000999000999	1	0	0	INSUFFICIENT_SUPPORT
x022953	x042105	preferred	1000	0.000999000999	1	0	0	INSUFFICIENT_SUPPORT
x022953	x042800	preferred	1000	0.000999000999	1	0	0	INSUFFICIENT_SUPPORT
x022954	x001425	preferred	1000	0.000999000999	1	0	0	INSUFFICIENT_SUPPORT
x022954	x014830	preferred	1000	0.000999000999	1	0	0	INSUFFICIENT_SUPPORT
x022954	x015281	preferred	1000	0.000999000999	1	0	0	INSUFFICIENT_SUPPORT
x022954	x018498	preferred	1000	0.000999000999	1	0	0	INSUFFICIENT_SUPPORT
x022954	x018500	preferred	1000	0.000999000999	1	0	0	INSUFFICIENT_SUPPORT
x022954	x018502	preferred	1000	0.000999000999	1	0	0	INSUFFICIENT_SUPPORT
x022954	x018560	preferred	1000	0.000999000999	1	0	0	INSUFFICIENT_SUPPORT
x022954	x020017	preferred	1000	0.000999000999	1	0	0	INSUFFICIENT_SUPPORT
x022954	x020021	preferred	1000	0.000999000999	1	0	0	INSUFFICIENT_SUPPORT
x022954	x020022	preferred	1000	0.000999000999	1	0	0	INSUFFICIENT_SUPPORT
x022954	x024244	preferred	1000	0.000999000999	1	0	0	INSUFFICIENT_SUPPORT
x022954	x025395	preferred	1000	0.000999000999	1	0	0	INSUFFICIENT_SUPPORT
x022954	x025548	preferred	1000	0.000999000999	1	0	0	INSUFFICIENT_SUPPORT
x022954	x025785	preferred	1000	0.000999000999	1	0	0	INSUFFICIENT_SUPPORT
x022954	x036658	preferred	1000	0.000999000999	1	0	0	INSUFFICIENT_SUPPORT
x022954	x037849	preferred	1000	0.000999000999	1	0	0	INSUFFICIENT_SUPPORT
x022954	x037853	preferred	1000	0.000999000999	1	0	0	INSUFFICIENT_SUPPORT
x022954	x037854	preferred	1000	0.000999000999	1	0	0	INSUFFICIENT_SUPPORT
x022954	x037861	preferred	1000	0.000999000999	1	0	0	INSUFFICIENT_SUPPORT
x022954	x037956	preferred	1000	0.000999000999	1	0	0	INSUFFICIENT_SUPPORT
x022954	x038539	preferred	1000	0.000999000999	1	0	0	INSUFFICIENT_SUPPORT
x022954	x040208	preferred	1000	0.000999000999	1	0	0	INSUFFICIENT_SUPPORT
x022954	x041532	preferred	1000	0.000999000999	1	0	0	INSUFFICIENT_SUPPORT
x022954	x042104	preferred	1000	0.000999000999	1	0	0	INSUFFICIENT_SUPPORT
x022955	x001089	preferred	1000	0.000999000999	1	0	0	INSUFFICIENT_SUPPORT
x022955	x001425	preferred	1000	0.000999000999	1	0	0	INSUFFICIENT_SUPPORT
x022955	x002339	preferred	1000	0.000999000999	1	0	0	INSUFFICIENT_SUPPORT
x022955	x005072	preferred	1000	0.000999000999	1	0	0	INSUFFICIENT_SUPPORT
x022955	x015281	preferred	1000	0.000999000999	1	0	0	INSUFFICIENT_SUPPORT
x022955	x016969	preferred	1000	0.000999000999	1	0	0	INSUFFICIENT_SUPPORT
x022955	x017412	preferred	1000	0.000999000999	1	0	0	INSUFFICIENT_SUPPORT
x022955	x018496	preferred	1000	0.000999000999	1	0	0	INSUFFICIENT_SUPPORT
x022955	x018498	preferred	1000	0.000999000999	1	0	0	INSUFFICIENT_SUPPORT
x022955	x018499	preferred	1000	0.000999000999	1	0	0	INSUFFICIENT_SUPPORT
x022955	x018873	preferred	1000	0.000999000999	1	0	0	INSUFFICIENT_SUPPORT
x022955	x020017	preferred	1000	0.000999000999	1	0	0	INSUFFICIENT_SUPPORT
x022955	x020328	preferred	1000	0.000999000999	1	0	0	INSUFFICIENT_SUPPORT
x022955	x024075	preferred	1000	0.000999000999	1	0	0	INSUFFICIENT_SUPPORT
x022955	x025394	preferred	1000	0.000999000999	1	0	0	INSUFFICIENT_SUPPORT
x022955	x025784	preferred	1000	0.000999000999	1	0	0	INSUFFICIENT_SUPPORT
x022955	x031709	preferred	1000	0.000999000999	1	0	0	INSUFFICIENT_SUPPORT
x022955	x037848	preferred	1000	0.000999000999	1	0	0	INSUFFICIENT_SUPPORT
x022955	x037859	preferred	1000	0.000999000999	1	0	0	INSUFFICIENT_SUPPORT
x022955	x037863	preferred	1000	0.000999000999	1	0	0	INSUFFICIENT_SUPPORT
x022955	x038160	preferred	1000	0.000999000999	1	0	0	INSUFFICIENT_SUPPORT
x022955	x038539	preferred	1000	0.000999000999	1	0	0	INSUFFICIENT_SUPPORT
x022955	x040213	preferred	1000	0.000999000999	1	0	0	INSUFFICIENT_SUPPORT
x022955	x041658	preferred	1000	0.000999000999	1	0	0	INSUFFICIENT_SUPPORT
x022955	x042816	preferred	1000	0.000999000999	1	0	0	INSUFFICIENT_SUPPORT
x022956	x000106	preferred	1000	0.000999000999	1	0	0	INSUFFICIENT_SUPPORT
x022956	x000108	preferred	1000	0.000999000999	1	0	0	INSUFFICIENT_SUPPORT
x022956	x001425	preferred	1000	0.000999000999	1	0	0	INSUFFICIENT_SUPPORT
x022956	x001426	preferred	1000	0.000999000999	1	0	0	INSUFFICIENT_SUPPORT
x022956	x001635	preferred	1000	0.000999000999	1	0	0	INSUFFICIENT_SUPPORT
x022956	x002105	preferred	1000	0.000999000999	1	0	0	INSUFFICIENT_SUPPORT
x022956	x014826	preferred	1000	0.000999000999	1	0	0	INSUFFICIENT_SUPPORT
x022956	x015281	preferred	1000	0.000999000999	1	0	0	INSUFFICIENT_SUPPORT
x022956	x018496	preferred	1000	0.000999000999	1	0	0	INSUFFICIENT_SUPPORT
x022956	x018564	preferred	1000	0.000999000999	1	0	0	INSUFFICIENT_SUPPORT
x022956	x021969	preferred	1000	0.000999000999	1	0	0	INSUFFICIENT_SUPPORT
x022956	x032443	preferred	1000	0.000999000999	1	0	0	INSUFFICIENT_SUPPORT
x022956	x033098	preferred	1000	0.000999000999	1	0	0	INSUFFICIENT_SUPPORT
x022956	x037848	preferred	1000	0.000999000999	1	0	0	INSUFFICIENT_SUPPORT
x022956	x038537	preferred	1000	0.000999000999	1	0	0	INSUFFICIENT_SUPPORT
x022956	x040632	preferred	1000	0.000999000999	1	0	0	INSUFFICIENT_SUPPORT
x022956	x041609	preferred	1000	0.000999000999	1	0	0	INSUFFICIENT_SUPPORT
x022956	x042106	preferred	1000	0.000999000999	1	0	0	INSUFFICIENT_SUPPORT
x022956	x042807	preferred	1000	0.000999000999	1	0	0	INSUFFICIENT_SUPPORT
x022956	x042818	preferred	1000	0.000999000999	1	0	0	INSUFFICIENT_SUPPORT
x022957	x000104	preferred	1000	0.000999000999	1	0	0	INSUFFICIENT_SUPPORT
x022957	x010937	preferred	1000	0.000999000999	1	0	0	INSUFFICIENT_SUPPORT
x022957	x018496	preferred	1000	0.000999000999	1	0	0	INSUFFICIENT_SUPPORT
x022957	x018497	preferred	1000	0.000999000999	1	0	0	INSUFFICIENT_SUPPORT
x022957	x018499	preferred	1000	0.000999000999	1	0	0	INSUFFICIENT_SUPPORT
x022957	x018874	preferred	1000	0.000999000999	1	0	0	INSUFFICIENT_SUPPORT
x022957	x025661	preferred	1000	0.000999000999	1	0	0	INSUFFICIENT_SUPPORT
x022957	x033097	preferred	1000	0.000999000999	1	0	0	INSUFFICIENT_SUPPORT
x022957	x037857	preferred	1000	0.000999000999	1	0	0	INSUFFICIENT_SUPPORT
x022957	x037862	preferred	1000	0.000999000999	1	0	0	INSUFFICIENT_SUPPORT
x022957	x038540	preferred	1000	0.000999000999	1	0	0	INSUFFICIENT_SUPPORT
x022957	x038542	preferred	1000	0.000999000999	1	0	0	INSUFFICIENT_SUPPORT
x022957	x041662	preferred	1000	0.000999000999	1	0	0	INSUFFICIENT_SUPPORT
x022958	x001429	preferred	1000	0.000999000999	1	0	0	INSUFFICIENT_SUPPORT
x022958	x002106	preferred	1000	0.000999000999	1	0	0	INSUFFICIENT_SUPPORT
x022958	x005075	preferred	1000	0.000999000999	1	0	0	INSUFFICIENT_SUPPORT
x022958	x017376	preferred	1000	0.000999000999	1	0	0	INSUFFICIENT_SUPPORT
x022958	x018498	preferred	1000	0.000999000999	1	0	0	INSUFFICIENT_SUPPORT
x022958	x018502	preferred	1000	0.000999000999	1	0	0	INSUFFICIENT_SUPPORT
x022958	x020018	preferred	1000	0.000999000999	1	0	0	INSUFFICIENT_SUPPORT
x022958	x033881	preferred	1000	0.000999000999	1	0	0	INSUFFICIENT_SUPPORT
x022958	x037851	preferred	1000	0.000999000999	1	0	0	INSUFFICIENT_SUPPORT
x022958	x038538	preferred	1000	0.000999000999	1	0	0	INSUFFICIENT_SUPPORT
x023368	x002976	preferred	1000	0.000999000999	1	0	0	INSUFFICIENT_SUPPORT
x023368	x017376	preferred	1000	0.000999000999	1	0	0	INSUFFICIENT_SUPPORT
x023368	x017377	preferred	1000	0.000999000999	1	0	0	INSUFFICIENT_SUPPORT
x023368	x017378	preferred	1000	0.000999000999	1	0	0	INSUFFICIENT_SUPPORT
x023368	x017412	preferred	1000	0.000999000999	1	0	0	INSUFFICIENT_SUPPORT
x023368	x018501	preferred	1000	0.000999000999	1	0	0	INSUFFICIENT_SUPPORT
x023368	x022458	preferred	1000	0.000999000999	1	0	0	INSUFFICIENT_SUPPORT
x023368	x033097	preferred	1000	0.000999000999	1	0	0	INSUFFICIENT_SUPPORT
x023432	x001424	preferred	1000	0.000999000999	1	0	0	INSUFFICIENT_SUPPORT
x023432	x001427	preferred	1000	0.000999000999	1	0	0	INSUFFICIENT_SUPPORT
x023432	x002339	preferred	1000	0.000999000999	1	0	0	INSUFFICIENT_SUPPORT
x023432	x008318	preferred	1000	0.000999000999	1	0	0	INSUFFICIENT_SUPPORT
x023432	x017409	preferred	1000	0.000999000999	1	0	0	INSUFFICIENT_SUPPORT
x023432	x017888	preferred	1000	0.000999000999	1	0	0	INSUFFICIENT_SUPPORT
x023432	x024241	preferred	1000	0.000999000999	1	0	0	INSUFFICIENT_SUPPORT
x023432	x041658	preferred	1000	0.000999000999	1	0	0	INSUFFICIENT_SUPPORT
x023520	x023920	preferred	1000	0.000999000999	1	0	0	INSUFFICIENT_SUPPORT
x023520	x023922	preferred	1000	0.000999000999	1	0	0	INSUFFICIENT_SUPPORT
x023520	x023924	preferred	1000	0.000999000999	1	0	0	INSUFFICIENT_SUPPORT
x023864	x005107	preferred	1000	0.000999000999	1	0	0	INSUFFICIENT_SUPPORT
x023864	x018500	preferred	1000	0.000999000999	1	0	0	INSUFFICIENT_SUPPORT
x023864	x018872	preferred	1000	0.000999000999	1	0	0	INSUFFICIENT_SUPPORT
x023864	x024240	preferred	1000	0.000999000999	1	0	0	INSUFFICIENT_SUPPORT
x023864	x037825	preferred	1000	0.000999000999	1	0	0	INSUFFICIENT_SUPPORT
x023864	x040216	preferred	1000	0.000999000999	1	0	0	INSUFFICIENT_SUPPORT
x023865	x001424	preferred	1000	0.000999000999	1	0	0	INSUFFICIENT_SUPPORT
x023865	x002339	preferred	1000	0.000999000999	1	0	0	INSUFFICIENT_SUPPORT
x023865	x014824	preferred	1000	0.000999000999	1	0	0	INSUFFICIENT_SUPPORT
x023865	x018496	preferred	1000	0.000999000999	1	0	0	INSUFFICIENT_SUPPORT
x023865	x037824	preferred	1000	0.000999000999	1	0	0	INSUFFICIENT_SUPPORT
x023865	x038538	preferred	1000	0.000999000999	1	0	0	INSUFFICIENT_SUPPORT
x023867	x018498	preferred	1000	0.000999000999	1	0	0	INSUFFICIENT_SUPPORT
x023867	x024244	preferred	1000	0.000999000999	1	0	0	INSUFFICIENT_SUPPORT
x023867	x025393	preferred	1000	0.000999000999	1	0	0	INSUFFICIENT_SUPPORT
x023867	x037824	preferred	1000	0.000999000999	1	0	0	INSUFFICIENT_SUPPORT
x023867	x037825	preferred	1000	0.000999000999	1	0	0	INSUFFICIENT_SUPPORT
x023920	x001424	preferred	1000	0.000999000999	1	0	0	INSUFFICIENT_SUPPORT
x023920	x005075	preferred	1000	0.000999000999	1	0	0	INSUFFICIENT_SUPPORT
x023920	x005235	preferred	1000	0.000999000999	1	0	0	INSUFFICIENT_SUPPORT
x023920	x016896	preferred	1000	0.000999000999	1	0	0	INSUFFICIENT_SUPPORT
x023920	x017409	preferred	1000	0.000999000999	1	0	0	INSUFFICIENT_SUPPORT
x023920	x018498	preferred	1000	0.000999000999	1	0	0	INSUFFICIENT_SUPPORT
x023920	x019937	preferred	1000	0.000999000999	1	0	0	INSUFFICIENT_SUPPORT
x023920	x019942	preferred	1000	0.000999000999	1	0	0	INSUFFICIENT_SUPPORT
x023920	x020022	preferred	1000	0.000999000999	1	0	0	INSUFFICIENT_SUPPORT
x023920	x031617	preferred	1000	0.000999000999	1	0	0	INSUFFICIENT_SUPPORT
x023920	x031621	preferred	1000	0.000999000999	1	0	0	INSUFFICIENT_SUPPORT
x023920	x037848	preferred	1000	0.000999000999	1	0	0	INSUFFICIENT_SUPPORT
x023920	x041119	preferred	1000	0.000999000999	1	0	0	INSUFFICIENT_SUPPORT
x023920	x042107	preferred	1000	0.000999000999	1	0	0	INSUFFICIENT_SUPPORT
x023922	x001424	preferred	1000	0.000999000999	1	0	0	INSUFFICIENT_SUPPORT
x023922	x008312	preferred	1000	0.000999000999	1	0	0	INSUFFICIENT_SUPPORT
x023922	x016896	preferred	1000	0.000999000999	1	0	0	INSUFFICIENT_SUPPORT
x023922	x025393	preferred	1000	0.000999000999	1	0	0	INSUFFICIENT_SUPPORT
x023922	x025658	preferred	1000	0.000999000999	1	0	0	INSUFFICIENT_SUPPORT
x023922	x031618	preferred	1000	0.000999000999	1	0	0	INSUFFICIENT_SUPPORT
x023922	x031619	preferred	1000	0.000999000999	1	0	0	INSUFFICIENT_SUPPORT
x023922	x031622	preferred	1000	0.000999000999	1	0	0	INSUFFICIENT_SUPPORT
x023922	x041259	preferred	1000	0.000999000999	1	0	0	INSUFFICIENT_SUPPORT
x023924	x002609	preferred	1000	0.000999000999	1	0	0	INSUFFICIENT_SUPPORT
x023924	x005072	preferred	1000	0.000999000999	1	0	0	INSUFFICIENT_SUPPORT
x023924	x016897	preferred	1000	0.000999000999	1	0	0	INSUFFICIENT_SUPPORT
x023924	x017409	preferred	1000	0.000999000999	1	0	0	INSUFFICIENT_SUPPORT
x023924	x017413	preferred	1000	0.000999000999	1	0	0	INSUFFICIENT_SUPPORT
x023924	x031618	preferred	1000	0.000999000999	1	0	0	INSUFFICIENT_SUPPORT
x023924	x031620	preferred	1000	0.000999000999	1	0	0	INSUFFICIENT_SUPPORT
x023924	x041116	preferred	1000	0.000999000999	1	0	0	INSUFFICIENT_SUPPORT
x024072	x017992	preferred	1000	0.000999000999	1	0	0	INSUFFICIENT_SUPPORT
x024072	x033304	preferred	1000	0.000999000999	1	0	0	INSUFFICIENT_SUPPORT
x024072	x033308	preferred	1000	0.000999000999	1	0	0	INSUFFICIENT_SUPPORT
x024072	x037809	preferred	1000	0.000999000999	1	0	0	INSUFFICIENT_SUPPORT
x024073	x017993	preferred	1000	0.000999000999	1	0	0	INSUFFICIENT_SUPPORT
x024073	x033304	preferred	1000	0.000999000999	1	0	0	INSUFFICIENT_SUPPORT
x024073	x033305	preferred	1000	0.000999000999	1	0	0	INSUFFICIENT_SUPPORT
x024073	x037809	preferred	1000	0.000999000999	1	0	0	INSUFFICIENT_SUPPORT
x024074	x017993	preferred	1000	0.000999000999	1	0	0	INSUFFICIENT_SUPPORT
x024075	x020248	preferred	1000	0.000999000999	1	0	0	INSUFFICIENT_SUPPORT
x024075	x033304	preferred	1000	0.000999000999	1	0	0	INSUFFICIENT_SUPPORT
x024088	x002106	preferred	1000	0.000999000999	1	0	0	INSUFFICIENT_SUPPORT
x024088	x002108	preferred	1000	0.000999000999	1	0	0	INSUFFICIENT_SUPPORT
x024088	x014827	preferred	1000	0.000999000999	1	0	0	INSUFFICIENT_SUPPORT
x024088	x021562	preferred	1000	0.000999000999	1	0	0	INSUFFICIENT_SUPPORT
x024088	x038539	preferred	1000	0.000999000999	1	0	0	INSUFFICIENT_SUPPORT
x024089	x002109	preferred	1000	0.000999000999	1	0	0	INSUFFICIENT_SUPPORT
x024089	x014824	preferred	1000	0.000999000999	1	0	0	INSUFFICIENT_SUPPORT
x024089	x023865	preferred	1000	0.000999000999	1	0	0	INSUFFICIENT_SUPPORT
x024089	x023867	preferred	1000	0.000999000999	1	0	0	INSUFFICIENT_SUPPORT
x024089	x024074	preferred	1000	0.000999000999	1	0	0	INSUFFICIENT_SUPPORT
x024089	x038538	preferred	1000	0.000999000999	1	0	0	INSUFFICIENT_SUPPORT
x024089	x038541	preferred	1000	0.000999000999	1	0	0	INSUFFICIENT_SUPPORT
x024089	x041260	preferred	1000	0.000999000999	1	0	0	INSUFFICIENT_SUPPORT
x024200	x002978	preferred	1000	0.000999000999	1	0	0	INSUFFICIENT_SUPPORT
x024200	x002979	preferred	1000	0.000999000999	1	0	0	INSUFFICIENT_SUPPORT
x024200	x002981	preferred	1000	0.000999000999	1	0	0	INSUFFICIENT_SUPPORT
x024200	x007098	preferred	1000	0.000999000999	1	0	0	INSUFFICIENT_SUPPORT
x024200	x017376	preferred	1000	0.000999000999	1	0	0	INSUFFICIENT_SUPPORT
x024200	x017377	preferred	1000	0.000999000999	1	0	0	INSUFFICIENT_SUPPORT
x024200	x017378	preferred	1000	0.000999000999	1	0	0	INSUFFICIENT_SUPPORT
x024200	x017381	preferred	1000	0.000999000999	1	0	0	INSUFFICIENT_SUPPORT
x024200	x024931	preferred	1000	0.000999000999	1	0	0	INSUFFICIENT_SUPPORT
x024201	x001090	preferred	1000	0.000999000999	1	0	0	INSUFFICIENT_SUPPORT
x024201	x002977	preferred	1000	0.000999000999	1	0	0	INSUFFICIENT_SUPPORT
x024201	x002978	preferred	1000	0.000999000999	1	0	0	INSUFFICIENT_SUPPORT
x024201	x002982	preferred	1000	0.000999000999	1	0	0	INSUFFICIENT_SUPPORT
x024201	x017378	preferred	1000	0.000999000999	1	0	0	INSUFFICIENT_SUPPORT
x024201	x018256	preferred	1000	0.000999000999	1	0	0	INSUFFICIENT_SUPPORT
x024201	x020328	preferred	1000	0.000999000999	1	0	0	INSUFFICIENT_SUPPORT
x024201	x024931	preferred	1000	0.000999000999	1	0	0	INSUFFICIENT_SUPPORT
x024202	x002977	preferred	1000	0.000999000999	1	0	0	INSUFFICIENT_SUPPORT
x024202	x002978	preferred	1000	0.000999000999	1	0	0	INSUFFICIENT_SUPPORT
x024202	x017379	preferred	1000	0.000999000999	1	0	0	INSUFFICIENT_SUPPORT
x024202	x024928	preferred	1000	0.000999000999	1	0	0	INSUFFICIENT_SUPPORT
x024203	x002978	preferred	1000	0.000999000999	1	0	0	INSUFFICIENT_SUPPORT
x024203	x017378	preferred	1000	0.000999000999	1	0	0	INSUFFICIENT_SUPPORT
x024203	x018498	preferred	1000	0.000999000999	1	0	0	INSUFFICIENT_SUPPORT
x024203	x024929	preferred	1000	0.000999000999	1	0	0	INSUFFICIENT_SUPPORT
x024203	x024930	preferred	1000	0.000999000999	1	0	0	INSUFFICIENT_SUPPORT
x024203	x024931	preferred	1000	0.000999000999	1	0	0	INSUFFICIENT_SUPPORT
x024240	x017032	preferred	1000	1	1	0	0.5126136385	INSUFFICIENT_SUPPORT
x024240	x017033	preferred	1000	1	1	0	0.9134237594	INSUFFICIENT_SUPPORT
x024240	x017488	preferred	1000	0.00999000999	1	1	0.5126136385	INSUFFICIENT_SUPPORT
x024240	x021785	preferred	1000	1	1	0	0.8684713968	INSUFFICIENT_SUPPORT
x024240	x022524	preferred	1000	1	1	0	0.6030521877	INSUFFICIENT_SUPPORT
x024240	x023432	preferred	1000	1	1	0	0.5126136385	INSUFFICIENT_SUPPORT
x024240	x026008	preferred	1000	1	1	0	0.5126136385	INSUFFICIENT_SUPPORT
x024240	x033601	preferred	1000	1	1	0	0.8684713968	INSUFFICIENT_SUPPORT
x024240	x038440	preferred	1000	1	1	0	0.5126136385	INSUFFICIENT_SUPPORT
x024241	x005553	preferred	1000	0.000999000999	1	0	0	INSUFFICIENT_SUPPORT
x024241	x014362	preferred	1000	0.000999000999	1	0	0	INSUFFICIENT_SUPPORT
x024241	x021784	preferred	1000	0.000999000999	1	0	0	INSUFFICIENT_SUPPORT
x024241	x025489	preferred	1000	0.000999000999	1	0	0	INSUFFICIENT_SUPPORT
x024241	x039082	preferred	1000	0.000999000999	1	0	0	INSUFFICIENT_SUPPORT
x024241	x041243	preferred	1000	0.000999000999	1	0	0	INSUFFICIENT_SUPPORT
x024242	x004729	preferred	1000	1	1	0	0.96278891	INSUFFICIENT_SUPPORT
x024242	x017488	preferred	1000	1	1	0	0.5522364808	INSUFFICIENT_SUPPORT
x024242	x022521	preferred	1000	1	1	0	0.5522364808	INSUFFICIENT_SUPPORT
x024242	x023432	preferred	1000	1	1	0	0.5522364808	INSUFFICIENT_SUPPORT
x024242	x034241	preferred	1000	1	1	0	0.5522364808	INSUFFICIENT_SUPPORT
x024242	x041241	preferred	1000	0.007992007992	1	1	0.5522364808	INSUFFICIENT_SUPPORT
x024242	x042282	preferred	1000	1	1	0	0.5522364808	INSUFFICIENT_SUPPORT
x024243	x004729	preferred	1000	0.000999000999	1	0	0	INSUFFICIENT_SUPPORT
x024243	x023432	preferred	1000	0.000999000999	1	0	0	INSUFFICIENT_SUPPORT
x024243	x026008	preferred	1000	0.000999000999	1	0	0	INSUFFICIENT_SUPPORT
x024243	x041240	preferred	1000	0.000999000999	1	0	0	INSUFFICIENT_SUPPORT
x024244	x004729	preferred	1000	0.000999000999	1	0	0	INSUFFICIENT_SUPPORT
x024244	x022520	preferred	1000	0.000999000999	1	0	0	INSUFFICIENT_SUPPORT
x024245	x004729	preferred	1000	0.000999000999	1	0	0	INSUFFICIENT_SUPPORT
x024245	x017488	preferred	1000	0.000999000999	1	0	0	INSUFFICIENT_SUPPORT
x024245	x021786	preferred	1000	0.000999000999	1	0	0	INSUFFICIENT_SUPPORT
x024245	x040637	preferred	1000	0.000999000999	1	0	0	INSUFFICIENT_SUPPORT
x024246	x017032	preferred	1000	0.000999000999	1	0	0	INSUFFICIENT_SUPPORT
x024246	x025550	preferred	1000	0.000999000999	1	0	0	INSUFFICIENT_SUPPORT
x024246	x038443	preferred	1000	0.000999000999	1	0	0	INSUFFICIENT_SUPPORT
x024247	x022524	preferred	1000	0.000999000999	1	0	0	INSUFFICIENT_SUPPORT
x024248	x000106	preferred	1000	0.000999000999	1	0	0	INSUFFICIENT_SUPPORT
x024248	x002609	preferred	1000	0.000999000999	1	0	0	INSUFFICIENT_SUPPORT
x024248	x005074	preferred	1000	0.000999000999	1	0	0	INSUFFICIENT_SUPPORT
x024248	x018499	preferred	1000	0.000999000999	1	0	0	INSUFFICIENT_SUPPORT
x024248	x018503	preferred	1000	0.000999000999	1	0	0	INSUFFICIENT_SUPPORT
x024248	x018564	preferred	1000	0.000999000999	1	0	0	INSUFFICIENT_SUPPORT
x024248	x018872	preferred	1000	0.000999000999	1	0	0	INSUFFICIENT_SUPPORT
x024248	x018875	preferred	1000	0.000999000999	1	0	0	INSUFFICIENT_SUPPORT
x024248	x024240	preferred	1000	0.000999000999	1	0	0	INSUFFICIENT_SUPPORT
x024248	x034497	preferred	1000	0.000999000999	1	0	0	INSUFFICIENT_SUPPORT
x024248	x034502	preferred	1000	0.000999000999	1	0	0	INSUFFICIENT_SUPPORT
x024248	x038538	preferred	1000	0.000999000999	1	0	0	INSUFFICIENT_SUPPORT
x024248	x041585	preferred	1000	0.000999000999	1	0	0	INSUFFICIENT_SUPPORT
x024664	x005232	preferred	1000	0.000999000999	1	0	0	INSUFFICIENT_SUPPORT
x024664	x014827	preferred	1000	0.000999000999	1	0	0	INSUFFICIENT_SUPPORT
x024664	x017376	preferred	1000	0.000999000999	1	0	0	INSUFFICIENT_SUPPORT
x024664	x038541	preferred	1000	0.000999000999	1	0	0	INSUFFICIENT_SUPPORT
x024667	x017376	preferred	1000	0.000999000999	1	0	0	INSUFFICIENT_SUPPORT
x024667	x018873	preferred	1000	0.000999000999	1	0	0	INSUFFICIENT_SUPPORT
x024667	x038541	preferred	1000	0.000999000999	1	0	0	INSUFFICIENT_SUPPORT
x024736	x000106	preferred	1000	0.000999000999	1	0	0	INSUFFICIENT_SUPPORT
x024736	x000107	preferred	1000	0.000999000999	1	0	0	INSUFFICIENT_SUPPORT
x024736	x001425	preferred	1000	0.000999000999	1	0	0	INSUFFICIENT_SUPPORT
x024736	x017888	preferred	1000	0.000999000999	1	0	0	INSUFFICIENT_SUPPORT
x024736	x018496	preferred	1000	0.000999000999	1	0	0	INSUFFICIENT_SUPPORT
x024736	x024803	preferred	1000	0.000999000999	1	0	0	INSUFFICIENT_SUPPORT
x024736	x025393	preferred	1000	0.000999000999	1	0	0	INSUFFICIENT_SUPPORT
x024736	x031617	preferred	1000	0.000999000999	1	0	0	INSUFFICIENT_SUPPORT
x024736	x038107	preferred	1000	0.000999000999	1	0	0	INSUFFICIENT_SUPPORT
x024736	x041260	preferred	1000	0.000999000999	1	0	0	INSUFFICIENT_SUPPORT
x024737	x001427	preferred	1000	0.000999000999	1	0	0	INSUFFICIENT_SUPPORT
x024737	x001428	preferred	1000	0.000999000999	1	0	0	INSUFFICIENT_SUPPORT
x024737	x017288	preferred	1000	0.000999000999	1	0	0	INSUFFICIENT_SUPPORT
x024737	x017994	preferred	1000	0.000999000999	1	0	0	INSUFFICIENT_SUPPORT
x024737	x018496	preferred	1000	0.000999000999	1	0	0	INSUFFICIENT_SUPPORT
x024737	x031618	preferred	1000	0.000999000999	1	0	0	INSUFFICIENT_SUPPORT
x024737	x031619	preferred	1000	0.000999000999	1	0	0	INSUFFICIENT_SUPPORT
x024737	x032992	preferred	1000	0.000999000999	1	0	0	INSUFFICIENT_SUPPORT
x024737	x037849	preferred	1000	0.000999000999	1	0	0	INSUFFICIENT_SUPPORT
x024737	x037859	preferred	1000	0.000999000999	1	0	0	INSUFFICIENT_SUPPORT
x024737	x038536	preferred	1000	0.000999000999	1	0	0	INSUFFICIENT_SUPPORT
x024737	x038537	preferred	1000	0.000999000999	1	0	0	INSUFFICIENT_SUPPORT
x024737	x041113	preferred	1000	0.000999000999	1	0	0	INSUFFICIENT_SUPPORT
x024738	x001424	preferred	1000	0.000999000999	1	0	0	INSUFFICIENT_SUPPORT
x024738	x001426	preferred	1000	0.000999000999	1	0	0	INSUFFICIENT_SUPPORT
x024738	x001431	preferred	1000	0.000999000999	1	0	0	INSUFFICIENT_SUPPORT
x024738	x005073	preferred	1000	0.000999000999	1	0	0	INSUFFICIENT_SUPPORT
x024738	x017412	preferred	1000	0.000999000999	1	0	0	INSUFFICIENT_SUPPORT
x024738	x018500	preferred	1000	0.000999000999	1	0	0	INSUFFICIENT_SUPPORT
x024738	x025393	preferred	1000	0.000999000999	1	0	0	INSUFFICIENT_SUPPORT
x024738	x033099	preferred	1000	0.000999000999	1	0	0	INSUFFICIENT_SUPPORT
x024738	x037854	preferred	1000	0.000999000999	1	0	0	INSUFFICIENT_SUPPORT
x024738	x037856	preferred	1000	0.000999000999	1	0	0	INSUFFICIENT_SUPPORT
x024738	x041113	preferred	1000	0.000999000999	1	0	0	INSUFFICIENT_SUPPORT
x024739	x002340	preferred	1000	0.000999000999	1	0	0	INSUFFICIENT_SUPPORT
x024739	x017410	preferred	1000	0.000999000999	1	0	0	INSUFFICIENT_SUPPORT
x024739	x017694	preferred	1000	0.000999000999	1	0	0	INSUFFICIENT_SUPPORT
x024739	x018563	preferred	1000	0.000999000999	1	0	0	INSUFFICIENT_SUPPORT
x024739	x020017	preferred	1000	0.000999000999	1	0	0	INSUFFICIENT_SUPPORT
x024739	x025763	preferred	1000	0.000999000999	1	0	0	INSUFFICIENT_SUPPORT
x024739	x031620	preferred	1000	0.000999000999	1	0	0	INSUFFICIENT_SUPPORT
x024739	x038539	preferred	1000	0.000999000999	1	0	0	INSUFFICIENT_SUPPORT
x024739	x041261	preferred	1000	0.000999000999	1	0	0	INSUFFICIENT_SUPPORT
x024739	x042109	preferred	1000	0.000999000999	1	0	0	INSUFFICIENT_SUPPORT
x024739	x042800	preferred	1000	0.000999000999	1	0	0	INSUFFICIENT_SUPPORT
x024800	x000105	preferred	1000	0.000999000999	1	0	0	INSUFFICIENT_SUPPORT
x024800	x018496	preferred	1000	0.000999000999	1	0	0	INSUFFICIENT_SUPPORT
x024800	x018497	preferred	1000	0.000999000999	1	0	0	INSUFFICIENT_SUPPORT
x024800	x022523	preferred	1000	0.000999000999	1	0	0	INSUFFICIENT_SUPPORT
x024800	x025546	preferred	1000	0.000999000999	1	0	0	INSUFFICIENT_SUPPORT
x024800	x025548	preferred	1000	0.000999000999	1	0	0	INSUFFICIENT_SUPPORT
x024800	x025737	preferred	1000	0.000999000999	1	0	0	INSUFFICIENT_SUPPORT
x024800	x040635	preferred	1000	0.000999000999	1	0	0	INSUFFICIENT_SUPPORT
x024800	x041258	preferred	1000	0.000999000999	1	0	0	INSUFFICIENT_SUPPORT
x024800	x042801	preferred	1000	0.000999000999	1	0	0	INSUFFICIENT_SUPPORT
x024801	x016449	preferred	1000	0.000999000999	1	0	0	INSUFFICIENT_SUPPORT
x024801	x018497	preferred	1000	0.000999000999	1	0	0	INSUFFICIENT_SUPPORT
x024801	x018502	preferred	1000	0.000999000999	1	0	0	INSUFFICIENT_SUPPORT
x024801	x020018	preferred	1000	0.000999000999	1	0	0	INSUFFICIENT_SUPPORT
x024801	x025544	preferred	1000	0.000999000999	1	0	0	INSUFFICIENT_SUPPORT
x024801	x037857	preferred	1000	0.000999000999	1	0	0	INSUFFICIENT_SUPPORT
x024802	x018499	preferred	1000	0.000999000999	1	0	0	INSUFFICIENT_SUPPORT
x024802	x023864	preferred	1000	0.000999000999	1	0	0	INSUFFICIENT_SUPPORT
x024802	x024800	preferred	1000	0.000999000999	1	0	0	INSUFFICIENT_SUPPORT
x024802	x024802	preferred	1000	0.000999000999	1	0	0	INSUFFICIENT_SUPPORT
x024802	x025544	preferred	1000	0.000999000999	1	0	0	INSUFFICIENT_SUPPORT
x024802	x025546	preferred	1000	0.000999000999	1	0	0	INSUFFICIENT_SUPPORT
x024802	x025547	preferred	1000	0.000999000999	1	0	0	INSUFFICIENT_SUPPORT
x024802	x025736	preferred	1000	0.000999000999	1	0	0	INSUFFICIENT_SUPPORT
x024802	x042801	preferred	1000	0.000999000999	1	0	0	INSUFFICIENT_SUPPORT
x024803	x005073	preferred	1000	0.000999000999	1	0	0	INSUFFICIENT_SUPPORT
x024803	x016449	preferred	1000	0.000999000999	1	0	0	INSUFFICIENT_SUPPORT
x024803	x017032	preferred	1000	0.000999000999	1	0	0	INSUFFICIENT_SUPPORT
x024803	x018497	preferred	1000	0.000999000999	1	0	0	INSUFFICIENT_SUPPORT
x024803	x018499	preferred	1000	0.000999000999	1	0	0	INSUFFICIENT_SUPPORT
x024803	x024800	preferred	1000	0.000999000999	1	0	0	INSUFFICIENT_SUPPORT
x024803	x025544	preferred	1000	0.000999000999	1	0	0	INSUFFICIENT_SUPPORT
x024803	x025549	preferred	1000	0.000999000999	1	0	0	INSUFFICIENT_SUPPORT
x024803	x025736	preferred	1000	0.000999000999	1	0	0	INSUFFICIENT_SUPPORT
x024804	x018498	preferred	1000	0.000999000999	1	0	0	INSUFFICIENT_SUPPORT
x024804	x018501	preferred	1000	0.000999000999	1	0	0	INSUFFICIENT_SUPPORT
x024804	x020017	preferred	1000	0.000999000999	1	0	0	INSUFFICIENT_SUPPORT
x024804	x023867	preferred	1000	0.000999000999	1	0	0	INSUFFICIENT_SUPPORT
x024804	x042803	preferred	1000	0.000999000999	1	0	0	INSUFFICIENT_SUPPORT
x024805	x016448	preferred	1000	0.000999000999	1	0	0	INSUFFICIENT_SUPPORT
x024805	x018499	preferred	1000	0.000999000999	1	0	0	INSUFFICIENT_SUPPORT
x024805	x025547	preferred	1000	0.000999000999	1	0	0	INSUFFICIENT_SUPPORT
x024805	x041256	preferred	1000	0.000999000999	1	0	0	INSUFFICIENT_SUPPORT
x024806	x016448	preferred	1000	0.000999000999	1	0	0	INSUFFICIENT_SUPPORT
x024928	x002976	preferred	1000	0.000999000999	1	0	0	INSUFFICIENT_SUPPORT
x024928	x003196	preferred	1000	0.000999000999	1	0	0	INSUFFICIENT_SUPPORT
x024928	x005072	preferred	1000	0.000999000999	1	0	0	INSUFFICIENT_SUPPORT
x024928	x014828	preferred	1000	0.000999000999	1	0	0	INSUFFICIENT_SUPPORT
x024928	x020637	preferred	1000	0.000999000999	1	0	0	INSUFFICIENT_SUPPORT
x024928	x023432	preferred	1000	0.000999000999	1	0	0	INSUFFICIENT_SUPPORT
x024928	x025010	preferred	1000	0.000999000999	1	0	0	INSUFFICIENT_SUPPORT
x024928	x025544	preferred	1000	0.000999000999	1	0	0	INSUFFICIENT_SUPPORT
x024928	x025548	preferred	1000	0.000999000999	1	0	0	INSUFFICIENT_SUPPORT
x024928	x025554	preferred	1000	0.000999000999	1	0	0	INSUFFICIENT_SUPPORT
x024928	x037858	preferred	1000	0.000999000999	1	0	0	INSUFFICIENT_SUPPORT
x024928	x038057	preferred	1000	0.000999000999	1	0	0	INSUFFICIENT_SUPPORT
x024928	x038537	preferred	1000	0.000999000999	1	0	0	INSUFFICIENT_SUPPORT
x024928	x038538	preferred	1000	0.000999000999	1	0	0	INSUFFICIENT_SUPPORT
x024928	x038540	preferred	1000	0.000999000999	1	0	0	INSUFFICIENT_SUPPORT
x024928	x038541	preferred	1000	0.000999000999	1	0	0	INSUFFICIENT_SUPPORT
x024928	x040634	preferred	1000	0.000999000999	1	0	0	INSUFFICIENT_SUPPORT
x024929	x000105	preferred	1000	0.000999000999	1	0	0	INSUFFICIENT_SUPPORT
x024929	x000106	preferred	1000	0.000999000999	1	0	0	INSUFFICIENT_SUPPORT
x024929	x000107	preferred	1000	0.000999000999	1	0	0	INSUFFICIENT_SUPPORT
x024929	x002341	preferred	1000	0.000999000999	1	0	0	INSUFFICIENT_SUPPORT
x024929	x002976	preferred	1000	0.000999000999	1	0	0	INSUFFICIENT_SUPPORT
x024929	x002978	preferred	1000	0.000999000999	1	0	0	INSUFFICIENT_SUPPORT
x024929	x003192	preferred	1000	0.000999000999	1	0	0	INSUFFICIENT_SUPPORT
x024929	x012816	preferred	1000	0.000999000999	1	0	0	INSUFFICIENT_SUPPORT
x024929	x017378	preferred	1000	0.000999000999	1	0	0	INSUFFICIENT_SUPPORT
x024929	x020633	preferred	1000	0.000999000999	1	0	0	INSUFFICIENT_SUPPORT
x024929	x021562	preferred	1000	0.000999000999	1	0	0	INSUFFICIENT_SUPPORT
x024929	x024074	preferred	1000	0.000999000999	1	0	0	INSUFFICIENT_SUPPORT
x024929	x025395	preferred	1000	0.000999000999	1	0	0	INSUFFICIENT_SUPPORT
x024929	x025552	preferred	1000	0.000999000999	1	0	0	INSUFFICIENT_SUPPORT
x024929	x031709	preferred	1000	0.000999000999	1	0	0	INSUFFICIENT_SUPPORT
x024929	x037953	preferred	1000	0.000999000999	1	0	0	INSUFFICIENT_SUPPORT
x024929	x038537	preferred	1000	0.000999000999	1	0	0	INSUFFICIENT_SUPPORT
x024929	x040636	preferred	1000	0.000999000999	1	0	0	INSUFFICIENT_SUPPORT
x024930	x000106	preferred	1000	0.000999000999	1	0	0	INSUFFICIENT_SUPPORT
x024930	x002337	preferred	1000	0.000999000999	1	0	0	INSUFFICIENT_SUPPORT
x024930	x002340	preferred	1000	0.000999000999	1	0	0	INSUFFICIENT_SUPPORT
x024930	x002976	preferred	1000	0.000999000999	1	0	0	INSUFFICIENT_SUPPORT
x024930	x010938	preferred	1000	0.000999000999	1	0	0	INSUFFICIENT_SUPPORT
x024930	x017376	preferred	1000	0.000999000999	1	0	0	INSUFFICIENT_SUPPORT
x024930	x017378	preferred	1000	0.000999000999	1	0	0	INSUFFICIENT_SUPPORT
x024930	x017379	preferred	1000	0.000999000999	1	0	0	INSUFFICIENT_SUPPORT
x024930	x018875	preferred	1000	0.000999000999	1	0	0	INSUFFICIENT_SUPPORT
x024930	x034498	preferred	1000	0.000999000999	1	0	0	INSUFFICIENT_SUPPORT
x024930	x037848	preferred	1000	0.000999000999	1	0	0	INSUFFICIENT_SUPPORT
x024930	x037859	preferred	1000	0.000999000999	1	0	0	INSUFFICIENT_SUPPORT
x024930	x038057	preferred	1000	0.000999000999	1	0	0	INSUFFICIENT_SUPPORT
x024930	x038536	preferred	1000	0.000999000999	1	0	0	INSUFFICIENT_SUPPORT
x024930	x040636	preferred	1000	0.000999000999	1	0	0	INSUFFICIENT_SUPPORT
x024931	x000104	preferred	1000	0.000999000999	1	0	0	INSUFFICIENT_SUPPORT
x024931	x000106	preferred	1000	0.000999000999	1	0	0	INSUFFICIENT_SUPPORT
x024931	x002336	preferred	1000	0.000999000999	1	0	0	INSUFFICIENT_SUPPORT
x024931	x002977	preferred	1000	0.000999000999	1	0	0	INSUFFICIENT_SUPPORT
x024931	x005074	preferred	1000	0.000999000999	1	0	0	INSUFFICIENT_SUPPORT
x024931	x005076	preferred	1000	0.000999000999	1	0	0	INSUFFICIENT_SUPPORT
x024931	x017376	preferred	1000	0.000999000999	1	0	0	INSUFFICIENT_SUPPORT
x024931	x017409	preferred	1000	0.000999000999	1	0	0	INSUFFICIENT_SUPPORT
x024931	x020632	preferred	1000	0.000999000999	1	0	0	INSUFFICIENT_SUPPORT
x024931	x020633	preferred	1000	0.000999000999	1	0	0	INSUFFICIENT_SUPPORT
x024931	x021968	preferred	1000	0.000999000999	1	0	0	INSUFFICIENT_SUPPORT
x024931	x025553	preferred	1000	0.000999000999	1	0	0	INSUFFICIENT_SUPPORT
x024932	x001393	preferred	1000	0.000999000999	1	0	0	INSUFFICIENT_SUPPORT
x024932	x002338	preferred	1000	0.000999000999	1	0	0	INSUFFICIENT_SUPPORT
x024932	x005076	preferred	1000	0.000999000999	1	0	0	INSUFFICIENT_SUPPORT
x024932	x018258	preferred	1000	0.000999000999	1	0	0	INSUFFICIENT_SUPPORT
x024932	x023432	preferred	1000	0.000999000999	1	0	0	INSUFFICIENT_SUPPORT
x024932	x025552	preferred	1000	0.000999000999	1	0	0	INSUFFICIENT_SUPPORT
x024932	x034502	preferred	1000	0.000999000999	1	0	0	INSUFFICIENT_SUPPORT
x024932	x038539	preferred	1000	0.000999000999	1	0	0	INSUFFICIENT_SUPPORT
x024932	x038541	preferred	1000	0.000999000999	1	0	0	INSUFFICIENT_SUPPORT
x024933	x000109	preferred	1000	0.000999000999	1	0	0	INSUFFICIENT_SUPPORT
x024933	x015801	preferred	1000	0.000999000999	1	0	0	INSUFFICIENT_SUPPORT
x024933	x017376	preferred	1000	0.000999000999	1	0	0	INSUFFICIENT_SUPPORT
x024933	x017377	preferred	1000	0.000999000999	1	0	0	INSUFFICIENT_SUPPORT
x024933	x032443	preferred	1000	0.000999000999	1	0	0	INSUFFICIENT_SUPPORT
x024933	x034496	preferred	1000	0.000999000999	1	0	0	INSUFFICIENT_SUPPORT
x024933	x034502	preferred	1000	0.000999000999	1	0	0	INSUFFICIENT_SUPPORT
x025008	x001428	preferred	1000	0.000999000999	1	0	0	INSUFFICIENT_SUPPORT
x025008	x002104	preferred	1000	0.000999000999	1	0	0	INSUFFICIENT_SUPPORT
x025008	x007098	preferred	1000	0.000999000999	1	0	0	INSUFFICIENT_SUPPORT
x025008	x017411	preferred	1000	0.000999000999	1	0	0	INSUFFICIENT_SUPPORT
x025008	x018258	preferred	1000	0.000999000999	1	0	0	INSUFFICIENT_SUPPORT
x025008	x018499	preferred	1000	0.000999000999	1	0	0	INSUFFICIENT_SUPPORT
x025008	x018500	preferred	1000	0.000999000999	1	0	0	INSUFFICIENT_SUPPORT
x025008	x018501	preferred	1000	0.000999000999	1	0	0	INSUFFICIENT_SUPPORT
x025008	x037860	preferred	1000	0.000999000999	1	0	0	INSUFFICIENT_SUPPORT
x025009	x001426	preferred	1000	0.000999000999	1	0	0	INSUFFICIENT_SUPPORT
x025009	x018497	preferred	1000	0.000999000999	1	0	0	INSUFFICIENT_SUPPORT
x025009	x018498	preferred	1000	0.000999000999	1	0	0	INSUFFICIENT_SUPPORT
x025009	x020021	preferred	1000	0.000999000999	1	0	0	INSUFFICIENT_SUPPORT
x025009	x037848	preferred	1000	0.000999000999	1	0	0	INSUFFICIENT_SUPPORT
x025009	x037853	preferred	1000	0.000999000999	1	0	0	INSUFFICIENT_SUPPORT
x025009	x041258	preferred	1000	0.000999000999	1	0	0	INSUFFICIENT_SUPPORT
x025009	x041530	preferred	1000	0.000999000999	1	0	0	INSUFFICIENT_SUPPORT
x025010	x001425	preferred	1000	0.000999000999	1	0	0	INSUFFICIENT_SUPPORT
x025010	x018501	preferred	1000	0.000999000999	1	0	0	INSUFFICIENT_SUPPORT
x025010	x020017	preferred	1000	0.000999000999	1	0	0	INSUFFICIENT_SUPPORT
x025010	x025659	preferred	1000	0.000999000999	1	0	0	INSUFFICIENT_SUPPORT
x025010	x033099	preferred	1000	0.000999000999	1	0	0	INSUFFICIENT_SUPPORT
x025010	x037955	preferred	1000	0.000999000999	1	0	0	INSUFFICIENT_SUPPORT
x025010	x038536	preferred	1000	0.000999000999	1	0	0	INSUFFICIENT_SUPPORT
x025011	x002106	preferred	1000	0.000999000999	1	0	0	INSUFFICIENT_SUPPORT
x025011	x017409	preferred	1000	0.000999000999	1	0	0	INSUFFICIENT_SUPPORT
x025011	x017412	preferred	1000	0.000999000999	1	0	0	INSUFFICIENT_SUPPORT
x025011	x018565	preferred	1000	0.000999000999	1	0	0	INSUFFICIENT_SUPPORT
x025011	x025657	preferred	1000	0.000999000999	1	0	0	INSUFFICIENT_SUPPORT
x025011	x037853	preferred	1000	0.000999000999	1	0	0	INSUFFICIENT_SUPPORT
x025011	x037861	preferred	1000	0.000999000999	1	0	0	INSUFFICIENT_SUPPORT
x025012	x018560	preferred	1000	0.000999000999	1	0	0	INSUFFICIENT_SUPPORT
x025012	x018561	preferred	1000	0.000999000999	1	0	0	INSUFFICIENT_SUPPORT
x025012	x018874	preferred	1000	0.000999000999	1	0	0	INSUFFICIENT_SUPPORT
x025012	x020021	preferred	1000	0.000999000999	1	0	0	INSUFFICIENT_SUPPORT
x025012	x032441	preferred	1000	0.000999000999	1	0	0	INSUFFICIENT_SUPPORT
x025012	x037848	preferred	1000	0.000999000999	1	0	0	INSUFFICIENT_SUPPORT
x025012	x037850	preferred	1000	0.000999000999	1	0	0	INSUFFICIENT_SUPPORT
x025012	x037854	preferred	1000	0.000999000999	1	0	0	INSUFFICIENT_SUPPORT
x025012	x041261	preferred	1000	0.000999000999	1	0	0	INSUFFICIENT_SUPPORT
x025012	x042464	preferred	1000	0.000999000999	1	0	0	INSUFFICIENT_SUPPORT
x025013	x000108	preferred	1000	0.000999000999	1	0	0	INSUFFICIENT_SUPPORT
x025013	x010937	preferred	1000	0.000999000999	1	0	0	INSUFFICIENT_SUPPORT
x025013	x015056	preferred	1000	0.000999000999	1	0	0	INSUFFICIENT_SUPPORT
x025013	x018501	preferred	1000	0.000999000999	1	0	0	INSUFFICIENT_SUPPORT
x025013	x018872	preferred	1000	0.000999000999	1	0	0	INSUFFICIENT_SUPPORT
x025013	x020016	preferred	1000	0.000999000999	1	0	0	INSUFFICIENT_SUPPORT
x025013	x025393	preferred	1000	0.000999000999	1	0	0	INSUFFICIENT_SUPPORT
x025013	x037850	preferred	1000	0.000999000999	1	0	0	INSUFFICIENT_SUPPORT
x025013	x041609	preferred	1000	0.000999000999	1	0	0	INSUFFICIENT_SUPPORT
x025013	x042110	preferred	1000	0.000999000999	1	0	0	INSUFFICIENT_SUPPORT
x025392	x000104	depleted	1000	0.8341658342	1	0.5	0.07477956457	EXPECTED_FROM_NULL
x025392	x000105	depleted	1000	0.5854145854	1	0	0.07216107663	EXPECTED_FROM_NULL
x025392	x000106	depleted	1000	0.8731268731	1	1	0.07199551326	EXPECTED_FROM_NULL
x025392	x000107	depleted	1000	0.9040959041	1	1	0.08175523467	EXPECTED_FROM_NULL
x025392	x000108	depleted	1000	0.7422577423	1	1	0.08992095744	EXPECTED_FROM_NULL
x025392	x000109	depleted	1000	1	1	0.3333333333	0.07242637608	EXPECTED_FROM_NULL
x025392	x000111	preferred	1000	0.0959040959	0.393429826	1	0.06503481275	EXPECTED_FROM_NULL
x025392	x001398	preferred	1000	1	1	0	0.05334245128	EXPECTED_FROM_NULL
x025392	x001424	depleted	1000	0.967032967	1	1	0.06240833869	EXPECTED_FROM_NULL
x025392	x002104	preferred	1000	1	1	0	0.07797740569	EXPECTED_FROM_NULL
x025392	x014825	preferred	1000	0.08691308691	0.3676611159	1	0.08373545504	EXPECTED_FROM_NULL
x025392	x015064	preferred	1000	1	1	1	0.04946718662	EXPECTED_FROM_NULL
x025392	x017672	preferred	1000	1	1	1	0.04884677763	EXPECTED_FROM_NULL
x025392	x017675	preferred	1000	1	1	1	0.04876788274	EXPECTED_FROM_NULL
x025392	x017835	preferred	1000	1	1	0	0.0707506555	EXPECTED_FROM_NULL
x025392	x017888	preferred	10000	0.001199880012	0.09202558005	0.3333333333	0.07333810635	EXPECTED_FROM_NULL
x025392	x017889	depleted	1000	0.994005994	1	0.25	0.08808866762	EXPECTED_FROM_NULL
x025392	x017890	preferred	1000	0.1338661339	0.4981853589	0.25	0.09502766749	EXPECTED_FROM_NULL
x025392	x017891	depleted	1000	0.7992007992	1	0	0.08023501924	EXPECTED_FROM_NULL
x025392	x017893	preferred	1000	0.09290709291	0.3820235708	1	0.07172444528	EXPECTED_FROM_NULL
x025392	x020016	depleted	1000	0.7372627373	1	0	0.07545882992	EXPECTED_FROM_NULL
x025392	x020017	depleted	1000	0.968031968	1	1	0.08289002502	EXPECTED_FROM_NULL
x025392	x020018	depleted	1000	0.7732267732	1	0	0.09462179805	EXPECTED_FROM_NULL
x025392	x020019	depleted	1000	0.97002997	1	1	0.08532238589	EXPECTED_FROM_NULL
x025392	x020020	preferred	1000	0.1638361638	0.5995995706	1	0.07270437342	EXPECTED_FROM_NULL
x025392	x021784	preferred	1000	0.04395604396	0.2720647773	1	0.05643248407	EXPECTED_FROM_NULL
x025392	x022920	preferred	1000	1	1	0	0.06435936527	EXPECTED_FROM_NULL
x025392	x023432	preferred	1000	1	1	0	0.05332482754	EXPECTED_FROM_NULL
x025392	x023920	preferred	1000	1	1	0	0.05278420099	EXPECTED_FROM_NULL
x025392	x024073	preferred	1000	1	1	1	0.04877130905	EXPECTED_FROM_NULL
x025392	x024075	preferred	1000	1	1	1	0.05207415474	EXPECTED_FROM_NULL
x025392	x024242	preferred	1000	1	1	0	0.06858656384	EXPECTED_FROM_NULL
x025392	x024245	preferred	1000	1	1	1	0.06515697021	EXPECTED_FROM_NULL
x025392	x024802	preferred	1000	0.08991008991	0.3740599024	1	0.07186330128	EXPECTED_FROM_NULL
x025392	x025545	preferred	1000	0.1328671329	0.4965627593	1	0.08076453912	EXPECTED_FROM_NULL
x025392	x025546	preferred	1000	1	1	0	0.06280168523	EXPECTED_FROM_NULL
x025392	x025760	preferred	1000	1	1	1	0.06517092568	EXPECTED_FROM_NULL
x025392	x025763	preferred	1000	1	1	0	0.07258820886	EXPECTED_FROM_NULL
x025392	x025764	preferred	1000	0.01598401598	0.2517482517	1	0.05067723048	EXPECTED_FROM_NULL
x025392	x025891	preferred	1000	1	1	1	0.05521668757	EXPECTED_FROM_NULL
x025392	x033305	preferred	1000	1	1	1	0.04959102949	EXPECTED_FROM_NULL
x025392	x034241	preferred	1000	1	1	0	0.04693297378	EXPECTED_FROM_NULL
x025392	x037851	depleted	1000	0.983016983	1	1	0.1074969698	EXPECTED_FROM_NULL
x025392	x037855	preferred	1000	0.04695304695	0.272451233	1	0.05997473588	EXPECTED_FROM_NULL
x025392	x037856	depleted	1000	1	1	0.25	0.07048562263	EXPECTED_FROM_NULL
x025392	x037857	depleted	1000	1	1	0.2222222222	0.06427865622	EXPECTED_FROM_NULL
x025392	x037858	depleted	1000	0.999000999	1	0.2857142857	0.07229466034	EXPECTED_FROM_NULL
x025392	x037859	depleted	1000	1	1	0.2	0.07715202507	EXPECTED_FROM_NULL
x025392	x037860	depleted	1000	0.4465534466	1	0.3333333333	0.07480979319	EXPECTED_FROM_NULL
x025392	x037861	depleted	1000	1	1	0.2	0.09769639006	EXPECTED_FROM_NULL
x025392	x037862	depleted	1000	0.9090909091	1	1	0.09842509349	EXPECTED_FROM_NULL
x025392	x037863	preferred	1000	1	1	0.5	0.07712560676	EXPECTED_FROM_NULL
x025392	x037881	preferred	1000	1	1	0	0.05777894148	EXPECTED_FROM_NULL
x025392	x037897	preferred	1000	1	1	1	0.04775613738	EXPECTED_FROM_NULL
x025392	x037898	preferred	1000	0.03996003996	0.2670057216	1	0.05319571186	EXPECTED_FROM_NULL
x025392	x037899	preferred	1000	0.03796203796	0.266792968	1	0.06096745432	EXPECTED_FROM_NULL
x025392	x038104	preferred	1000	1	1	0	0.06998181198	EXPECTED_FROM_NULL
x025392	x038105	preferred	1000	1	1	0	0.08369388831	EXPECTED_FROM_NULL
x025392	x038106	preferred	1000	0.1388611389	0.5135242116	0.5	0.07704890554	EXPECTED_FROM_NULL
x025392	x038109	preferred	1000	1	1	0	0.05377548387	EXPECTED_FROM_NULL
x025392	x039657	preferred	1000	0.04295704296	0.2696662768	1	0.04857551329	EXPECTED_FROM_NULL
x025392	x040256	preferred	1000	0.03996003996	0.2670057216	1	0.06117985383	EXPECTED_FROM_NULL
x025392	x040257	preferred	1000	0.06193806194	0.3095148478	1	0.06901453531	EXPECTED_FROM_NULL
x025392	x040258	preferred	1000	1	1	0	0.06873597839	EXPECTED_FROM_NULL
x025392	x040259	preferred	1000	1	1	0	0.06584708097	EXPECTED_FROM_NULL
x025392	x041529	preferred	1000	0.07392607393	0.3387158296	1	0.05850787328	EXPECTED_FROM_NULL
x025392	x041609	preferred	1000	0.01898101898	0.2517482517	1	0.04589510547	EXPECTED_FROM_NULL
x025392	x042817	preferred	1000	1	1	0	0.05793304099	EXPECTED_FROM_NULL
x025393	x000104	depleted	1000	0.968031968	1	1	0.2287301234	EXPECTED_FROM_NULL
x025393	x000105	depleted	1000	0.999000999	1	0.5	0.1735053727	EXPECTED_FROM_NULL
x025393	x000106	depleted	1000	0.997002997	1	0.5	0.1690654214	EXPECTED_FROM_NULL
x025393	x000107	depleted	1000	0.966033966	1	1	0.1761376522	EXPECTED_FROM_NULL
x025393	x001088	preferred	1000	0.1028971029	0.4134635296	1	0.1749565374	EXPECTED_FROM_NULL
x025393	x001397	preferred	1000	0.02097902098	0.2534725548	1	0.1130280582	EXPECTED_FROM_NULL
x025393	x001634	preferred	1000	1	1	0	0.1036351683	EXPECTED_FROM_NULL
x025393	x016448	preferred	1000	1	1	1	0.1410747678	EXPECTED_FROM_NULL
x025393	x017675	preferred	1000	1	1	0	0.1184034168	EXPECTED_FROM_NULL
x025393	x017837	preferred	1000	1	1	0	0.1036351683	EXPECTED_FROM_NULL
x025393	x017888	preferred	1000	1	1	0	0.1540523917	EXPECTED_FROM_NULL
x025393	x017889	depleted	1000	0.8301698302	1	0	0.2258774867	EXPECTED_FROM_NULL
x025393	x017890	preferred	1000	1	1	1	0.2178117447	EXPECTED_FROM_NULL
x025393	x017891	preferred	1000	0.04095904096	0.268166616	0.5	0.1576926422	EXPECTED_FROM_NULL
x025393	x017892	preferred	1000	1	1	0	0.1686425502	EXPECTED_FROM_NULL
x025393	x017894	preferred	1000	1	1	0	0.1216487199	EXPECTED_FROM_NULL
x025393	x017895	preferred	1000	1	1	1	0.1151864116	EXPECTED_FROM_NULL
x025393	x020016	depleted	1000	0.8301698302	1	0	0.1537971879	EXPECTED_FROM_NULL
x025393	x020017	depleted	1000	0.8511488511	1	0	0.1484924848	EXPECTED_FROM_NULL
x025393	x020019	depleted	1000	0.9300699301	1	0	0.1566882802	EXPECTED_FROM_NULL
x025393	x020021	preferred	1000	0.07692307692	0.3417942259	1	0.153481875	EXPECTED_FROM_NULL
x025393	x022956	preferred	1000	1	1	1	0.1154315359	EXPECTED_FROM_NULL
x025393	x024240	depleted	1000	0.9030969031	1	0	0.1129356954	EXPECTED_FROM_NULL
x025393	x024241	preferred	1000	1	1	1	0.132466753	EXPECTED_FROM_NULL
x025393	x024243	preferred	1000	1	1	0	0.1337481319	EXPECTED_FROM_NULL
x025393	x024738	preferred	1000	1	1	0	0.1403828899	EXPECTED_FROM_NULL
x025393	x025545	preferred	1000	0.01498501499	0.2517482517	1	0.131725853	EXPECTED_FROM_NULL
x025393	x025760	preferred	1000	1	1	1	0.1716548633	EXPECTED_FROM_NULL
x025393	x025761	preferred	1000	1	1	0	0.1476061811	EXPECTED_FROM_NULL
x025393	x025762	preferred	1000	1	1	0	0.1257793201	EXPECTED_FROM_NULL
x025393	x037848	depleted	1000	0.8371628372	1	0	0.1216300589	EXPECTED_FROM_NULL
x025393	x037849	depleted	1000	0.9260739261	1	0	0.2124351941	EXPECTED_FROM_NULL
x025393	x037852	preferred	1000	1	1	1	0.1192376729	EXPECTED_FROM_NULL
x025393	x037856	depleted	1000	0.959040959	1	0.5	0.1525893774	EXPECTED_FROM_NULL
x025393	x037857	depleted	1000	0.8241758242	1	1	0.1319365246	EXPECTED_FROM_NULL
x025393	x037858	depleted	1000	0.9170829171	1	1	0.1577463815	EXPECTED_FROM_NULL
x025393	x037859	depleted	1000	0.999000999	1	0.25	0.1574402729	EXPECTED_FROM_NULL
x025393	x037860	depleted	1000	0.968031968	1	1	0.2046566702	EXPECTED_FROM_NULL
x025393	x037861	depleted	1000	0.9150849151	1	1	0.1463838458	EXPECTED_FROM_NULL
x025393	x037862	depleted	1000	0.8181818182	1	1	0.1543420233	EXPECTED_FROM_NULL
x025393	x038106	preferred	1000	0.04595404595	0.272451233	1	0.1916837735	EXPECTED_FROM_NULL
x025393	x038108	preferred	1000	1	1	0	0.161711658	EXPECTED_FROM_NULL
x025393	x040256	preferred	1000	1	1	0	0.178991287	EXPECTED_FROM_NULL
x025393	x040257	preferred	1000	1	1	0	0.1211764045	EXPECTED_FROM_NULL
x025393	x040259	preferred	1000	1	1	0	0.113801358	EXPECTED_FROM_NULL
x025393	x040260	preferred	1000	1	1	0	0.1130280582	EXPECTED_FROM_NULL
x025393	x041528	preferred	1000	0.04295704296	0.2696662768	1	0.1364795893	EXPECTED_FROM_NULL
x025393	x041530	preferred	1000	1	1	1	0.1447349027	EXPECTED_FROM_NULL
x025393	x041656	preferred	1000	1	1	0	0.1570944691	EXPECTED_FROM_NULL
x025393	x041662	preferred	1000	1	1	0	0.1379446726	EXPECTED_FROM_NULL
x025393	x042800	preferred	1000	1	1	0	0.160754506	EXPECTED_FROM_NULL
x025393	x042805	preferred	1000	0.05394605395	0.2892426722	1	0.1578706033	EXPECTED_FROM_NULL
x025393	x042816	preferred	1000	1	1	0	0.1197508527	EXPECTED_FROM_NULL
x025393	x042817	preferred	1000	1	1	0	0.1137203674	EXPECTED_FROM_NULL
x025393	x042818	preferred	1000	1	1	0	0.1130280582	EXPECTED_FROM_NULL
x025393	x042819	preferred	1000	1	1	0	0.1130280582	EXPECTED_FROM_NULL
x025394	x000104	depleted	1000	0.6953046953	1	0	0.1899681743	EXPECTED_FROM_NULL
x025394	x000107	depleted	1000	0.975024975	1	1	0.1684980612	EXPECTED_FROM_NULL
x025394	x000108	depleted	1000	0.8601398601	1	1	0.1518210464	EXPECTED_FROM_NULL
x025394	x000109	depleted	1000	0.988011988	1	1	0.1529068401	EXPECTED_FROM_NULL
x025394	x001089	preferred	1000	1	1	1	0.1195609526	EXPECTED_FROM_NULL
x025394	x001393	preferred	1000	1	1	0	0.2061369178	EXPECTED_FROM_NULL
x025394	x001394	preferred	1000	1	1	0.5	0.1352420466	EXPECTED_FROM_NULL
x025394	x001395	preferred	10000	0.01079892011	0.2517482517	1	0.1293620861	EXPECTED_FROM_NULL
x025394	x017672	preferred	1000	1	1	0	0.1226048514	EXPECTED_FROM_NULL
x025394	x017673	preferred	1000	1	1	1	0.1352420466	EXPECTED_FROM_NULL
x025394	x017674	preferred	1000	1	1	1	0.1072047945	EXPECTED_FROM_NULL
x025394	x017834	preferred	1000	1	1	0	0.1224272189	EXPECTED_FROM_NULL
x025394	x017835	preferred	1000	1	1	0	0.1139606366	EXPECTED_FROM_NULL
x025394	x017837	preferred	1000	1	1	0	0.1367593669	EXPECTED_FROM_NULL
x025394	x017888	preferred	1000	1	1	1	0.1663690572	EXPECTED_FROM_NULL
x025394	x017889	preferred	1000	1	1	0	0.1698933391	EXPECTED_FROM_NULL
x025394	x017890	depleted	1000	0.9240759241	1	0	0.2104695654	EXPECTED_FROM_NULL
x025394	x017891	depleted	1000	0.8891108891	1	0	0.1918580973	EXPECTED_FROM_NULL
x025394	x017894	preferred	10000	0.01489851015	0.2517482517	1	0.1344818899	EXPECTED_FROM_NULL
x025394	x017997	preferred	1000	1	1	0	0.141143142	EXPECTED_FROM_NULL
x025394	x020016	depleted	1000	0.9100899101	1	0	0.1760193941	EXPECTED_FROM_NULL
x025394	x020017	depleted	1000	0.8331668332	1	1	0.1394996084	EXPECTED_FROM_NULL
x025394	x020019	preferred	1000	0.1138861139	0.442500231	1	0.147659422	EXPECTED_FROM_NULL
x025394	x020021	preferred	1000	1	1	0	0.1613013935	EXPECTED_FROM_NULL
x025394	x020022	preferred	1000	1	1	0	0.1250420335	EXPECTED_FROM_NULL
x025394	x021520	preferred	1000	1	1	0	0.1012132645	EXPECTED_FROM_NULL
x025394	x022952	preferred	1000	1	1	0	0.1711186877	EXPECTED_FROM_NULL
x025394	x022953	preferred	1000	1	1	1	0.1313882685	EXPECTED_FROM_NULL
x025394	x024240	preferred	1000	1	1	0	0.1252543514	EXPECTED_FROM_NULL
x025394	x024242	preferred	1000	1	1	0	0.1532157842	EXPECTED_FROM_NULL
x025394	x024243	preferred	1000	1	1	1	0.1719616871	EXPECTED_FROM_NULL
x025394	x024245	preferred	10000	0.006499350065	0.2517482517	0.5	0.2182741603	EXPECTED_FROM_NULL
x025394	x025489	preferred	1000	1	1	0	0.1083340932	EXPECTED_FROM_NULL
x025394	x025764	preferred	1000	1	1	1	0.1159271971	EXPECTED_FROM_NULL
x025394	x025765	preferred	1000	1	1	1	0.1098157751	EXPECTED_FROM_NULL
x025394	x031290	preferred	1000	0.01098901099	0.2517482517	1	0.1285244919	EXPECTED_FROM_NULL
x025394	x034672	preferred	1000	1	1	0	0.1190836073	EXPECTED_FROM_NULL
x025394	x034674	preferred	1000	1	1	1	0.1220535179	EXPECTED_FROM_NULL
x025394	x037848	depleted	1000	0.994005994	1	1	0.1482639264	EXPECTED_FROM_NULL
x025394	x037856	depleted	1000	1	1	0.25	0.1523380699	EXPECTED_FROM_NULL
x025394	x037857	depleted	1000	0.996003996	1	0.3333333333	0.1552997471	EXPECTED_FROM_NULL
x025394	x037858	depleted	1000	0.9210789211	1	1	0.1473065456	EXPECTED_FROM_NULL
x025394	x037859	depleted	1000	0.998001998	1	0.3333333333	0.1707404911	EXPECTED_FROM_NULL
x025394	x037860	depleted	1000	0.999000999	1	0.6666666667	0.1620011918	EXPECTED_FROM_NULL
x025394	x037861	depleted	1000	0.997002997	1	0.5	0.142836901	EXPECTED_FROM_NULL
x025394	x037862	depleted	1000	0.8511488511	1	0	0.2030297884	EXPECTED_FROM_NULL
x025394	x037880	preferred	1000	1	1	0	0.1193160229	EXPECTED_FROM_NULL
x025394	x037896	preferred	10000	0.007199280072	0.2517482517	1	0.1224272189	EXPECTED_FROM_NULL
x025394	x037956	preferred	1000	1	1	0	0.1353288791	EXPECTED_FROM_NULL
x025394	x038106	preferred	1000	1	1	0	0.252878624	EXPECTED_FROM_NULL
x025394	x040256	preferred	1000	1	1	1	0.1196249166	EXPECTED_FROM_NULL
x025394	x040257	preferred	1000	1	1	1	0.1313559934	EXPECTED_FROM_NULL
x025394	x041659	preferred	1000	1	1	0	0.1303690835	EXPECTED_FROM_NULL
x025394	x042800	preferred	1000	1	1	0	0.2045637257	EXPECTED_FROM_NULL
x025394	x042817	preferred	1000	1	1	0	0.1117090873	EXPECTED_FROM_NULL
x025394	x042819	preferred	1000	1	1	0	0.1012132645	EXPECTED_FROM_NULL
x025395	x000104	depleted	1000	0.6453546454	1	1	0.125455247	EXPECTED_FROM_NULL
x025395	x000108	depleted	1000	0.974025974	1	1	0.2169390149	EXPECTED_FROM_NULL
x025395	x001093	preferred	1000	1	1	1	0.1292255521	EXPECTED_FROM_NULL
x025395	x001393	preferred	1000	1	1	0	0.148431525	EXPECTED_FROM_NULL
x025395	x001397	preferred	1000	1	1	0	0.1226939229	EXPECTED_FROM_NULL
x025395	x017832	preferred	1000	1	1	1	0.1476447103	EXPECTED_FROM_NULL
x025395	x017838	preferred	1000	0.01498501499	0.2517482517	1	0.1128645394	EXPECTED_FROM_NULL
x025395	x017888	depleted	1000	0.991008991	1	1	0.236561076	EXPECTED_FROM_NULL
x025395	x017889	depleted	1000	0.982017982	1	1	0.1978992335	EXPECTED_FROM_NULL
x025395	x017890	depleted	1000	0.953046953	1	1	0.1925736716	EXPECTED_FROM_NULL
x025395	x017893	preferred	1000	1	1	0	0.158800388	EXPECTED_FROM_NULL
x025395	x020016	depleted	1000	0.9190809191	1	0	0.1781581347	EXPECTED_FROM_NULL
x025395	x020017	depleted	1000	0.9310689311	1	0	0.1880615887	EXPECTED_FROM_NULL
x025395	x020019	depleted	1000	0.9150849151	1	0	0.1822699757	EXPECTED_FROM_NULL
x025395	x020020	preferred	1000	1	1	0	0.1670509472	EXPECTED_FROM_NULL
x025395	x022521	preferred	1000	1	1	0	0.1451780502	EXPECTED_FROM_NULL
x025395	x022522	preferred	1000	1	1	0	0.136735109	EXPECTED_FROM_NULL
x025395	x023922	preferred	1000	1	1	1	0.1249292417	EXPECTED_FROM_NULL
x025395	x024240	depleted	1000	0.992007992	1	1	0.205645355	EXPECTED_FROM_NULL
x025395	x024241	depleted	1000	0.99000999	1	1	0.184970278	EXPECTED_FROM_NULL
x025395	x024243	preferred	1000	1	1	1	0.1499967099	EXPECTED_FROM_NULL
x025395	x025760	preferred	1000	0.03096903097	0.2551656488	1	0.1600273988	EXPECTED_FROM_NULL
x025395	x025761	preferred	1000	1	1	1	0.1184777584	EXPECTED_FROM_NULL
x025395	x025763	preferred	1000	0.02997002997	0.2551656488	0.3333333333	0.1432747573	EXPECTED_FROM_NULL
x025395	x025764	preferred	1000	1	1	0	0.1319668573	EXPECTED_FROM_NULL
x025395	x025765	preferred	1000	1	1	0	0.1128645394	EXPECTED_FROM_NULL
x025395	x034243	preferred	1000	1	1	1	0.1362967087	EXPECTED_FROM_NULL
x025395	x037854	depleted	1000	0.999000999	1	1	0.1877788386	EXPECTED_FROM_NULL
x025395	x037856	depleted	1000	0.981018981	1	0.5	0.1302593279	EXPECTED_FROM_NULL
x025395	x037857	depleted	1000	0.994005994	1	0.4	0.1317391317	EXPECTED_FROM_NULL
x025395	x037858	depleted	1000	0.992007992	1	0.5	0.1360685786	EXPECTED_FROM_NULL
x025395	x037859	depleted	1000	0.985014985	1	0.3333333333	0.1429365138	EXPECTED_FROM_NULL
x025395	x037860	depleted	1000	0.95004995	1	1	0.1431782302	EXPECTED_FROM_NULL
x025395	x037861	depleted	1000	0.7162837163	1	0	0.1718361512	EXPECTED_FROM_NULL
x025395	x037862	depleted	1000	0.8101898102	1	0	0.1697782958	EXPECTED_FROM_NULL
x025395	x037881	preferred	1000	1	1	0	0.1250283491	EXPECTED_FROM_NULL
x025395	x038105	preferred	1000	1	1	0	0.1518073702	EXPECTED_FROM_NULL
x025395	x038106	preferred	1000	0.07692307692	0.3417942259	1	0.1595940797	EXPECTED_FROM_NULL
x025395	x038110	preferred	1000	1	1	0	0.1377621247	EXPECTED_FROM_NULL
x025395	x040258	preferred	1000	1	1	0	0.1349908758	EXPECTED_FROM_NULL
x025395	x040633	preferred	1000	1	1	0	0.155135673	EXPECTED_FROM_NULL
x025395	x041530	preferred	1000	1	1	0	0.1231033695	EXPECTED_FROM_NULL
x025395	x041658	preferred	1000	0.08291708292	0.3558776989	1	0.1744407353	EXPECTED_FROM_NULL
x025395	x041660	preferred	1000	1	1	0	0.18441431	EXPECTED_FROM_NULL
x025395	x042282	preferred	1000	1	1	0	0.1128645394	EXPECTED_FROM_NULL
x025395	x042816	preferred	1000	1	1	0	0.146813631	EXPECTED_FROM_NULL
x025395	x042817	preferred	1000	1	1	0	0.1191272042	EXPECTED_FROM_NULL
x025396	x000104	depleted	1000	0.7632367632	1	1	0.2528713075	EXPECTED_FROM_NULL
x025396	x000105	depleted	1000	0.8941058941	1	0	0.2315286609	EXPECTED_FROM_NULL
x025396	x000106	depleted	1000	0.8561438561	1	0	0.3041360141	EXPECTED_FROM_NULL
x025396	x000107	depleted	1000	0.8461538462	1	0	0.247124293	EXPECTED_FROM_NULL
x025396	x000108	preferred	1000	0.03796203796	0.266792968	1	0.3075182628	EXPECTED_FROM_NULL
x025396	x000110	preferred	1000	0.03196803197	0.2551656488	1	0.2958495604	EXPECTED_FROM_NULL
x025396	x001092	preferred	1000	1	1	1	0.1818770307	EXPECTED_FROM_NULL
x025396	x001635	preferred	1000	1	1	0	0.2154143829	EXPECTED_FROM_NULL
x025396	x017672	preferred	1000	1	1	0	0.1818770307	EXPECTED_FROM_NULL
x025396	x017836	preferred	1000	1	1	1	0.1818770307	EXPECTED_FROM_NULL
x025396	x017890	preferred	1000	1	1	0	0.2983451578	EXPECTED_FROM_NULL
x025396	x017891	preferred	1000	1	1	1	0.3167151368	EXPECTED_FROM_NULL
x025396	x020016	depleted	1000	0.954045954	1	0	0.3291836716	EXPECTED_FROM_NULL
x025396	x020017	depleted	1000	0.9490509491	1	0	0.1969899237	EXPECTED_FROM_NULL
x025396	x020018	preferred	1000	1	1	0	0.4256539022	EXPECTED_FROM_NULL
x025396	x022953	preferred	1000	1	1	0	0.2360661305	EXPECTED_FROM_NULL
x025396	x024240	preferred	1000	0.01598401598	0.2517482517	1	0.2211829285	EXPECTED_FROM_NULL
x025396	x024242	preferred	1000	1	1	0	0.2570210732	EXPECTED_FROM_NULL
x025396	x025554	preferred	1000	1	1	0	0.2154143829	EXPECTED_FROM_NULL
x025396	x025760	preferred	1000	1	1	0	0.3412729477	EXPECTED_FROM_NULL
x025396	x034675	preferred	1000	0.02797202797	0.2551656488	1	0.2154143829	EXPECTED_FROM_NULL
x025396	x036658	preferred	1000	1	1	0	0.1818770307	EXPECTED_FROM_NULL
x025396	x037848	depleted	1000	0.9040959041	1	0	0.2450170043	EXPECTED_FROM_NULL
x025396	x037856	depleted	1000	0.6323676324	1	0.5	0.2849356402	EXPECTED_FROM_NULL
x025396	x037857	depleted	1000	1	1	0.5	0.3372857899	EXPECTED_FROM_NULL
x025396	x037858	depleted	1000	1	1	0.3333333333	0.3261936392	EXPECTED_FROM_NULL
x025396	x037859	depleted	1000	0.982017982	1	1	0.2400147245	EXPECTED_FROM_NULL
x025396	x037860	depleted	1000	0.7722277722	1	0	0.2624689073	EXPECTED_FROM_NULL
x025396	x037861	depleted	1000	0.8371628372	1	0	0.3463584215	EXPECTED_FROM_NULL
x025396	x037862	depleted	1000	0.998001998	1	0.5	0.3368437366	EXPECTED_FROM_NULL
x025396	x037863	preferred	1000	0.05494505495	0.2910602911	1	0.3610084082	EXPECTED_FROM_NULL
x025396	x040256	preferred	1000	1	1	0	0.2845398548	EXPECTED_FROM_NULL
x025396	x040259	preferred	1000	1	1	0	0.2154143829	EXPECTED_FROM_NULL
x025396	x041658	preferred	10000	0.000399960004	0.05879412059	1	0.2349331867	EXPECTED_FROM_NULL
x025396	x042817	preferred	1000	1	1	0	0.1990126614	EXPECTED_FROM_NULL
x025397	x000105	depleted	1000	0.994005994	1	0	0.9617844997	INSUFFICIENT_SUPPORT
x025397	x000107	preferred	1000	0.03596403596	1	1	0.9564063984	INSUFFICIENT_SUPPORT
x025397	x000108	depleted	1000	0.9490509491	1	0	0.9670785473	INSUFFICIENT_SUPPORT
x025397	x000111	preferred	1000	1	1	0	0.5111872112	INSUFFICIENT_SUPPORT
x025397	x001393	preferred	1000	1	1	0	0.9981095826	INSUFFICIENT_SUPPORT
x025397	x016448	preferred	1000	0.02197802198	1	1	0.5111872112	INSUFFICIENT_SUPPORT
x025397	x017833	preferred	1000	1	1	0	0.5111872112	INSUFFICIENT_SUPPORT
x025397	x017888	preferred	1000	1	1	0	0.9564063984	INSUFFICIENT_SUPPORT
x025397	x017890	preferred	1000	1	1	0	0.9981095826	INSUFFICIENT_SUPPORT
x025397	x017892	preferred	1000	0.01898101898	1	1	0.6709541353	INSUFFICIENT_SUPPORT
x025397	x020017	preferred	1000	1	1	0	0.5525165266	INSUFFICIENT_SUPPORT
x025397	x024241	depleted	1000	0.975024975	1	0	0.9444160592	INSUFFICIENT_SUPPORT
x025397	x024243	preferred	1000	1	1	0	0.5111872112	INSUFFICIENT_SUPPORT
x025397	x034672	depleted	1000	0.9440559441	1	0	0.9444160592	INSUFFICIENT_SUPPORT
x025397	x037856	depleted	1000	0.996003996	1	1	0.6429056075	INSUFFICIENT_SUPPORT
x025397	x037857	depleted	1000	0.8891108891	1	0	0.5779687701	INSUFFICIENT_SUPPORT
x025397	x037858	depleted	1000	0.998001998	1	1	0.8145014891	INSUFFICIENT_SUPPORT
x025397	x037859	depleted	1000	0.8671328671	1	0	0.5486123011	INSUFFICIENT_SUPPORT
x025397	x037860	depleted	1000	0.9390609391	1	0	0.9630085033	INSUFFICIENT_SUPPORT
x025397	x037861	depleted	1000	0.8971028971	1	0	0.6614654348	INSUFFICIENT_SUPPORT
x025397	x037862	depleted	1000	0.953046953	1	0	0.9111847782	INSUFFICIENT_SUPPORT
x025397	x038104	preferred	1000	1	1	0	0.5111872112	INSUFFICIENT_SUPPORT
x025397	x038108	preferred	1000	1	1	0	0.9981095826	INSUFFICIENT_SUPPORT
x025397	x038536	depleted	1000	0.967032967	1	0	0.6409867147	INSUFFICIENT_SUPPORT
x025397	x041531	preferred	1000	1	1	0	0.5111872112	INSUFFICIENT_SUPPORT
x025398	x000110	preferred	1000	0.000999000999	1	0	0	INSUFFICIENT_SUPPORT
x025398	x000111	preferred	1000	0.000999000999	1	0	0	INSUFFICIENT_SUPPORT
x025398	x001090	preferred	1000	0.000999000999	1	0	0	INSUFFICIENT_SUPPORT
x025398	x001632	preferred	1000	0.000999000999	1	0	0	INSUFFICIENT_SUPPORT
x025398	x017889	preferred	1000	0.000999000999	1	0	0	INSUFFICIENT_SUPPORT
x025398	x017890	preferred	1000	0.000999000999	1	0	0	INSUFFICIENT_SUPPORT
x025398	x020019	preferred	1000	0.000999000999	1	0	0	INSUFFICIENT_SUPPORT
x025398	x024242	preferred	1000	0.000999000999	1	0	0	INSUFFICIENT_SUPPORT
x025398	x025764	preferred	1000	0.000999000999	1	0	0	INSUFFICIENT_SUPPORT
x025398	x025766	preferred	1000	0.000999000999	1	0	0	INSUFFICIENT_SUPPORT
x025398	x034672	preferred	1000	0.000999000999	1	0	0	INSUFFICIENT_SUPPORT
x025398	x037856	preferred	1000	0.000999000999	1	0	0	INSUFFICIENT_SUPPORT
x025398	x037857	preferred	1000	0.000999000999	1	0	0	INSUFFICIENT_SUPPORT
x025398	x037858	preferred	1000	0.000999000999	1	0	0	INSUFFICIENT_SUPPORT
x025398	x037859	preferred	1000	0.000999000999	1	0	0	INSUFFICIENT_SUPPORT
x025398	x037860	preferred	1000	0.000999000999	1	0	0	INSUFFICIENT_SUPPORT
x025398	x037862	preferred	1000	0.000999000999	1	0	0	INSUFFICIENT_SUPPORT
x025398	x037863	preferred	1000	0.000999000999	1	0	0	INSUFFICIENT_SUPPORT
x025398	x037898	preferred	1000	0.000999000999	1	0	0	INSUFFICIENT_SUPPORT
x025398	x040257	preferred	1000	0.000999000999	1	0	0	INSUFFICIENT_SUPPORT
x025398	x042800	preferred	1000	0.000999000999	1	0	0	INSUFFICIENT_SUPPORT
x025398	x042801	preferred	1000	0.000999000999	1	0	0	INSUFFICIENT_SUPPORT
x025398	x042803	preferred	1000	0.000999000999	1	0	0	INSUFFICIENT_SUPPORT
x025398	x042818	preferred	1000	0.000999000999	1	0	0	INSUFFICIENT_SUPPORT
x025398	x042819	preferred	1000	0.000999000999	1	0	0	INSUFFICIENT_SUPPORT
x025399	x000104	preferred	1000	0.000999000999	1	0	0	INSUFFICIENT_SUPPORT
x025399	x000107	preferred	1000	0.000999000999	1	0	0	INSUFFICIENT_SUPPORT
x025399	x000110	preferred	1000	0.000999000999	1	0	0	INSUFFICIENT_SUPPORT
x025399	x001088	preferred	1000	0.000999000999	1	0	0	INSUFFICIENT_SUPPORT
x025399	x017672	preferred	1000	0.000999000999	1	0	0	INSUFFICIENT_SUPPORT
x025399	x017675	preferred	1000	0.000999000999	1	0	0	INSUFFICIENT_SUPPORT
x025399	x017835	preferred	1000	0.000999000999	1	0	0	INSUFFICIENT_SUPPORT
x025399	x017888	preferred	1000	0.000999000999	1	0	0	INSUFFICIENT_SUPPORT
x025399	x017890	preferred	1000	0.000999000999	1	0	0	INSUFFICIENT_SUPPORT
x025399	x020018	preferred	1000	0.000999000999	1	0	0	INSUFFICIENT_SUPPORT
x025399	x033305	preferred	1000	0.000999000999	1	0	0	INSUFFICIENT_SUPPORT
x025399	x037851	preferred	1000	0.000999000999	1	0	0	INSUFFICIENT_SUPPORT
x025399	x037856	preferred	1000	0.000999000999	1	0	0	INSUFFICIENT_SUPPORT
x025399	x037860	preferred	1000	0.000999000999	1	0	0	INSUFFICIENT_SUPPORT
x025399	x037862	preferred	1000	0.000999000999	1	0	0	INSUFFICIENT_SUPPORT
x025399	x037863	preferred	1000	0.000999000999	1	0	0	INSUFFICIENT_SUPPORT
x025399	x037896	preferred	1000	0.000999000999	1	0	0	INSUFFICIENT_SUPPORT
x025399	x038104	preferred	1000	0.000999000999	1	0	0	INSUFFICIENT_SUPPORT
x025399	x038106	preferred	1000	0.000999000999	1	0	0	INSUFFICIENT_SUPPORT
x025399	x040632	preferred	1000	0.000999000999	1	0	0	INSUFFICIENT_SUPPORT
x025489	x022524	preferred	1000	0.000999000999	1	0	0	INSUFFICIENT_SUPPORT
x025528	x000106	preferred	1000	0.000999000999	1	0	0	INSUFFICIENT_SUPPORT
x025528	x001426	preferred	1000	0.000999000999	1	0	0	INSUFFICIENT_SUPPORT
x025528	x017889	preferred	1000	0.000999000999	1	0	0	INSUFFICIENT_SUPPORT
x025528	x017890	preferred	1000	0.000999000999	1	0	0	INSUFFICIENT_SUPPORT
x025528	x017893	preferred	1000	0.000999000999	1	0	0	INSUFFICIENT_SUPPORT
x025528	x017894	preferred	1000	0.000999000999	1	0	0	INSUFFICIENT_SUPPORT
x025528	x017895	preferred	1000	0.000999000999	1	0	0	INSUFFICIENT_SUPPORT
x025528	x018878	preferred	1000	0.000999000999	1	0	0	INSUFFICIENT_SUPPORT
x025528	x022952	preferred	1000	0.000999000999	1	0	0	INSUFFICIENT_SUPPORT
x025528	x025763	preferred	1000	0.000999000999	1	0	0	INSUFFICIENT_SUPPORT
x025528	x037856	preferred	1000	0.000999000999	1	0	0	INSUFFICIENT_SUPPORT
x025528	x037857	preferred	1000	0.000999000999	1	0	0	INSUFFICIENT_SUPPORT
x025528	x037858	preferred	1000	0.000999000999	1	0	0	INSUFFICIENT_SUPPORT
x025528	x037859	preferred	1000	0.000999000999	1	0	0	INSUFFICIENT_SUPPORT
x025528	x037860	preferred	1000	0.000999000999	1	0	0	INSUFFICIENT_SUPPORT
x025528	x037861	preferred	1000	0.000999000999	1	0	0	INSUFFICIENT_SUPPORT
x025528	x037862	preferred	1000	0.000999000999	1	0	0	INSUFFICIENT_SUPPORT
x025528	x038108	preferred	1000	0.000999000999	1	0	0	INSUFFICIENT_SUPPORT
x025528	x038536	preferred	1000	0.000999000999	1	0	0	INSUFFICIENT_SUPPORT
x025528	x038538	preferred	1000	0.000999000999	1	0	0	INSUFFICIENT_SUPPORT
x025528	x041662	preferred	1000	0.000999000999	1	0	0	INSUFFICIENT_SUPPORT
x025529	x000105	preferred	1000	0.000999000999	1	0	0	INSUFFICIENT_SUPPORT
x025529	x000106	preferred	1000	0.000999000999	1	0	0	INSUFFICIENT_SUPPORT
x025529	x000111	preferred	1000	0.000999000999	1	0	0	INSUFFICIENT_SUPPORT
x025529	x001398	preferred	1000	0.000999000999	1	0	0	INSUFFICIENT_SUPPORT
x025529	x017834	preferred	1000	0.000999000999	1	0	0	INSUFFICIENT_SUPPORT
x025529	x017891	preferred	1000	0.000999000999	1	0	0	INSUFFICIENT_SUPPORT
x025529	x025761	preferred	1000	0.000999000999	1	0	0	INSUFFICIENT_SUPPORT
x025529	x037856	preferred	1000	0.000999000999	1	0	0	INSUFFICIENT_SUPPORT
x025529	x037857	preferred	1000	0.000999000999	1	0	0	INSUFFICIENT_SUPPORT
x025529	x037859	preferred	1000	0.000999000999	1	0	0	INSUFFICIENT_SUPPORT
x025529	x037861	preferred	1000	0.000999000999	1	0	0	INSUFFICIENT_SUPPORT
x025529	x038107	preferred	1000	0.000999000999	1	0	0	INSUFFICIENT_SUPPORT
x025529	x038537	preferred	1000	0.000999000999	1	0	0	INSUFFICIENT_SUPPORT
x025529	x042817	preferred	1000	0.000999000999	1	0	0	INSUFFICIENT_SUPPORT
x025530	x001424	preferred	1000	0.000999000999	1	0	0	INSUFFICIENT_SUPPORT
x025530	x017889	preferred	1000	0.000999000999	1	0	0	INSUFFICIENT_SUPPORT
x025530	x017892	preferred	1000	0.000999000999	1	0	0	INSUFFICIENT_SUPPORT
x025530	x024242	preferred	1000	0.000999000999	1	0	0	INSUFFICIENT_SUPPORT
x025530	x024246	preferred	1000	0.000999000999	1	0	0	INSUFFICIENT_SUPPORT
x025530	x025761	preferred	1000	0.000999000999	1	0	0	INSUFFICIENT_SUPPORT
x025530	x036658	preferred	1000	0.000999000999	1	0	0	INSUFFICIENT_SUPPORT
x025530	x037848	preferred	1000	0.000999000999	1	0	0	INSUFFICIENT_SUPPORT
x025530	x037853	preferred	1000	0.000999000999	1	0	0	INSUFFICIENT_SUPPORT
x025530	x037857	preferred	1000	0.000999000999	1	0	0	INSUFFICIENT_SUPPORT
x025530	x037858	preferred	1000	0.000999000999	1	0	0	INSUFFICIENT_SUPPORT
x025530	x037880	preferred	1000	0.000999000999	1	0	0	INSUFFICIENT_SUPPORT
x025530	x038105	preferred	1000	0.000999000999	1	0	0	INSUFFICIENT_SUPPORT
x025530	x038106	preferred	1000	0.000999000999	1	0	0	INSUFFICIENT_SUPPORT
x025530	x041657	preferred	1000	0.000999000999	1	0	0	INSUFFICIENT_SUPPORT
x025530	x041658	preferred	1000	0.000999000999	1	0	0	INSUFFICIENT_SUPPORT
x025530	x041662	preferred	1000	0.000999000999	1	0	0	INSUFFICIENT_SUPPORT
x025530	x042110	preferred	1000	0.000999000999	1	0	0	INSUFFICIENT_SUPPORT
x025531	x000107	preferred	1000	0.000999000999	1	0	0	INSUFFICIENT_SUPPORT
x025531	x001424	preferred	1000	0.000999000999	1	0	0	INSUFFICIENT_SUPPORT
x025531	x001632	preferred	1000	0.000999000999	1	0	0	INSUFFICIENT_SUPPORT
x025531	x017890	preferred	1000	0.000999000999	1	0	0	INSUFFICIENT_SUPPORT
x025531	x020016	preferred	1000	0.000999000999	1	0	0	INSUFFICIENT_SUPPORT
x025531	x024242	preferred	1000	0.000999000999	1	0	0	INSUFFICIENT_SUPPORT
x025531	x037854	preferred	1000	0.000999000999	1	0	0	INSUFFICIENT_SUPPORT
x025531	x037856	preferred	1000	0.000999000999	1	0	0	INSUFFICIENT_SUPPORT
x025531	x037857	preferred	1000	0.000999000999	1	0	0	INSUFFICIENT_SUPPORT
x025531	x037858	preferred	1000	0.000999000999	1	0	0	INSUFFICIENT_SUPPORT
x025531	x037859	preferred	1000	0.000999000999	1	0	0	INSUFFICIENT_SUPPORT
x025531	x037861	preferred	1000	0.000999000999	1	0	0	INSUFFICIENT_SUPPORT
x025531	x037863	preferred	1000	0.000999000999	1	0	0	INSUFFICIENT_SUPPORT
x025531	x042816	preferred	1000	0.000999000999	1	0	0	INSUFFICIENT_SUPPORT
x025532	x000107	preferred	1000	0.000999000999	1	0	0	INSUFFICIENT_SUPPORT
x025532	x000109	preferred	1000	0.000999000999	1	0	0	INSUFFICIENT_SUPPORT
x025532	x017838	preferred	1000	0.000999000999	1	0	0	INSUFFICIENT_SUPPORT
x025532	x017888	preferred	1000	0.000999000999	1	0	0	INSUFFICIENT_SUPPORT
x025532	x025544	preferred	1000	0.000999000999	1	0	0	INSUFFICIENT_SUPPORT
x025532	x037856	preferred	1000	0.000999000999	1	0	0	INSUFFICIENT_SUPPORT
x025532	x037857	preferred	1000	0.000999000999	1	0	0	INSUFFICIENT_SUPPORT
x025532	x037858	preferred	1000	0.000999000999	1	0	0	INSUFFICIENT_SUPPORT
x025532	x037859	preferred	1000	0.000999000999	1	0	0	INSUFFICIENT_SUPPORT
x025532	x037861	preferred	1000	0.000999000999	1	0	0	INSUFFICIENT_SUPPORT
x025532	x038538	preferred	1000	0.000999000999	1	0	0	INSUFFICIENT_SUPPORT
x025532	x042818	preferred	1000	0.000999000999	1	0	0	INSUFFICIENT_SUPPORT
x025533	x000105	preferred	1000	0.000999000999	1	0	0	INSUFFICIENT_SUPPORT
x025533	x000107	preferred	1000	0.000999000999	1	0	0	INSUFFICIENT_SUPPORT
x025533	x017889	preferred	1000	0.000999000999	1	0	0	INSUFFICIENT_SUPPORT
x025533	x017891	preferred	1000	0.000999000999	1	0	0	INSUFFICIENT_SUPPORT
x025533	x037856	preferred	1000	0.000999000999	1	0	0	INSUFFICIENT_SUPPORT
x025533	x037857	preferred	1000	0.000999000999	1	0	0	INSUFFICIENT_SUPPORT
x025533	x037858	preferred	1000	0.000999000999	1	0	0	INSUFFICIENT_SUPPORT
x025533	x037859	preferred	1000	0.000999000999	1	0	0	INSUFFICIENT_SUPPORT
x025533	x037861	preferred	1000	0.000999000999	1	0	0	INSUFFICIENT_SUPPORT
x025533	x042801	preferred	1000	0.000999000999	1	0	0	INSUFFICIENT_SUPPORT
x025544	x000162	preferred	1000	0.000999000999	1	0	0	INSUFFICIENT_SUPPORT
x025544	x001426	preferred	1000	0.000999000999	1	0	0	INSUFFICIENT_SUPPORT
x025544	x001430	preferred	1000	0.000999000999	1	0	0	INSUFFICIENT_SUPPORT
x025544	x018563	preferred	1000	0.000999000999	1	0	0	INSUFFICIENT_SUPPORT
x025544	x022522	preferred	1000	0.000999000999	1	0	0	INSUFFICIENT_SUPPORT
x025544	x023520	preferred	1000	0.000999000999	1	0	0	INSUFFICIENT_SUPPORT
x025544	x025008	preferred	1000	0.000999000999	1	0	0	INSUFFICIENT_SUPPORT
x025544	x025392	preferred	1000	0.000999000999	1	0	0	INSUFFICIENT_SUPPORT
x025544	x025394	preferred	1000	0.000999000999	1	0	0	INSUFFICIENT_SUPPORT
x025544	x025396	preferred	1000	0.000999000999	1	0	0	INSUFFICIENT_SUPPORT
x025544	x025399	preferred	1000	0.000999000999	1	0	0	INSUFFICIENT_SUPPORT
x025544	x033096	preferred	1000	0.000999000999	1	0	0	INSUFFICIENT_SUPPORT
x025544	x033601	preferred	1000	0.000999000999	1	0	0	INSUFFICIENT_SUPPORT
x025544	x037848	preferred	1000	0.000999000999	1	0	0	INSUFFICIENT_SUPPORT
x025544	x038543	preferred	1000	0.000999000999	1	0	0	INSUFFICIENT_SUPPORT
x025544	x040637	preferred	1000	0.000999000999	1	0	0	INSUFFICIENT_SUPPORT
x025544	x041243	preferred	1000	0.000999000999	1	0	0	INSUFFICIENT_SUPPORT
x025544	x041256	preferred	1000	0.000999000999	1	0	0	INSUFFICIENT_SUPPORT
x025544	x041656	preferred	1000	0.000999000999	1	0	0	INSUFFICIENT_SUPPORT
x025544	x041658	preferred	1000	0.000999000999	1	0	0	INSUFFICIENT_SUPPORT
x025544	x041800	preferred	1000	0.000999000999	1	0	0	INSUFFICIENT_SUPPORT
x025544	x041802	preferred	1000	0.000999000999	1	0	0	INSUFFICIENT_SUPPORT
x025545	x002341	preferred	1000	0.000999000999	1	0	0	INSUFFICIENT_SUPPORT
x025545	x014825	preferred	1000	0.000999000999	1	0	0	INSUFFICIENT_SUPPORT
x025545	x017292	preferred	1000	0.000999000999	1	0	0	INSUFFICIENT_SUPPORT
x025545	x018498	preferred	1000	0.000999000999	1	0	0	INSUFFICIENT_SUPPORT
x025545	x018875	preferred	1000	0.000999000999	1	0	0	INSUFFICIENT_SUPPORT
x025545	x020329	preferred	1000	0.000999000999	1	0	0	INSUFFICIENT_SUPPORT
x025545	x025393	preferred	1000	0.000999000999	1	0	0	INSUFFICIENT_SUPPORT
x025545	x025394	preferred	1000	0.000999000999	1	0	0	INSUFFICIENT_SUPPORT
x025545	x025399	preferred	1000	0.000999000999	1	0	0	INSUFFICIENT_SUPPORT
x025545	x033602	preferred	1000	0.000999000999	1	0	0	INSUFFICIENT_SUPPORT
x025545	x034496	preferred	1000	0.000999000999	1	0	0	INSUFFICIENT_SUPPORT
x025545	x037848	preferred	1000	0.000999000999	1	0	0	INSUFFICIENT_SUPPORT
x025545	x038442	preferred	1000	0.000999000999	1	0	0	INSUFFICIENT_SUPPORT
x025545	x038536	preferred	1000	0.000999000999	1	0	0	INSUFFICIENT_SUPPORT
x025545	x038540	preferred	1000	0.000999000999	1	0	0	INSUFFICIENT_SUPPORT
x025545	x041243	preferred	1000	0.000999000999	1	0	0	INSUFFICIENT_SUPPORT
x025545	x041258	preferred	1000	0.000999000999	1	0	0	INSUFFICIENT_SUPPORT
x025545	x041660	preferred	1000	0.000999000999	1	0	0	INSUFFICIENT_SUPPORT
x025545	x042108	preferred	1000	0.000999000999	1	0	0	INSUFFICIENT_SUPPORT
x025545	x042804	preferred	1000	0.000999000999	1	0	0	INSUFFICIENT_SUPPORT
x025546	x002105	preferred	1000	0.000999000999	1	0	0	INSUFFICIENT_SUPPORT
x025546	x002337	preferred	1000	0.000999000999	1	0	0	INSUFFICIENT_SUPPORT
x025546	x017409	preferred	1000	0.000999000999	1	0	0	INSUFFICIENT_SUPPORT
x025546	x018872	preferred	1000	0.000999000999	1	0	0	INSUFFICIENT_SUPPORT
x025546	x022520	preferred	1000	0.000999000999	1	0	0	INSUFFICIENT_SUPPORT
x025546	x022521	preferred	1000	0.000999000999	1	0	0	INSUFFICIENT_SUPPORT
x025546	x025392	preferred	1000	0.000999000999	1	0	0	INSUFFICIENT_SUPPORT
x025546	x025394	preferred	1000	0.000999000999	1	0	0	INSUFFICIENT_SUPPORT
x025546	x025398	preferred	1000	0.000999000999	1	0	0	INSUFFICIENT_SUPPORT
x025546	x038540	preferred	1000	0.000999000999	1	0	0	INSUFFICIENT_SUPPORT
x025546	x041657	preferred	1000	0.000999000999	1	0	0	INSUFFICIENT_SUPPORT
x025547	x008316	preferred	1000	0.000999000999	1	0	0	INSUFFICIENT_SUPPORT
x025547	x014828	preferred	1000	0.000999000999	1	0	0	INSUFFICIENT_SUPPORT
x025547	x017288	preferred	1000	0.000999000999	1	0	0	INSUFFICIENT_SUPPORT
x025547	x025392	preferred	1000	0.000999000999	1	0	0	INSUFFICIENT_SUPPORT
x025547	x025395	preferred	1000	0.000999000999	1	0	0	INSUFFICIENT_SUPPORT
x025547	x025656	preferred	1000	0.000999000999	1	0	0	INSUFFICIENT_SUPPORT
x025547	x025784	preferred	1000	0.000999000999	1	0	0	INSUFFICIENT_SUPPORT
x025547	x037848	preferred	1000	0.000999000999	1	0	0	INSUFFICIENT_SUPPORT
x025547	x038539	preferred	1000	0.000999000999	1	0	0	INSUFFICIENT_SUPPORT
x025547	x041440	preferred	1000	0.000999000999	1	0	0	INSUFFICIENT_SUPPORT
x025547	x041657	preferred	1000	0.000999000999	1	0	0	INSUFFICIENT_SUPPORT
x025548	x000106	preferred	1000	0.000999000999	1	0	0	INSUFFICIENT_SUPPORT
x025548	x001428	preferred	1000	0.000999000999	1	0	0	INSUFFICIENT_SUPPORT
x025548	x002337	preferred	1000	0.000999000999	1	0	0	INSUFFICIENT_SUPPORT
x025548	x009304	preferred	1000	0.000999000999	1	0	0	INSUFFICIENT_SUPPORT
x025548	x014830	preferred	1000	0.000999000999	1	0	0	INSUFFICIENT_SUPPORT
x025548	x018499	preferred	1000	0.000999000999	1	0	0	INSUFFICIENT_SUPPORT
x025548	x018872	preferred	1000	0.000999000999	1	0	0	INSUFFICIENT_SUPPORT
x025548	x020019	preferred	1000	0.000999000999	1	0	0	INSUFFICIENT_SUPPORT
x025548	x025393	preferred	1000	0.000999000999	1	0	0	INSUFFICIENT_SUPPORT
x025548	x025394	preferred	1000	0.000999000999	1	0	0	INSUFFICIENT_SUPPORT
x025548	x025395	preferred	1000	0.000999000999	1	0	0	INSUFFICIENT_SUPPORT
x025548	x025396	preferred	1000	0.000999000999	1	0	0	INSUFFICIENT_SUPPORT
x025548	x025398	preferred	1000	0.000999000999	1	0	0	INSUFFICIENT_SUPPORT
x025548	x038543	preferred	1000	0.000999000999	1	0	0	INSUFFICIENT_SUPPORT
x025548	x042464	preferred	1000	0.000999000999	1	0	0	INSUFFICIENT_SUPPORT
x025549	x001424	preferred	1000	0.000999000999	1	0	0	INSUFFICIENT_SUPPORT
x025549	x002340	preferred	1000	0.000999000999	1	0	0	INSUFFICIENT_SUPPORT
x025549	x014824	preferred	1000	0.000999000999	1	0	0	INSUFFICIENT_SUPPORT
x025549	x016449	preferred	1000	0.000999000999	1	0	0	INSUFFICIENT_SUPPORT
x025549	x016898	preferred	1000	0.000999000999	1	0	0	INSUFFICIENT_SUPPORT
x025549	x016900	preferred	1000	0.000999000999	1	0	0	INSUFFICIENT_SUPPORT
x025549	x017291	preferred	1000	0.000999000999	1	0	0	INSUFFICIENT_SUPPORT
x025549	x018496	preferred	1000	0.000999000999	1	0	0	INSUFFICIENT_SUPPORT
x025549	x020021	preferred	1000	0.000999000999	1	0	0	INSUFFICIENT_SUPPORT
x025549	x024738	preferred	1000	0.000999000999	1	0	0	INSUFFICIENT_SUPPORT
x025549	x025393	preferred	1000	0.000999000999	1	0	0	INSUFFICIENT_SUPPORT
x025549	x025737	preferred	1000	0.000999000999	1	0	0	INSUFFICIENT_SUPPORT
x025549	x038539	preferred	1000	0.000999000999	1	0	0	INSUFFICIENT_SUPPORT
x025549	x041240	preferred	1000	0.000999000999	1	0	0	INSUFFICIENT_SUPPORT
x025549	x042800	preferred	1000	0.000999000999	1	0	0	INSUFFICIENT_SUPPORT
x025550	x000161	preferred	1000	0.000999000999	1	0	0	INSUFFICIENT_SUPPORT
x025550	x017993	preferred	1000	0.000999000999	1	0	0	INSUFFICIENT_SUPPORT
x025550	x025393	preferred	1000	0.000999000999	1	0	0	INSUFFICIENT_SUPPORT
x025550	x025394	preferred	1000	0.000999000999	1	0	0	INSUFFICIENT_SUPPORT
x025550	x038169	preferred	1000	0.000999000999	1	0	0	INSUFFICIENT_SUPPORT
x025552	x000108	preferred	1000	0.000999000999	1	0	0	INSUFFICIENT_SUPPORT
x025552	x002108	preferred	1000	0.000999000999	1	0	0	INSUFFICIENT_SUPPORT
x025552	x002978	preferred	1000	0.000999000999	1	0	0	INSUFFICIENT_SUPPORT
x025552	x005104	preferred	1000	0.000999000999	1	0	0	INSUFFICIENT_SUPPORT
x025552	x015801	preferred	1000	0.000999000999	1	0	0	INSUFFICIENT_SUPPORT
x025552	x015913	preferred	1000	0.000999000999	1	0	0	INSUFFICIENT_SUPPORT
x025552	x034498	preferred	1000	0.000999000999	1	0	0	INSUFFICIENT_SUPPORT
x025552	x041939	preferred	1000	0.000999000999	1	0	0	INSUFFICIENT_SUPPORT
x025553	x014826	preferred	1000	0.000999000999	1	0	0	INSUFFICIENT_SUPPORT
x025553	x020632	preferred	1000	0.000999000999	1	0	0	INSUFFICIENT_SUPPORT
x025553	x025545	preferred	1000	0.000999000999	1	0	0	INSUFFICIENT_SUPPORT
x025553	x025549	preferred	1000	0.000999000999	1	0	0	INSUFFICIENT_SUPPORT
x025553	x037851	preferred	1000	0.000999000999	1	0	0	INSUFFICIENT_SUPPORT
x025554	x000105	preferred	1000	0.000999000999	1	0	0	INSUFFICIENT_SUPPORT
x025554	x000106	preferred	1000	0.000999000999	1	0	0	INSUFFICIENT_SUPPORT
x025554	x002107	preferred	1000	0.000999000999	1	0	0	INSUFFICIENT_SUPPORT
x025554	x005104	preferred	1000	0.000999000999	1	0	0	INSUFFICIENT_SUPPORT
x025554	x025545	preferred	1000	0.000999000999	1	0	0	INSUFFICIENT_SUPPORT
x025554	x025548	preferred	1000	0.000999000999	1	0	0	INSUFFICIENT_SUPPORT
x025656	x000106	preferred	1000	0.000999000999	1	0	0	INSUFFICIENT_SUPPORT
x025656	x001392	preferred	1000	0.000999000999	1	0	0	INSUFFICIENT_SUPPORT
x025656	x001393	preferred	1000	0.000999000999	1	0	0	INSUFFICIENT_SUPPORT
x025656	x005109	preferred	1000	0.000999000999	1	0	0	INSUFFICIENT_SUPPORT
x025656	x017376	preferred	1000	0.000999000999	1	0	0	INSUFFICIENT_SUPPORT
x025656	x018872	preferred	1000	0.000999000999	1	0	0	INSUFFICIENT_SUPPORT
x025656	x024801	preferred	1000	0.000999000999	1	0	0	INSUFFICIENT_SUPPORT
x025656	x024929	preferred	1000	0.000999000999	1	0	0	INSUFFICIENT_SUPPORT
x025656	x025392	preferred	1000	0.000999000999	1	0	0	INSUFFICIENT_SUPPORT
x025656	x025737	preferred	1000	0.000999000999	1	0	0	INSUFFICIENT_SUPPORT
x025656	x037856	preferred	1000	0.000999000999	1	0	0	INSUFFICIENT_SUPPORT
x025656	x037857	preferred	1000	0.000999000999	1	0	0	INSUFFICIENT_SUPPORT
x025656	x041800	preferred	1000	0.000999000999	1	0	0	INSUFFICIENT_SUPPORT
x025657	x022955	preferred	1000	0.000999000999	1	0	0	INSUFFICIENT_SUPPORT
x025657	x024074	preferred	1000	0.000999000999	1	0	0	INSUFFICIENT_SUPPORT
x025657	x024802	preferred	1000	0.000999000999	1	0	0	INSUFFICIENT_SUPPORT
x025657	x037850	preferred	1000	0.000999000999	1	0	0	INSUFFICIENT_SUPPORT
x025657	x037860	preferred	1000	0.000999000999	1	0	0	INSUFFICIENT_SUPPORT
x025657	x039659	preferred	1000	0.000999000999	1	0	0	INSUFFICIENT_SUPPORT
x025657	x042803	preferred	1000	0.000999000999	1	0	0	INSUFFICIENT_SUPPORT
x025658	x000160	preferred	1000	0.000999000999	1	0	0	INSUFFICIENT_SUPPORT
x025658	x025394	preferred	1000	0.000999000999	1	0	0	INSUFFICIENT_SUPPORT
x025658	x025550	preferred	1000	0.000999000999	1	0	0	INSUFFICIENT_SUPPORT
x025658	x037862	preferred	1000	0.000999000999	1	0	0	INSUFFICIENT_SUPPORT
x025658	x039660	preferred	1000	0.000999000999	1	0	0	INSUFFICIENT_SUPPORT
x025659	x001090	preferred	1000	0.000999000999	1	0	0	INSUFFICIENT_SUPPORT
x025659	x024931	preferred	1000	0.000999000999	1	0	0	INSUFFICIENT_SUPPORT
x025659	x037862	preferred	1000	0.000999000999	1	0	0	INSUFFICIENT_SUPPORT
x025660	x015281	preferred	1000	0.000999000999	1	0	0	INSUFFICIENT_SUPPORT
x025660	x017410	preferred	1000	0.000999000999	1	0	0	INSUFFICIENT_SUPPORT
x025660	x037858	preferred	1000	0.000999000999	1	0	0	INSUFFICIENT_SUPPORT
x025660	x038538	preferred	1000	0.000999000999	1	0	0	INSUFFICIENT_SUPPORT
x025661	x002339	preferred	1000	0.000999000999	1	0	0	INSUFFICIENT_SUPPORT
x025661	x016902	preferred	1000	0.000999000999	1	0	0	INSUFFICIENT_SUPPORT
x025661	x018496	preferred	1000	0.000999000999	1	0	0	INSUFFICIENT_SUPPORT
x025661	x024933	preferred	1000	0.000999000999	1	0	0	INSUFFICIENT_SUPPORT
x025661	x037850	preferred	1000	0.000999000999	1	0	0	INSUFFICIENT_SUPPORT
x025661	x038540	preferred	1000	0.000999000999	1	0	0	INSUFFICIENT_SUPPORT
x025736	x001428	preferred	1000	0.000999000999	1	0	0	INSUFFICIENT_SUPPORT
x025736	x018878	preferred	1000	0.000999000999	1	0	0	INSUFFICIENT_SUPPORT
x025736	x022520	preferred	1000	0.000999000999	1	0	0	INSUFFICIENT_SUPPORT
x025736	x037825	preferred	1000	0.000999000999	1	0	0	INSUFFICIENT_SUPPORT
x025736	x037984	preferred	1000	0.000999000999	1	0	0	INSUFFICIENT_SUPPORT
x025737	x002108	preferred	1000	0.000999000999	1	0	0	INSUFFICIENT_SUPPORT
x025737	x002110	preferred	1000	0.000999000999	1	0	0	INSUFFICIENT_SUPPORT
x025737	x002339	preferred	1000	0.000999000999	1	0	0	INSUFFICIENT_SUPPORT
x025737	x002341	preferred	1000	0.000999000999	1	0	0	INSUFFICIENT_SUPPORT
x025737	x020017	preferred	1000	0.000999000999	1	0	0	INSUFFICIENT_SUPPORT
x025737	x022522	preferred	1000	0.000999000999	1	0	0	INSUFFICIENT_SUPPORT
x025737	x025393	preferred	1000	0.000999000999	1	0	0	INSUFFICIENT_SUPPORT
x025737	x031616	preferred	1000	0.000999000999	1	0	0	INSUFFICIENT_SUPPORT
x025737	x033602	preferred	1000	0.000999000999	1	0	0	INSUFFICIENT_SUPPORT
x025737	x034496	preferred	1000	0.000999000999	1	0	0	INSUFFICIENT_SUPPORT
x025738	x001428	preferred	1000	0.000999000999	1	0	0	INSUFFICIENT_SUPPORT
x025738	x022521	preferred	1000	0.000999000999	1	0	0	INSUFFICIENT_SUPPORT
x025738	x025394	preferred	1000	0.000999000999	1	0	0	INSUFFICIENT_SUPPORT
x025740	x018501	preferred	1000	0.000999000999	1	0	0	INSUFFICIENT_SUPPORT
x025740	x018872	preferred	1000	0.000999000999	1	0	0	INSUFFICIENT_SUPPORT
x025740	x031619	preferred	1000	0.000999000999	1	0	0	INSUFFICIENT_SUPPORT
x025740	x037858	preferred	1000	0.000999000999	1	0	0	INSUFFICIENT_SUPPORT
x025760	x024736	preferred	1000	0.000999000999	1	0	0	INSUFFICIENT_SUPPORT
x025760	x026008	preferred	1000	0.000999000999	1	0	0	INSUFFICIENT_SUPPORT
x025760	x041240	preferred	1000	0.000999000999	1	0	0	INSUFFICIENT_SUPPORT
x025761	x013417	preferred	1000	0.01598401598	1	1	1	INSUFFICIENT_SUPPORT
x025761	x039080	preferred	1000	0.01098901099	1	1	1	INSUFFICIENT_SUPPORT
x025761	x041243	preferred	1000	1	1	0	1	INSUFFICIENT_SUPPORT
x025762	x021786	preferred	1000	0.000999000999	1	0	0	INSUFFICIENT_SUPPORT
x025763	x021786	preferred	1000	0.000999000999	1	0	0	INSUFFICIENT_SUPPORT
x025763	x024737	preferred	1000	0.000999000999	1	0	0	INSUFFICIENT_SUPPORT
x025764	x041241	preferred	1000	0.000999000999	1	0	0	INSUFFICIENT_SUPPORT
x025766	x021785	preferred	1000	0.000999000999	1	0	0	INSUFFICIENT_SUPPORT
x025784	x000104	preferred	1000	0.000999000999	1	0	0	INSUFFICIENT_SUPPORT
x025784	x001424	preferred	1000	0.000999000999	1	0	0	INSUFFICIENT_SUPPORT
x025784	x001427	preferred	1000	0.000999000999	1	0	0	INSUFFICIENT_SUPPORT
x025784	x014831	preferred	1000	0.000999000999	1	0	0	INSUFFICIENT_SUPPORT
x025784	x015283	preferred	1000	0.000999000999	1	0	0	INSUFFICIENT_SUPPORT
x025784	x017888	preferred	1000	0.000999000999	1	0	0	INSUFFICIENT_SUPPORT
x025784	x017892	preferred	1000	0.000999000999	1	0	0	INSUFFICIENT_SUPPORT
x025784	x018501	preferred	1000	0.000999000999	1	0	0	INSUFFICIENT_SUPPORT
x025784	x018875	preferred	1000	0.000999000999	1	0	0	INSUFFICIENT_SUPPORT
x025784	x019941	preferred	1000	0.000999000999	1	0	0	INSUFFICIENT_SUPPORT
x025784	x020020	preferred	1000	0.000999000999	1	0	0	INSUFFICIENT_SUPPORT
x025784	x020023	preferred	1000	0.000999000999	1	0	0	INSUFFICIENT_SUPPORT
x025784	x024800	preferred	1000	0.000999000999	1	0	0	INSUFFICIENT_SUPPORT
x025784	x025013	preferred	1000	0.000999000999	1	0	0	INSUFFICIENT_SUPPORT
x025784	x025392	preferred	1000	0.000999000999	1	0	0	INSUFFICIENT_SUPPORT
x025784	x025393	preferred	1000	0.000999000999	1	0	0	INSUFFICIENT_SUPPORT
x025784	x025395	preferred	1000	0.000999000999	1	0	0	INSUFFICIENT_SUPPORT
x025784	x025396	preferred	1000	0.000999000999	1	0	0	INSUFFICIENT_SUPPORT
x025784	x025398	preferred	1000	0.000999000999	1	0	0	INSUFFICIENT_SUPPORT
x025784	x025529	preferred	1000	0.000999000999	1	0	0	INSUFFICIENT_SUPPORT
x025784	x025888	preferred	1000	0.000999000999	1	0	0	INSUFFICIENT_SUPPORT
x025784	x034496	preferred	1000	0.000999000999	1	0	0	INSUFFICIENT_SUPPORT
x025784	x034674	preferred	1000	0.000999000999	1	0	0	INSUFFICIENT_SUPPORT
x025784	x037859	preferred	1000	0.000999000999	1	0	0	INSUFFICIENT_SUPPORT
x025784	x037860	preferred	1000	0.000999000999	1	0	0	INSUFFICIENT_SUPPORT
x025784	x037955	preferred	1000	0.000999000999	1	0	0	INSUFFICIENT_SUPPORT
x025784	x042104	preferred	1000	0.000999000999	1	0	0	INSUFFICIENT_SUPPORT
x025785	x002336	preferred	1000	0.000999000999	1	0	0	INSUFFICIENT_SUPPORT
x025785	x005072	preferred	1000	0.000999000999	1	0	0	INSUFFICIENT_SUPPORT
x025785	x005076	preferred	1000	0.000999000999	1	0	0	INSUFFICIENT_SUPPORT
x025785	x014824	preferred	1000	0.000999000999	1	0	0	INSUFFICIENT_SUPPORT
x025785	x014826	preferred	1000	0.000999000999	1	0	0	INSUFFICIENT_SUPPORT
x025785	x014827	preferred	1000	0.000999000999	1	0	0	INSUFFICIENT_SUPPORT
x025785	x014831	preferred	1000	0.000999000999	1	0	0	INSUFFICIENT_SUPPORT
x025785	x015280	preferred	1000	0.000999000999	1	0	0	INSUFFICIENT_SUPPORT
x025785	x017408	preferred	1000	0.000999000999	1	0	0	INSUFFICIENT_SUPPORT
x025785	x017413	preferred	1000	0.000999000999	1	0	0	INSUFFICIENT_SUPPORT
x025785	x017890	preferred	1000	0.000999000999	1	0	0	INSUFFICIENT_SUPPORT
x025785	x019717	preferred	1000	0.000999000999	1	0	0	INSUFFICIENT_SUPPORT
x025785	x024245	preferred	1000	0.000999000999	1	0	0	INSUFFICIENT_SUPPORT
x025785	x025392	preferred	1000	0.000999000999	1	0	0	INSUFFICIENT_SUPPORT
x025785	x025393	preferred	1000	0.000999000999	1	0	0	INSUFFICIENT_SUPPORT
x025785	x025529	preferred	1000	0.000999000999	1	0	0	INSUFFICIENT_SUPPORT
x025785	x034673	preferred	1000	0.000999000999	1	0	0	INSUFFICIENT_SUPPORT
x025785	x038538	preferred	1000	0.000999000999	1	0	0	INSUFFICIENT_SUPPORT
x025786	x000104	preferred	1000	0.000999000999	1	0	0	INSUFFICIENT_SUPPORT
x025786	x002343	preferred	1000	0.000999000999	1	0	0	INSUFFICIENT_SUPPORT
x025786	x014826	preferred	1000	0.000999000999	1	0	0	INSUFFICIENT_SUPPORT
x025786	x017413	preferred	1000	0.000999000999	1	0	0	INSUFFICIENT_SUPPORT
x025786	x017888	preferred	1000	0.000999000999	1	0	0	INSUFFICIENT_SUPPORT
x025786	x017892	preferred	1000	0.000999000999	1	0	0	INSUFFICIENT_SUPPORT
x025786	x025392	preferred	1000	0.000999000999	1	0	0	INSUFFICIENT_SUPPORT
x025786	x025393	preferred	1000	0.000999000999	1	0	0	INSUFFICIENT_SUPPORT
x025786	x025395	preferred	1000	0.000999000999	1	0	0	INSUFFICIENT_SUPPORT
x025786	x025399	preferred	1000	0.000999000999	1	0	0	INSUFFICIENT_SUPPORT
x025786	x038539	preferred	1000	0.000999000999	1	0	0	INSUFFICIENT_SUPPORT
x025786	x040217	preferred	1000	0.000999000999	1	0	0	INSUFFICIENT_SUPPORT
x025786	x042106	preferred	1000	0.000999000999	1	0	0	INSUFFICIENT_SUPPORT
x025787	x002336	preferred	1000	0.000999000999	1	0	0	INSUFFICIENT_SUPPORT
x025787	x005075	preferred	1000	0.000999000999	1	0	0	INSUFFICIENT_SUPPORT
x025787	x017888	preferred	1000	0.000999000999	1	0	0	INSUFFICIENT_SUPPORT
x025787	x018497	preferred	1000	0.000999000999	1	0	0	INSUFFICIENT_SUPPORT
x025787	x019712	preferred	1000	0.000999000999	1	0	0	INSUFFICIENT_SUPPORT
x025787	x025392	preferred	1000	0.000999000999	1	0	0	INSUFFICIENT_SUPPORT
x025787	x025394	preferred	1000	0.000999000999	1	0	0	INSUFFICIENT_SUPPORT
x025787	x025395	preferred	1000	0.000999000999	1	0	0	INSUFFICIENT_SUPPORT
x025787	x034673	preferred	1000	0.000999000999	1	0	0	INSUFFICIENT_SUPPORT
x025787	x037850	preferred	1000	0.000999000999	1	0	0	INSUFFICIENT_SUPPORT
x025787	x038265	preferred	1000	0.000999000999	1	0	0	INSUFFICIENT_SUPPORT
x025787	x038540	preferred	1000	0.000999000999	1	0	0	INSUFFICIENT_SUPPORT
x025787	x040218	preferred	1000	0.000999000999	1	0	0	INSUFFICIENT_SUPPORT
x025787	x041609	preferred	1000	0.000999000999	1	0	0	INSUFFICIENT_SUPPORT
x025787	x042104	preferred	1000	0.000999000999	1	0	0	INSUFFICIENT_SUPPORT
x025789	x000105	preferred	1000	0.000999000999	1	0	0	INSUFFICIENT_SUPPORT
x025789	x001424	preferred	1000	0.000999000999	1	0	0	INSUFFICIENT_SUPPORT
x025789	x002337	preferred	1000	0.000999000999	1	0	0	INSUFFICIENT_SUPPORT
x025789	x005106	preferred	1000	0.000999000999	1	0	0	INSUFFICIENT_SUPPORT
x025789	x014826	preferred	1000	0.000999000999	1	0	0	INSUFFICIENT_SUPPORT
x025789	x015282	preferred	1000	0.000999000999	1	0	0	INSUFFICIENT_SUPPORT
x025789	x025392	preferred	1000	0.000999000999	1	0	0	INSUFFICIENT_SUPPORT
x025789	x038542	preferred	1000	0.000999000999	1	0	0	INSUFFICIENT_SUPPORT
x025789	x040218	preferred	1000	0.000999000999	1	0	0	INSUFFICIENT_SUPPORT
x025790	x000107	preferred	1000	0.000999000999	1	0	0	INSUFFICIENT_SUPPORT
x025790	x001430	preferred	1000	0.000999000999	1	0	0	INSUFFICIENT_SUPPORT
x025790	x018561	preferred	1000	0.000999000999	1	0	0	INSUFFICIENT_SUPPORT
x025790	x025392	preferred	1000	0.000999000999	1	0	0	INSUFFICIENT_SUPPORT
x025790	x025393	preferred	1000	0.000999000999	1	0	0	INSUFFICIENT_SUPPORT
x025790	x025546	preferred	1000	0.000999000999	1	0	0	INSUFFICIENT_SUPPORT
x025790	x037856	preferred	1000	0.000999000999	1	0	0	INSUFFICIENT_SUPPORT
x025790	x037862	preferred	1000	0.000999000999	1	0	0	INSUFFICIENT_SUPPORT
x025790	x037954	preferred	1000	0.000999000999	1	0	0	INSUFFICIENT_SUPPORT
x025790	x041258	preferred	1000	0.000999000999	1	0	0	INSUFFICIENT_SUPPORT
x025888	x001632	preferred	1000	0.000999000999	1	0	0	INSUFFICIENT_SUPPORT
x025888	x002105	preferred	1000	0.000999000999	1	0	0	INSUFFICIENT_SUPPORT
x025888	x017890	preferred	1000	0.000999000999	1	0	0	INSUFFICIENT_SUPPORT
x025888	x017892	preferred	1000	0.000999000999	1	0	0	INSUFFICIENT_SUPPORT
x025888	x020016	preferred	1000	0.000999000999	1	0	0	INSUFFICIENT_SUPPORT
x025888	x024243	preferred	1000	0.000999000999	1	0	0	INSUFFICIENT_SUPPORT
x025888	x037857	preferred	1000	0.000999000999	1	0	0	INSUFFICIENT_SUPPORT
x025888	x037860	preferred	1000	0.000999000999	1	0	0	INSUFFICIENT_SUPPORT
x025888	x038106	preferred	1000	0.000999000999	1	0	0	INSUFFICIENT_SUPPORT
x025888	x038536	preferred	1000	0.000999000999	1	0	0	INSUFFICIENT_SUPPORT
x025888	x038538	preferred	1000	0.000999000999	1	0	0	INSUFFICIENT_SUPPORT
x025888	x038540	preferred	1000	0.000999000999	1	0	0	INSUFFICIENT_SUPPORT
x025888	x040216	preferred	1000	0.000999000999	1	0	0	INSUFFICIENT_SUPPORT
x025889	x017836	preferred	1000	0.000999000999	1	0	0	INSUFFICIENT_SUPPORT
x025889	x017888	preferred	1000	0.000999000999	1	0	0	INSUFFICIENT_SUPPORT
x025889	x017890	preferred	1000	0.000999000999	1	0	0	INSUFFICIENT_SUPPORT
x025889	x018875	preferred	1000	0.000999000999	1	0	0	INSUFFICIENT_SUPPORT
x025889	x020019	preferred	1000	0.000999000999	1	0	0	INSUFFICIENT_SUPPORT
x025889	x020020	preferred	1000	0.000999000999	1	0	0	INSUFFICIENT_SUPPORT
x025889	x031708	preferred	1000	0.000999000999	1	0	0	INSUFFICIENT_SUPPORT
x025889	x037857	preferred	1000	0.000999000999	1	0	0	INSUFFICIENT_SUPPORT
x025889	x037858	preferred	1000	0.000999000999	1	0	0	INSUFFICIENT_SUPPORT
x025889	x037863	preferred	1000	0.000999000999	1	0	0	INSUFFICIENT_SUPPORT
x025889	x038106	preferred	1000	0.000999000999	1	0	0	INSUFFICIENT_SUPPORT
x025889	x038539	preferred	1000	0.000999000999	1	0	0	INSUFFICIENT_SUPPORT
x025889	x042107	preferred	1000	0.000999000999	1	0	0	INSUFFICIENT_SUPPORT
x025890	x000105	preferred	1000	0.000999000999	1	0	0	INSUFFICIENT_SUPPORT
x025890	x015282	preferred	1000	0.000999000999	1	0	0	INSUFFICIENT_SUPPORT
x025890	x017677	preferred	1000	0.000999000999	1	0	0	INSUFFICIENT_SUPPORT
x025890	x025765	preferred	1000	0.000999000999	1	0	0	INSUFFICIENT_SUPPORT
x025890	x037857	preferred	1000	0.000999000999	1	0	0	INSUFFICIENT_SUPPORT
x025890	x037858	preferred	1000	0.000999000999	1	0	0	INSUFFICIENT_SUPPORT
x025890	x037859	preferred	1000	0.000999000999	1	0	0	INSUFFICIENT_SUPPORT
x025890	x037860	preferred	1000	0.000999000999	1	0	0	INSUFFICIENT_SUPPORT
x025890	x037861	preferred	1000	0.000999000999	1	0	0	INSUFFICIENT_SUPPORT
x025890	x038108	preferred	1000	0.000999000999	1	0	0	INSUFFICIENT_SUPPORT
x025890	x038536	preferred	1000	0.000999000999	1	0	0	INSUFFICIENT_SUPPORT
x025890	x038540	preferred	1000	0.000999000999	1	0	0	INSUFFICIENT_SUPPORT
x025890	x041657	preferred	1000	0.000999000999	1	0	0	INSUFFICIENT_SUPPORT
x025891	x015283	preferred	1000	0.000999000999	1	0	0	INSUFFICIENT_SUPPORT
x025891	x017890	preferred	1000	0.000999000999	1	0	0	INSUFFICIENT_SUPPORT
x025891	x018500	preferred	1000	0.000999000999	1	0	0	INSUFFICIENT_SUPPORT
x025891	x037857	preferred	1000	0.000999000999	1	0	0	INSUFFICIENT_SUPPORT
x025891	x037859	preferred	1000	0.000999000999	1	0	0	INSUFFICIENT_SUPPORT
x025891	x037861	preferred	1000	0.000999000999	1	0	0	INSUFFICIENT_SUPPORT
x025891	x038109	preferred	1000	0.000999000999	1	0	0	INSUFFICIENT_SUPPORT
x026008	x025009	preferred	1000	0.000999000999	1	0	0	INSUFFICIENT_SUPPORT
x029027	x017889	preferred	1000	0.000999000999	1	0	0	INSUFFICIENT_SUPPORT
x029027	x018877	preferred	1000	0.000999000999	1	0	0	INSUFFICIENT_SUPPORT
x029027	x020019	preferred	1000	0.000999000999	1	0	0	INSUFFICIENT_SUPPORT
x029027	x020022	preferred	1000	0.000999000999	1	0	0	INSUFFICIENT_SUPPORT
x029027	x025761	preferred	1000	0.000999000999	1	0	0	INSUFFICIENT_SUPPORT
x029027	x037858	preferred	1000	0.000999000999	1	0	0	INSUFFICIENT_SUPPORT
x029027	x037860	preferred	1000	0.000999000999	1	0	0	INSUFFICIENT_SUPPORT
x029027	x042801	preferred	1000	0.000999000999	1	0	0	INSUFFICIENT_SUPPORT
x029027	x042803	preferred	1000	0.000999000999	1	0	0	INSUFFICIENT_SUPPORT
x031290	x005073	preferred	1000	0.000999000999	1	0	0	INSUFFICIENT_SUPPORT
x031290	x017408	preferred	1000	0.000999000999	1	0	0	INSUFFICIENT_SUPPORT
x031290	x017409	preferred	1000	0.000999000999	1	0	0	INSUFFICIENT_SUPPORT
x031290	x017414	preferred	1000	0.000999000999	1	0	0	INSUFFICIENT_SUPPORT
x031290	x018874	preferred	1000	0.000999000999	1	0	0	INSUFFICIENT_SUPPORT
x031290	x037849	preferred	1000	0.000999000999	1	0	0	INSUFFICIENT_SUPPORT
x031290	x037853	preferred	1000	0.000999000999	1	0	0	INSUFFICIENT_SUPPORT
x031290	x042105	preferred	1000	0.000999000999	1	0	0	INSUFFICIENT_SUPPORT
x031370	x001424	preferred	1000	0.000999000999	1	0	0	INSUFFICIENT_SUPPORT
x031370	x002338	preferred	1000	0.000999000999	1	0	0	INSUFFICIENT_SUPPORT
x031370	x017891	preferred	1000	0.000999000999	1	0	0	INSUFFICIENT_SUPPORT
x031370	x020018	preferred	1000	0.000999000999	1	0	0	INSUFFICIENT_SUPPORT
x031370	x024072	preferred	1000	0.000999000999	1	0	0	INSUFFICIENT_SUPPORT
x031370	x037857	preferred	1000	0.000999000999	1	0	0	INSUFFICIENT_SUPPORT
x031370	x037861	preferred	1000	0.000999000999	1	0	0	INSUFFICIENT_SUPPORT
x031370	x037954	preferred	1000	0.000999000999	1	0	0	INSUFFICIENT_SUPPORT
x031370	x040257	preferred	1000	0.000999000999	1	0	0	INSUFFICIENT_SUPPORT
x031616	x000104	preferred	1000	0.000999000999	1	0	0	INSUFFICIENT_SUPPORT
x031616	x000105	preferred	1000	0.000999000999	1	0	0	INSUFFICIENT_SUPPORT
x031616	x000106	preferred	1000	0.000999000999	1	0	0	INSUFFICIENT_SUPPORT
x031616	x017033	preferred	1000	0.000999000999	1	0	0	INSUFFICIENT_SUPPORT
x031616	x017409	preferred	1000	0.000999000999	1	0	0	INSUFFICIENT_SUPPORT
x031616	x020018	preferred	1000	0.000999000999	1	0	0	INSUFFICIENT_SUPPORT
x031616	x024242	preferred	1000	0.000999000999	1	0	0	INSUFFICIENT_SUPPORT
x031616	x024800	preferred	1000	0.000999000999	1	0	0	INSUFFICIENT_SUPPORT
x031616	x024930	preferred	1000	0.000999000999	1	0	0	INSUFFICIENT_SUPPORT
x031616	x025554	preferred	1000	0.000999000999	1	0	0	INSUFFICIENT_SUPPORT
x031616	x041256	preferred	1000	0.000999000999	1	0	0	INSUFFICIENT_SUPPORT
x031616	x041530	preferred	1000	0.000999000999	1	0	0	INSUFFICIENT_SUPPORT
x031617	x000105	preferred	1000	0.000999000999	1	0	0	INSUFFICIENT_SUPPORT
x031617	x020329	preferred	1000	0.000999000999	1	0	0	INSUFFICIENT_SUPPORT
x031617	x023864	preferred	1000	0.000999000999	1	0	0	INSUFFICIENT_SUPPORT
x031617	x024933	preferred	1000	0.000999000999	1	0	0	INSUFFICIENT_SUPPORT
x031617	x037863	preferred	1000	0.000999000999	1	0	0	INSUFFICIENT_SUPPORT
x031618	x001088	preferred	1000	0.000999000999	1	0	0	INSUFFICIENT_SUPPORT
x031618	x001093	preferred	1000	0.000999000999	1	0	0	INSUFFICIENT_SUPPORT
x031618	x003194	preferred	1000	0.000999000999	1	0	0	INSUFFICIENT_SUPPORT
x031618	x005073	preferred	1000	0.000999000999	1	0	0	INSUFFICIENT_SUPPORT
x031618	x009304	preferred	1000	0.000999000999	1	0	0	INSUFFICIENT_SUPPORT
x031618	x018872	preferred	1000	0.000999000999	1	0	0	INSUFFICIENT_SUPPORT
x031618	x024933	preferred	1000	0.000999000999	1	0	0	INSUFFICIENT_SUPPORT
x031618	x037849	preferred	1000	0.000999000999	1	0	0	INSUFFICIENT_SUPPORT
x031619	x000107	preferred	1000	0.000999000999	1	0	0	INSUFFICIENT_SUPPORT
x031619	x002105	preferred	1000	0.000999000999	1	0	0	INSUFFICIENT_SUPPORT
x031619	x003194	preferred	1000	0.000999000999	1	0	0	INSUFFICIENT_SUPPORT
x031619	x037851	preferred	1000	0.000999000999	1	0	0	INSUFFICIENT_SUPPORT
x031619	x037861	preferred	1000	0.000999000999	1	0	0	INSUFFICIENT_SUPPORT
x031619	x042806	preferred	1000	0.000999000999	1	0	0	INSUFFICIENT_SUPPORT
x031620	x001430	preferred	1000	0.000999000999	1	0	0	INSUFFICIENT_SUPPORT
x031620	x003192	preferred	1000	0.000999000999	1	0	0	INSUFFICIENT_SUPPORT
x031621	x000108	preferred	1000	0.000999000999	1	0	0	INSUFFICIENT_SUPPORT
x031622	x000104	preferred	1000	0.000999000999	1	0	0	INSUFFICIENT_SUPPORT
x031622	x000109	preferred	1000	0.000999000999	1	0	0	INSUFFICIENT_SUPPORT
x031622	x000111	preferred	1000	0.000999000999	1	0	0	INSUFFICIENT_SUPPORT
x031622	x018496	preferred	1000	0.000999000999	1	0	0	INSUFFICIENT_SUPPORT
x031622	x024801	preferred	1000	0.000999000999	1	0	0	INSUFFICIENT_SUPPORT
x031622	x037984	preferred	1000	0.000999000999	1	0	0	INSUFFICIENT_SUPPORT
x031704	x000104	preferred	1000	0.000999000999	1	0	0	INSUFFICIENT_SUPPORT
x031704	x017408	preferred	1000	0.000999000999	1	0	0	INSUFFICIENT_SUPPORT
x031704	x017409	preferred	1000	0.000999000999	1	0	0	INSUFFICIENT_SUPPORT
x031704	x017410	preferred	1000	0.000999000999	1	0	0	INSUFFICIENT_SUPPORT
x031704	x017413	preferred	1000	0.000999000999	1	0	0	INSUFFICIENT_SUPPORT
x031704	x017414	preferred	1000	0.000999000999	1	0	0	INSUFFICIENT_SUPPORT
x031704	x017992	preferred	1000	0.000999000999	1	0	0	INSUFFICIENT_SUPPORT
x031704	x017993	preferred	1000	0.000999000999	1	0	0	INSUFFICIENT_SUPPORT
x031704	x017994	preferred	1000	0.000999000999	1	0	0	INSUFFICIENT_SUPPORT
x031704	x018496	preferred	1000	0.000999000999	1	0	0	INSUFFICIENT_SUPPORT
x031704	x018497	preferred	1000	0.000999000999	1	0	0	INSUFFICIENT_SUPPORT
x031704	x018498	preferred	1000	0.000999000999	1	0	0	INSUFFICIENT_SUPPORT
x031704	x018499	preferred	1000	0.000999000999	1	0	0	INSUFFICIENT_SUPPORT
x031704	x018500	preferred	1000	0.000999000999	1	0	0	INSUFFICIENT_SUPPORT
x031704	x018503	preferred	1000	0.000999000999	1	0	0	INSUFFICIENT_SUPPORT
x031704	x020020	preferred	1000	0.000999000999	1	0	0	INSUFFICIENT_SUPPORT
x031704	x025763	preferred	1000	0.000999000999	1	0	0	INSUFFICIENT_SUPPORT
x031704	x033308	preferred	1000	0.000999000999	1	0	0	INSUFFICIENT_SUPPORT
x031704	x037858	preferred	1000	0.000999000999	1	0	0	INSUFFICIENT_SUPPORT
x031704	x037863	preferred	1000	0.000999000999	1	0	0	INSUFFICIENT_SUPPORT
x031704	x037986	preferred	1000	0.000999000999	1	0	0	INSUFFICIENT_SUPPORT
x031704	x038537	preferred	1000	0.000999000999	1	0	0	INSUFFICIENT_SUPPORT
x031705	x001425	preferred	1000	0.000999000999	1	0	0	INSUFFICIENT_SUPPORT
x031705	x017408	preferred	1000	0.000999000999	1	0	0	INSUFFICIENT_SUPPORT
x031705	x017409	preferred	1000	0.000999000999	1	0	0	INSUFFICIENT_SUPPORT
x031705	x017411	preferred	1000	0.000999000999	1	0	0	INSUFFICIENT_SUPPORT
x031705	x017412	preferred	1000	0.000999000999	1	0	0	INSUFFICIENT_SUPPORT
x031705	x017413	preferred	1000	0.000999000999	1	0	0	INSUFFICIENT_SUPPORT
x031705	x017414	preferred	1000	0.000999000999	1	0	0	INSUFFICIENT_SUPPORT
x031705	x017992	preferred	1000	0.000999000999	1	0	0	INSUFFICIENT_SUPPORT
x031705	x017993	preferred	1000	0.000999000999	1	0	0	INSUFFICIENT_SUPPORT
x031705	x017995	preferred	1000	0.000999000999	1	0	0	INSUFFICIENT_SUPPORT
x031705	x017996	preferred	1000	0.000999000999	1	0	0	INSUFFICIENT_SUPPORT
x031705	x017998	preferred	1000	0.000999000999	1	0	0	INSUFFICIENT_SUPPORT
x031705	x018496	preferred	1000	0.000999000999	1	0	0	INSUFFICIENT_SUPPORT
x031705	x018497	preferred	1000	0.000999000999	1	0	0	INSUFFICIENT_SUPPORT
x031705	x018498	preferred	1000	0.000999000999	1	0	0	INSUFFICIENT_SUPPORT
x031705	x018501	preferred	1000	0.000999000999	1	0	0	INSUFFICIENT_SUPPORT
x031705	x023520	preferred	1000	0.000999000999	1	0	0	INSUFFICIENT_SUPPORT
x031705	x024803	preferred	1000	0.000999000999	1	0	0	INSUFFICIENT_SUPPORT
x031705	x024932	preferred	1000	0.000999000999	1	0	0	INSUFFICIENT_SUPPORT
x031705	x025761	preferred	1000	0.000999000999	1	0	0	INSUFFICIENT_SUPPORT
x031705	x033097	preferred	1000	0.000999000999	1	0	0	INSUFFICIENT_SUPPORT
x031705	x037856	preferred	1000	0.000999000999	1	0	0	INSUFFICIENT_SUPPORT
x031705	x037861	preferred	1000	0.000999000999	1	0	0	INSUFFICIENT_SUPPORT
x031705	x038536	preferred	1000	0.000999000999	1	0	0	INSUFFICIENT_SUPPORT
x031705	x038537	preferred	1000	0.000999000999	1	0	0	INSUFFICIENT_SUPPORT
x031706	x005073	preferred	1000	0.000999000999	1	0	0	INSUFFICIENT_SUPPORT
x031706	x017408	preferred	1000	0.000999000999	1	0	0	INSUFFICIENT_SUPPORT
x031706	x017409	preferred	1000	0.000999000999	1	0	0	INSUFFICIENT_SUPPORT
x031706	x017410	preferred	1000	0.000999000999	1	0	0	INSUFFICIENT_SUPPORT
x031706	x017411	preferred	1000	0.000999000999	1	0	0	INSUFFICIENT_SUPPORT
x031706	x017993	preferred	1000	0.000999000999	1	0	0	INSUFFICIENT_SUPPORT
x031706	x017995	preferred	1000	0.000999000999	1	0	0	INSUFFICIENT_SUPPORT
x031706	x017996	preferred	1000	0.000999000999	1	0	0	INSUFFICIENT_SUPPORT
x031706	x018496	preferred	1000	0.000999000999	1	0	0	INSUFFICIENT_SUPPORT
x031706	x018500	preferred	1000	0.000999000999	1	0	0	INSUFFICIENT_SUPPORT
x031706	x018501	preferred	1000	0.000999000999	1	0	0	INSUFFICIENT_SUPPORT
x031706	x018503	preferred	1000	0.000999000999	1	0	0	INSUFFICIENT_SUPPORT
x031706	x018873	preferred	1000	0.000999000999	1	0	0	INSUFFICIENT_SUPPORT
x031706	x020248	preferred	1000	0.000999000999	1	0	0	INSUFFICIENT_SUPPORT
x031706	x024246	preferred	1000	0.000999000999	1	0	0	INSUFFICIENT_SUPPORT
x031706	x033098	preferred	1000	0.000999000999	1	0	0	INSUFFICIENT_SUPPORT
x031706	x037856	preferred	1000	0.000999000999	1	0	0	INSUFFICIENT_SUPPORT
x031706	x037858	preferred	1000	0.000999000999	1	0	0	INSUFFICIENT_SUPPORT
x031706	x037859	preferred	1000	0.000999000999	1	0	0	INSUFFICIENT_SUPPORT
x031706	x042806	preferred	1000	0.000999000999	1	0	0	INSUFFICIENT_SUPPORT
x031707	x002110	preferred	1000	0.000999000999	1	0	0	INSUFFICIENT_SUPPORT
x031707	x016970	preferred	1000	0.000999000999	1	0	0	INSUFFICIENT_SUPPORT
x031707	x017293	preferred	1000	0.000999000999	1	0	0	INSUFFICIENT_SUPPORT
x031707	x017408	preferred	1000	0.000999000999	1	0	0	INSUFFICIENT_SUPPORT
x031707	x017409	preferred	1000	0.000999000999	1	0	0	INSUFFICIENT_SUPPORT
x031707	x017412	preferred	1000	0.000999000999	1	0	0	INSUFFICIENT_SUPPORT
x031707	x017995	preferred	1000	0.000999000999	1	0	0	INSUFFICIENT_SUPPORT
x031707	x020249	preferred	1000	0.000999000999	1	0	0	INSUFFICIENT_SUPPORT
x031707	x024244	preferred	1000	0.000999000999	1	0	0	INSUFFICIENT_SUPPORT
x031707	x034240	preferred	1000	0.000999000999	1	0	0	INSUFFICIENT_SUPPORT
x031707	x037848	preferred	1000	0.000999000999	1	0	0	INSUFFICIENT_SUPPORT
x031707	x037953	preferred	1000	0.000999000999	1	0	0	INSUFFICIENT_SUPPORT
x031707	x037989	preferred	1000	0.000999000999	1	0	0	INSUFFICIENT_SUPPORT
x031707	x041658	preferred	1000	0.000999000999	1	0	0	INSUFFICIENT_SUPPORT
x031708	x017408	preferred	1000	0.000999000999	1	0	0	INSUFFICIENT_SUPPORT
x031708	x017411	preferred	1000	0.000999000999	1	0	0	INSUFFICIENT_SUPPORT
x031708	x017892	preferred	1000	0.000999000999	1	0	0	INSUFFICIENT_SUPPORT
x031708	x017992	preferred	1000	0.000999000999	1	0	0	INSUFFICIENT_SUPPORT
x031708	x017993	preferred	1000	0.000999000999	1	0	0	INSUFFICIENT_SUPPORT
x031708	x017996	preferred	1000	0.000999000999	1	0	0	INSUFFICIENT_SUPPORT
x031708	x017998	preferred	1000	0.000999000999	1	0	0	INSUFFICIENT_SUPPORT
x031708	x018497	preferred	1000	0.000999000999	1	0	0	INSUFFICIENT_SUPPORT
x031708	x018499	preferred	1000	0.000999000999	1	0	0	INSUFFICIENT_SUPPORT
x031708	x018502	preferred	1000	0.000999000999	1	0	0	INSUFFICIENT_SUPPORT
x031708	x018873	preferred	1000	0.000999000999	1	0	0	INSUFFICIENT_SUPPORT
x031708	x024246	preferred	1000	0.000999000999	1	0	0	INSUFFICIENT_SUPPORT
x031708	x033099	preferred	1000	0.000999000999	1	0	0	INSUFFICIENT_SUPPORT
x031708	x037850	preferred	1000	0.000999000999	1	0	0	INSUFFICIENT_SUPPORT
x031708	x038541	preferred	1000	0.000999000999	1	0	0	INSUFFICIENT_SUPPORT
x031708	x041258	preferred	1000	0.000999000999	1	0	0	INSUFFICIENT_SUPPORT
x031708	x041262	preferred	1000	0.000999000999	1	0	0	INSUFFICIENT_SUPPORT
x031708	x042107	preferred	1000	0.000999000999	1	0	0	INSUFFICIENT_SUPPORT
x031709	x002336	preferred	1000	0.000999000999	1	0	0	INSUFFICIENT_SUPPORT
x031709	x017408	preferred	1000	0.000999000999	1	0	0	INSUFFICIENT_SUPPORT
x031709	x017409	preferred	1000	0.000999000999	1	0	0	INSUFFICIENT_SUPPORT
x031709	x017412	preferred	1000	0.000999000999	1	0	0	INSUFFICIENT_SUPPORT
x031709	x017992	preferred	1000	0.000999000999	1	0	0	INSUFFICIENT_SUPPORT
x031709	x017993	preferred	1000	0.000999000999	1	0	0	INSUFFICIENT_SUPPORT
x031709	x017996	preferred	1000	0.000999000999	1	0	0	INSUFFICIENT_SUPPORT
x031709	x018496	preferred	1000	0.000999000999	1	0	0	INSUFFICIENT_SUPPORT
x031709	x018498	preferred	1000	0.000999000999	1	0	0	INSUFFICIENT_SUPPORT
x031709	x018501	preferred	1000	0.000999000999	1	0	0	INSUFFICIENT_SUPPORT
x031709	x018563	preferred	1000	0.000999000999	1	0	0	INSUFFICIENT_SUPPORT
x031709	x020249	preferred	1000	0.000999000999	1	0	0	INSUFFICIENT_SUPPORT
x031709	x033096	preferred	1000	0.000999000999	1	0	0	INSUFFICIENT_SUPPORT
x031709	x037859	preferred	1000	0.000999000999	1	0	0	INSUFFICIENT_SUPPORT
x031709	x037956	preferred	1000	0.000999000999	1	0	0	INSUFFICIENT_SUPPORT
x031709	x038538	preferred	1000	0.000999000999	1	0	0	INSUFFICIENT_SUPPORT
x031776	x002107	preferred	1000	0.000999000999	1	0	0	INSUFFICIENT_SUPPORT
x031776	x024736	preferred	1000	0.000999000999	1	0	0	INSUFFICIENT_SUPPORT
x032440	x014824	preferred	1000	0.000999000999	1	0	0	INSUFFICIENT_SUPPORT
x032440	x017692	preferred	1000	0.000999000999	1	0	0	INSUFFICIENT_SUPPORT
x032440	x018248	preferred	1000	0.000999000999	1	0	0	INSUFFICIENT_SUPPORT
x032440	x018249	preferred	1000	0.000999000999	1	0	0	INSUFFICIENT_SUPPORT
x032440	x023865	preferred	1000	0.000999000999	1	0	0	INSUFFICIENT_SUPPORT
x032440	x037849	preferred	1000	0.000999000999	1	0	0	INSUFFICIENT_SUPPORT
x032440	x037856	preferred	1000	0.000999000999	1	0	0	INSUFFICIENT_SUPPORT
x032440	x037860	preferred	1000	0.000999000999	1	0	0	INSUFFICIENT_SUPPORT
x032440	x041533	preferred	1000	0.000999000999	1	0	0	INSUFFICIENT_SUPPORT
x032441	x000107	preferred	1000	0.000999000999	1	0	0	INSUFFICIENT_SUPPORT
x032441	x002104	preferred	1000	0.000999000999	1	0	0	INSUFFICIENT_SUPPORT
x032441	x005104	preferred	1000	0.000999000999	1	0	0	INSUFFICIENT_SUPPORT
x032441	x017834	preferred	1000	0.000999000999	1	0	0	INSUFFICIENT_SUPPORT
x032441	x020016	preferred	1000	0.000999000999	1	0	0	INSUFFICIENT_SUPPORT
x032441	x020017	preferred	1000	0.000999000999	1	0	0	INSUFFICIENT_SUPPORT
x032441	x020018	preferred	1000	0.000999000999	1	0	0	INSUFFICIENT_SUPPORT
x032441	x024240	preferred	1000	0.000999000999	1	0	0	INSUFFICIENT_SUPPORT
x032441	x037849	preferred	1000	0.000999000999	1	0	0	INSUFFICIENT_SUPPORT
x032441	x037856	preferred	1000	0.000999000999	1	0	0	INSUFFICIENT_SUPPORT
x032441	x037857	preferred	1000	0.000999000999	1	0	0	INSUFFICIENT_SUPPORT
x032441	x041531	preferred	1000	0.000999000999	1	0	0	INSUFFICIENT_SUPPORT
x032441	x041533	preferred	1000	0.000999000999	1	0	0	INSUFFICIENT_SUPPORT
x032441	x042801	preferred	1000	0.000999000999	1	0	0	INSUFFICIENT_SUPPORT
x032441	x042803	preferred	1000	0.000999000999	1	0	0	INSUFFICIENT_SUPPORT
x032441	x042807	preferred	1000	0.000999000999	1	0	0	INSUFFICIENT_SUPPORT
x032442	x000105	preferred	1000	0.000999000999	1	0	0	INSUFFICIENT_SUPPORT
x032442	x000106	preferred	1000	0.000999000999	1	0	0	INSUFFICIENT_SUPPORT
x032442	x000108	preferred	1000	0.000999000999	1	0	0	INSUFFICIENT_SUPPORT
x032442	x014827	preferred	1000	0.000999000999	1	0	0	INSUFFICIENT_SUPPORT
x032442	x018248	preferred	1000	0.000999000999	1	0	0	INSUFFICIENT_SUPPORT
x032442	x018251	preferred	1000	0.000999000999	1	0	0	INSUFFICIENT_SUPPORT
x032442	x018873	preferred	1000	0.000999000999	1	0	0	INSUFFICIENT_SUPPORT
x032442	x020019	preferred	1000	0.000999000999	1	0	0	INSUFFICIENT_SUPPORT
x032442	x021788	preferred	1000	0.000999000999	1	0	0	INSUFFICIENT_SUPPORT
x032442	x024802	preferred	1000	0.000999000999	1	0	0	INSUFFICIENT_SUPPORT
x032442	x025489	preferred	1000	0.000999000999	1	0	0	INSUFFICIENT_SUPPORT
x032442	x025553	preferred	1000	0.000999000999	1	0	0	INSUFFICIENT_SUPPORT
x032442	x037848	preferred	1000	0.000999000999	1	0	0	INSUFFICIENT_SUPPORT
x032442	x037850	preferred	1000	0.000999000999	1	0	0	INSUFFICIENT_SUPPORT
x032442	x037851	preferred	1000	0.000999000999	1	0	0	INSUFFICIENT_SUPPORT
x032442	x037852	preferred	1000	0.000999000999	1	0	0	INSUFFICIENT_SUPPORT
x032442	x037859	preferred	1000	0.000999000999	1	0	0	INSUFFICIENT_SUPPORT
x032442	x037861	preferred	1000	0.000999000999	1	0	0	INSUFFICIENT_SUPPORT
x032442	x037863	preferred	1000	0.000999000999	1	0	0	INSUFFICIENT_SUPPORT
x032442	x041586	preferred	1000	0.000999000999	1	0	0	INSUFFICIENT_SUPPORT
x032442	x042106	preferred	1000	0.000999000999	1	0	0	INSUFFICIENT_SUPPORT
x032443	x001426	preferred	1000	0.000999000999	1	0	0	INSUFFICIENT_SUPPORT
x032443	x015283	preferred	1000	0.000999000999	1	0	0	INSUFFICIENT_SUPPORT
x032443	x017690	preferred	1000	0.000999000999	1	0	0	INSUFFICIENT_SUPPORT
x032443	x017691	preferred	1000	0.000999000999	1	0	0	INSUFFICIENT_SUPPORT
x032443	x017835	preferred	1000	0.000999000999	1	0	0	INSUFFICIENT_SUPPORT
x032443	x018565	preferred	1000	0.000999000999	1	0	0	INSUFFICIENT_SUPPORT
x032443	x022956	preferred	1000	0.000999000999	1	0	0	INSUFFICIENT_SUPPORT
x032443	x025763	preferred	1000	0.000999000999	1	0	0	INSUFFICIENT_SUPPORT
x032443	x037848	preferred	1000	0.000999000999	1	0	0	INSUFFICIENT_SUPPORT
x032443	x037849	preferred	1000	0.000999000999	1	0	0	INSUFFICIENT_SUPPORT
x032443	x037850	preferred	1000	0.000999000999	1	0	0	INSUFFICIENT_SUPPORT
x032443	x037853	preferred	1000	0.000999000999	1	0	0	INSUFFICIENT_SUPPORT
x032443	x037857	preferred	1000	0.000999000999	1	0	0	INSUFFICIENT_SUPPORT
x032443	x037858	preferred	1000	0.000999000999	1	0	0	INSUFFICIENT_SUPPORT
x032443	x040260	preferred	1000	0.000999000999	1	0	0	INSUFFICIENT_SUPPORT
x032992	x001089	preferred	1000	0.000999000999	1	0	0	INSUFFICIENT_SUPPORT
x032992	x002976	preferred	1000	0.000999000999	1	0	0	INSUFFICIENT_SUPPORT
x032992	x002977	preferred	1000	0.000999000999	1	0	0	INSUFFICIENT_SUPPORT
x032992	x002978	preferred	1000	0.000999000999	1	0	0	INSUFFICIENT_SUPPORT
x032992	x005073	preferred	1000	0.000999000999	1	0	0	INSUFFICIENT_SUPPORT
x032992	x015801	preferred	1000	0.000999000999	1	0	0	INSUFFICIENT_SUPPORT
x032992	x017379	preferred	1000	0.000999000999	1	0	0	INSUFFICIENT_SUPPORT
x032993	x002976	preferred	1000	0.000999000999	1	0	0	INSUFFICIENT_SUPPORT
x032993	x002977	preferred	1000	0.000999000999	1	0	0	INSUFFICIENT_SUPPORT
x032993	x002980	preferred	1000	0.000999000999	1	0	0	INSUFFICIENT_SUPPORT
x032993	x007098	preferred	1000	0.000999000999	1	0	0	INSUFFICIENT_SUPPORT
x032993	x017377	preferred	1000	0.000999000999	1	0	0	INSUFFICIENT_SUPPORT
x032993	x017382	preferred	1000	0.000999000999	1	0	0	INSUFFICIENT_SUPPORT
x032993	x018497	preferred	1000	0.000999000999	1	0	0	INSUFFICIENT_SUPPORT
x032993	x021968	preferred	1000	0.000999000999	1	0	0	INSUFFICIENT_SUPPORT
x032993	x032441	preferred	1000	0.000999000999	1	0	0	INSUFFICIENT_SUPPORT
x032996	x010938	preferred	1000	0.000999000999	1	0	0	INSUFFICIENT_SUPPORT
x032996	x015913	preferred	1000	0.000999000999	1	0	0	INSUFFICIENT_SUPPORT
x032996	x024667	preferred	1000	0.000999000999	1	0	0	INSUFFICIENT_SUPPORT
x033096	x003192	preferred	1000	0.01798201798	1	1	1	INSUFFICIENT_SUPPORT
x033096	x010280	preferred	1000	1	1	0	1	INSUFFICIENT_SUPPORT
x033096	x016896	depleted	1000	1	1	1	1	INSUFFICIENT_SUPPORT
x033096	x018496	depleted	1000	0.972027972	1	0	1	INSUFFICIENT_SUPPORT
x033096	x019938	preferred	1000	1	1	0	1	INSUFFICIENT_SUPPORT
x033096	x021788	preferred	1000	0.01498501499	1	1	1	INSUFFICIENT_SUPPORT
x033096	x031704	preferred	1000	1	1	0	1	INSUFFICIENT_SUPPORT
x033096	x038168	preferred	1000	0.01298701299	1	1	1	INSUFFICIENT_SUPPORT
x033096	x041112	preferred	1000	0.02597402597	1	1	1	INSUFFICIENT_SUPPORT
x033096	x041113	preferred	1000	0.05294705295	1	1	1	INSUFFICIENT_SUPPORT
x033096	x041116	preferred	1000	1	1	0	1	INSUFFICIENT_SUPPORT
x033096	x041117	preferred	1000	1	1	0	1	INSUFFICIENT_SUPPORT
x033096	x042464	preferred	1000	1	1	0	1	INSUFFICIENT_SUPPORT
x033097	x017289	preferred	1000	0.000999000999	1	0	0	INSUFFICIENT_SUPPORT
x033097	x018499	preferred	1000	0.000999000999	1	0	0	INSUFFICIENT_SUPPORT
x033097	x024931	preferred	1000	0.000999000999	1	0	0	INSUFFICIENT_SUPPORT
x033097	x031707	preferred	1000	0.000999000999	1	0	0	INSUFFICIENT_SUPPORT
x033097	x031708	preferred	1000	0.000999000999	1	0	0	INSUFFICIENT_SUPPORT
x033097	x031709	preferred	1000	0.000999000999	1	0	0	INSUFFICIENT_SUPPORT
x033097	x041119	preferred	1000	0.000999000999	1	0	0	INSUFFICIENT_SUPPORT
x033097	x041464	preferred	1000	0.000999000999	1	0	0	INSUFFICIENT_SUPPORT
x033097	x042467	preferred	1000	0.000999000999	1	0	0	INSUFFICIENT_SUPPORT
x033098	x016899	preferred	1000	0.000999000999	1	0	0	INSUFFICIENT_SUPPORT
x033098	x016900	preferred	1000	0.000999000999	1	0	0	INSUFFICIENT_SUPPORT
x033098	x017293	preferred	1000	0.000999000999	1	0	0	INSUFFICIENT_SUPPORT
x033098	x017378	preferred	1000	0.000999000999	1	0	0	INSUFFICIENT_SUPPORT
x033098	x017411	preferred	1000	0.000999000999	1	0	0	INSUFFICIENT_SUPPORT
x033098	x018496	preferred	1000	0.000999000999	1	0	0	INSUFFICIENT_SUPPORT
x033098	x019936	preferred	1000	0.000999000999	1	0	0	INSUFFICIENT_SUPPORT
x033098	x031705	preferred	1000	0.000999000999	1	0	0	INSUFFICIENT_SUPPORT
x033098	x041114	preferred	1000	0.000999000999	1	0	0	INSUFFICIENT_SUPPORT
x033099	x005232	preferred	1000	0.000999000999	1	0	0	INSUFFICIENT_SUPPORT
x033099	x005248	preferred	1000	0.000999000999	1	0	0	INSUFFICIENT_SUPPORT
x033099	x005249	preferred	1000	0.000999000999	1	0	0	INSUFFICIENT_SUPPORT
x033099	x017288	preferred	1000	0.000999000999	1	0	0	INSUFFICIENT_SUPPORT
x033099	x017408	preferred	1000	0.000999000999	1	0	0	INSUFFICIENT_SUPPORT
x033099	x019937	preferred	1000	0.000999000999	1	0	0	INSUFFICIENT_SUPPORT
x033099	x041113	preferred	1000	0.000999000999	1	0	0	INSUFFICIENT_SUPPORT
x033099	x041116	preferred	1000	0.000999000999	1	0	0	INSUFFICIENT_SUPPORT
x033099	x041118	preferred	1000	0.000999000999	1	0	0	INSUFFICIENT_SUPPORT
x033099	x042464	preferred	1000	0.000999000999	1	0	0	INSUFFICIENT_SUPPORT
x033100	x031705	preferred	1000	0.000999000999	1	0	0	INSUFFICIENT_SUPPORT
x033100	x031708	preferred	1000	0.000999000999	1	0	0	INSUFFICIENT_SUPPORT
x033100	x038674	preferred	1000	0.000999000999	1	0	0	INSUFFICIENT_SUPPORT
x033100	x041112	preferred	1000	0.000999000999	1	0	0	INSUFFICIENT_SUPPORT
x033100	x041114	preferred	1000	0.000999000999	1	0	0	INSUFFICIENT_SUPPORT
x033304	x001428	preferred	1000	0.000999000999	1	0	0	INSUFFICIENT_SUPPORT
x033304	x016896	preferred	1000	0.000999000999	1	0	0	INSUFFICIENT_SUPPORT
x033304	x018499	preferred	1000	0.000999000999	1	0	0	INSUFFICIENT_SUPPORT
x033304	x018877	preferred	1000	0.000999000999	1	0	0	INSUFFICIENT_SUPPORT
x033304	x019940	preferred	1000	0.000999000999	1	0	0	INSUFFICIENT_SUPPORT
x033304	x020019	preferred	1000	0.000999000999	1	0	0	INSUFFICIENT_SUPPORT
x033304	x025398	preferred	1000	0.000999000999	1	0	0	INSUFFICIENT_SUPPORT
x033304	x031616	preferred	1000	0.000999000999	1	0	0	INSUFFICIENT_SUPPORT
x033304	x031619	preferred	1000	0.000999000999	1	0	0	INSUFFICIENT_SUPPORT
x033304	x031621	preferred	1000	0.000999000999	1	0	0	INSUFFICIENT_SUPPORT
x033304	x031622	preferred	1000	0.000999000999	1	0	0	INSUFFICIENT_SUPPORT
x033304	x031705	preferred	1000	0.000999000999	1	0	0	INSUFFICIENT_SUPPORT
x033304	x038537	preferred	1000	0.000999000999	1	0	0	INSUFFICIENT_SUPPORT
x033304	x041112	preferred	1000	0.000999000999	1	0	0	INSUFFICIENT_SUPPORT
x033304	x041115	preferred	1000	0.000999000999	1	0	0	INSUFFICIENT_SUPPORT
x033304	x041118	preferred	1000	0.000999000999	1	0	0	INSUFFICIENT_SUPPORT
x033305	x002336	preferred	1000	0.000999000999	1	0	0	INSUFFICIENT_SUPPORT
x033305	x025394	preferred	1000	0.000999000999	1	0	0	INSUFFICIENT_SUPPORT
x033305	x031617	preferred	1000	0.000999000999	1	0	0	INSUFFICIENT_SUPPORT
x033305	x031621	preferred	1000	0.000999000999	1	0	0	INSUFFICIENT_SUPPORT
x033305	x037985	preferred	1000	0.000999000999	1	0	0	INSUFFICIENT_SUPPORT
x033305	x041441	preferred	1000	0.000999000999	1	0	0	INSUFFICIENT_SUPPORT
x033307	x001429	preferred	1000	0.000999000999	1	0	0	INSUFFICIENT_SUPPORT
x033307	x017292	preferred	1000	0.000999000999	1	0	0	INSUFFICIENT_SUPPORT
x033307	x020021	preferred	1000	0.000999000999	1	0	0	INSUFFICIENT_SUPPORT
x033307	x031619	preferred	1000	0.000999000999	1	0	0	INSUFFICIENT_SUPPORT
x033307	x041115	preferred	1000	0.000999000999	1	0	0	INSUFFICIENT_SUPPORT
x033307	x041116	preferred	1000	0.000999000999	1	0	0	INSUFFICIENT_SUPPORT
x033307	x041586	preferred	1000	0.000999000999	1	0	0	INSUFFICIENT_SUPPORT
x033308	x001424	preferred	1000	0.000999000999	1	0	0	INSUFFICIENT_SUPPORT
x033308	x021976	preferred	1000	0.000999000999	1	0	0	INSUFFICIENT_SUPPORT
x033308	x024803	preferred	1000	0.000999000999	1	0	0	INSUFFICIENT_SUPPORT
x033308	x025398	preferred	1000	0.000999000999	1	0	0	INSUFFICIENT_SUPPORT
x033308	x031616	preferred	1000	0.000999000999	1	0	0	INSUFFICIENT_SUPPORT
x033308	x031709	preferred	1000	0.000999000999	1	0	0	INSUFFICIENT_SUPPORT
x033308	x033096	preferred	1000	0.000999000999	1	0	0	INSUFFICIENT_SUPPORT
x033308	x041112	preferred	1000	0.000999000999	1	0	0	INSUFFICIENT_SUPPORT
x033308	x041117	preferred	1000	0.000999000999	1	0	0	INSUFFICIENT_SUPPORT
x033408	x002977	preferred	1000	0.000999000999	1	0	0	INSUFFICIENT_SUPPORT
x033408	x002978	preferred	1000	0.000999000999	1	0	0	INSUFFICIENT_SUPPORT
x033408	x002979	preferred	1000	0.000999000999	1	0	0	INSUFFICIENT_SUPPORT
x033408	x002980	preferred	1000	0.000999000999	1	0	0	INSUFFICIENT_SUPPORT
x033408	x017408	preferred	1000	0.000999000999	1	0	0	INSUFFICIENT_SUPPORT
x033409	x001090	preferred	1000	0.000999000999	1	0	0	INSUFFICIENT_SUPPORT
x033409	x002976	preferred	1000	0.000999000999	1	0	0	INSUFFICIENT_SUPPORT
x033409	x002977	preferred	1000	0.000999000999	1	0	0	INSUFFICIENT_SUPPORT
x033409	x002978	preferred	1000	0.000999000999	1	0	0	INSUFFICIENT_SUPPORT
x033409	x007097	preferred	1000	0.000999000999	1	0	0	INSUFFICIENT_SUPPORT
x033409	x015913	preferred	1000	0.000999000999	1	0	0	INSUFFICIENT_SUPPORT
x033409	x016186	preferred	1000	0.000999000999	1	0	0	INSUFFICIENT_SUPPORT
x033409	x017376	preferred	1000	0.000999000999	1	0	0	INSUFFICIENT_SUPPORT
x033409	x017379	preferred	1000	0.000999000999	1	0	0	INSUFFICIENT_SUPPORT
x033409	x021562	preferred	1000	0.000999000999	1	0	0	INSUFFICIENT_SUPPORT
x033409	x024088	preferred	1000	0.000999000999	1	0	0	INSUFFICIENT_SUPPORT
x033409	x024928	preferred	1000	0.000999000999	1	0	0	INSUFFICIENT_SUPPORT
x033411	x002977	preferred	1000	0.000999000999	1	0	0	INSUFFICIENT_SUPPORT
x033411	x002982	preferred	1000	0.000999000999	1	0	0	INSUFFICIENT_SUPPORT
x033411	x007096	preferred	1000	0.000999000999	1	0	0	INSUFFICIENT_SUPPORT
x033411	x010937	preferred	1000	0.000999000999	1	0	0	INSUFFICIENT_SUPPORT
x033411	x017410	preferred	1000	0.000999000999	1	0	0	INSUFFICIENT_SUPPORT
x033411	x032442	preferred	1000	0.000999000999	1	0	0	INSUFFICIENT_SUPPORT
x033411	x037857	preferred	1000	0.000999000999	1	0	0	INSUFFICIENT_SUPPORT
x033411	x041256	preferred	1000	0.000999000999	1	0	0	INSUFFICIENT_SUPPORT
x033413	x002977	preferred	1000	0.000999000999	1	0	0	INSUFFICIENT_SUPPORT
x033413	x002980	preferred	1000	0.000999000999	1	0	0	INSUFFICIENT_SUPPORT
x033413	x002981	preferred	1000	0.000999000999	1	0	0	INSUFFICIENT_SUPPORT
x033413	x010936	preferred	1000	0.000999000999	1	0	0	INSUFFICIENT_SUPPORT
x033413	x017380	preferred	1000	0.000999000999	1	0	0	INSUFFICIENT_SUPPORT
x033413	x017382	preferred	1000	0.000999000999	1	0	0	INSUFFICIENT_SUPPORT
x033413	x024664	preferred	1000	0.000999000999	1	0	0	INSUFFICIENT_SUPPORT
x033600	x017672	preferred	1000	0.000999000999	1	0	0	INSUFFICIENT_SUPPORT
x033600	x025393	preferred	1000	0.000999000999	1	0	0	INSUFFICIENT_SUPPORT
x033600	x025394	preferred	1000	0.000999000999	1	0	0	INSUFFICIENT_SUPPORT
x033600	x025395	preferred	1000	0.000999000999	1	0	0	INSUFFICIENT_SUPPORT
x033600	x025397	preferred	1000	0.000999000999	1	0	0	INSUFFICIENT_SUPPORT
x033601	x005073	preferred	1000	0.000999000999	1	0	0	INSUFFICIENT_SUPPORT
x033601	x017891	preferred	1000	0.000999000999	1	0	0	INSUFFICIENT_SUPPORT
x033601	x019938	preferred	1000	0.000999000999	1	0	0	INSUFFICIENT_SUPPORT
x033601	x019940	preferred	1000	0.000999000999	1	0	0	INSUFFICIENT_SUPPORT
x033601	x025392	preferred	1000	0.000999000999	1	0	0	INSUFFICIENT_SUPPORT
x033601	x025395	preferred	1000	0.000999000999	1	0	0	INSUFFICIENT_SUPPORT
x033601	x041584	preferred	1000	0.000999000999	1	0	0	INSUFFICIENT_SUPPORT
x033602	x001424	preferred	1000	0.000999000999	1	0	0	INSUFFICIENT_SUPPORT
x033602	x002336	preferred	1000	0.000999000999	1	0	0	INSUFFICIENT_SUPPORT
x033602	x017892	preferred	1000	0.000999000999	1	0	0	INSUFFICIENT_SUPPORT
x033602	x025392	preferred	1000	0.000999000999	1	0	0	INSUFFICIENT_SUPPORT
x033602	x025394	preferred	1000	0.000999000999	1	0	0	INSUFFICIENT_SUPPORT
x033602	x037860	preferred	1000	0.000999000999	1	0	0	INSUFFICIENT_SUPPORT
x033602	x037913	preferred	1000	0.000999000999	1	0	0	INSUFFICIENT_SUPPORT
x033881	x005076	preferred	1000	0.000999000999	1	0	0	INSUFFICIENT_SUPPORT
x033881	x018496	preferred	1000	0.000999000999	1	0	0	INSUFFICIENT_SUPPORT
x033881	x018500	preferred	1000	0.000999000999	1	0	0	INSUFFICIENT_SUPPORT
x033881	x018501	preferred	1000	0.000999000999	1	0	0	INSUFFICIENT_SUPPORT
x033881	x018872	preferred	1000	0.000999000999	1	0	0	INSUFFICIENT_SUPPORT
x033881	x020016	preferred	1000	0.000999000999	1	0	0	INSUFFICIENT_SUPPORT
x033881	x031708	preferred	1000	0.000999000999	1	0	0	INSUFFICIENT_SUPPORT
x033881	x031709	preferred	1000	0.000999000999	1	0	0	INSUFFICIENT_SUPPORT
x033881	x041258	preferred	1000	0.000999000999	1	0	0	INSUFFICIENT_SUPPORT
x033881	x042802	preferred	1000	0.000999000999	1	0	0	INSUFFICIENT_SUPPORT
x034240	x000104	preferred	1000	0.000999000999	1	0	0	INSUFFICIENT_SUPPORT
x034240	x001424	preferred	1000	0.000999000999	1	0	0	INSUFFICIENT_SUPPORT
x034240	x016900	preferred	1000	0.000999000999	1	0	0	INSUFFICIENT_SUPPORT
x034240	x017409	preferred	1000	0.000999000999	1	0	0	INSUFFICIENT_SUPPORT
x034240	x017414	preferred	1000	0.000999000999	1	0	0	INSUFFICIENT_SUPPORT
x034240	x019936	preferred	1000	0.000999000999	1	0	0	INSUFFICIENT_SUPPORT
x034240	x034496	preferred	1000	0.000999000999	1	0	0	INSUFFICIENT_SUPPORT
x034240	x037952	preferred	1000	0.000999000999	1	0	0	INSUFFICIENT_SUPPORT
x034240	x041529	preferred	1000	0.000999000999	1	0	0	INSUFFICIENT_SUPPORT
x034241	x001424	preferred	1000	0.000999000999	1	0	0	INSUFFICIENT_SUPPORT
x034241	x017410	preferred	1000	0.000999000999	1	0	0	INSUFFICIENT_SUPPORT
x034241	x031705	preferred	1000	0.000999000999	1	0	0	INSUFFICIENT_SUPPORT
x034241	x031706	preferred	1000	0.000999000999	1	0	0	INSUFFICIENT_SUPPORT
x034241	x041256	preferred	1000	0.000999000999	1	0	0	INSUFFICIENT_SUPPORT
x034242	x017408	preferred	1000	0.000999000999	1	0	0	INSUFFICIENT_SUPPORT
x034242	x031704	preferred	1000	0.000999000999	1	0	0	INSUFFICIENT_SUPPORT
x034242	x031705	preferred	1000	0.000999000999	1	0	0	INSUFFICIENT_SUPPORT
x034243	x019936	preferred	1000	0.000999000999	1	0	0	INSUFFICIENT_SUPPORT
x034243	x021277	preferred	1000	0.000999000999	1	0	0	INSUFFICIENT_SUPPORT
x034243	x022521	preferred	1000	0.000999000999	1	0	0	INSUFFICIENT_SUPPORT
x034243	x042466	preferred	1000	0.000999000999	1	0	0	INSUFFICIENT_SUPPORT
x034243	x042806	preferred	1000	0.000999000999	1	0	0	INSUFFICIENT_SUPPORT
x034244	x016897	preferred	1000	0.000999000999	1	0	0	INSUFFICIENT_SUPPORT
x034244	x016901	preferred	1000	0.000999000999	1	0	0	INSUFFICIENT_SUPPORT
x034244	x018258	preferred	1000	0.000999000999	1	0	0	INSUFFICIENT_SUPPORT
x034244	x042282	preferred	1000	0.000999000999	1	0	0	INSUFFICIENT_SUPPORT
x034496	x002108	preferred	1000	0.000999000999	1	0	0	INSUFFICIENT_SUPPORT
x034496	x002609	preferred	1000	0.000999000999	1	0	0	INSUFFICIENT_SUPPORT
x034496	x005074	preferred	1000	0.000999000999	1	0	0	INSUFFICIENT_SUPPORT
x034496	x018496	preferred	1000	0.000999000999	1	0	0	INSUFFICIENT_SUPPORT
x034496	x018497	preferred	1000	0.000999000999	1	0	0	INSUFFICIENT_SUPPORT
x034496	x018499	preferred	1000	0.000999000999	1	0	0	INSUFFICIENT_SUPPORT
x034496	x018501	preferred	1000	0.000999000999	1	0	0	INSUFFICIENT_SUPPORT
x034496	x018503	preferred	1000	0.000999000999	1	0	0	INSUFFICIENT_SUPPORT
x034496	x020016	preferred	1000	0.000999000999	1	0	0	INSUFFICIENT_SUPPORT
x034496	x020019	preferred	1000	0.000999000999	1	0	0	INSUFFICIENT_SUPPORT
x034496	x024089	preferred	1000	0.000999000999	1	0	0	INSUFFICIENT_SUPPORT
x034496	x024803	preferred	1000	0.000999000999	1	0	0	INSUFFICIENT_SUPPORT
x034496	x034240	preferred	1000	0.000999000999	1	0	0	INSUFFICIENT_SUPPORT
x034496	x037850	preferred	1000	0.000999000999	1	0	0	INSUFFICIENT_SUPPORT
x034496	x037851	preferred	1000	0.000999000999	1	0	0	INSUFFICIENT_SUPPORT
x034496	x037852	preferred	1000	0.000999000999	1	0	0	INSUFFICIENT_SUPPORT
x034496	x038105	preferred	1000	0.000999000999	1	0	0	INSUFFICIENT_SUPPORT
x034496	x040636	preferred	1000	0.000999000999	1	0	0	INSUFFICIENT_SUPPORT
x034496	x041258	preferred	1000	0.000999000999	1	0	0	INSUFFICIENT_SUPPORT
x034496	x041259	preferred	1000	0.000999000999	1	0	0	INSUFFICIENT_SUPPORT
x034496	x041262	preferred	1000	0.000999000999	1	0	0	INSUFFICIENT_SUPPORT
x034496	x041529	preferred	1000	0.000999000999	1	0	0	INSUFFICIENT_SUPPORT
x034497	x002976	preferred	1000	0.000999000999	1	0	0	INSUFFICIENT_SUPPORT
x034497	x005075	preferred	1000	0.000999000999	1	0	0	INSUFFICIENT_SUPPORT
x034497	x005077	preferred	1000	0.000999000999	1	0	0	INSUFFICIENT_SUPPORT
x034497	x013721	preferred	1000	0.000999000999	1	0	0	INSUFFICIENT_SUPPORT
x034497	x018496	preferred	1000	0.000999000999	1	0	0	INSUFFICIENT_SUPPORT
x034497	x018497	preferred	1000	0.000999000999	1	0	0	INSUFFICIENT_SUPPORT
x034497	x018498	preferred	1000	0.000999000999	1	0	0	INSUFFICIENT_SUPPORT
x034497	x018499	preferred	1000	0.000999000999	1	0	0	INSUFFICIENT_SUPPORT
x034497	x020020	preferred	1000	0.000999000999	1	0	0	INSUFFICIENT_SUPPORT
x034497	x021953	preferred	1000	0.000999000999	1	0	0	INSUFFICIENT_SUPPORT
x034497	x024073	preferred	1000	0.000999000999	1	0	0	INSUFFICIENT_SUPPORT
x034497	x037848	preferred	1000	0.000999000999	1	0	0	INSUFFICIENT_SUPPORT
x034497	x037849	preferred	1000	0.000999000999	1	0	0	INSUFFICIENT_SUPPORT
x034497	x037850	preferred	1000	0.000999000999	1	0	0	INSUFFICIENT_SUPPORT
x034497	x038539	preferred	1000	0.000999000999	1	0	0	INSUFFICIENT_SUPPORT
x034497	x040632	preferred	1000	0.000999000999	1	0	0	INSUFFICIENT_SUPPORT
x034497	x041257	preferred	1000	0.000999000999	1	0	0	INSUFFICIENT_SUPPORT
x034498	x001430	preferred	1000	0.000999000999	1	0	0	INSUFFICIENT_SUPPORT
x034498	x003196	preferred	1000	0.000999000999	1	0	0	INSUFFICIENT_SUPPORT
x034498	x018499	preferred	1000	0.000999000999	1	0	0	INSUFFICIENT_SUPPORT
x034498	x020016	preferred	1000	0.000999000999	1	0	0	INSUFFICIENT_SUPPORT
x034498	x021953	preferred	1000	0.000999000999	1	0	0	INSUFFICIENT_SUPPORT
x034498	x037852	preferred	1000	0.000999000999	1	0	0	INSUFFICIENT_SUPPORT
x034498	x037856	preferred	1000	0.000999000999	1	0	0	INSUFFICIENT_SUPPORT
x034498	x037860	preferred	1000	0.000999000999	1	0	0	INSUFFICIENT_SUPPORT
x034498	x041260	preferred	1000	0.000999000999	1	0	0	INSUFFICIENT_SUPPORT
x034498	x041443	preferred	1000	0.000999000999	1	0	0	INSUFFICIENT_SUPPORT
x034499	x018497	preferred	1000	0.000999000999	1	0	0	INSUFFICIENT_SUPPORT
x034499	x018499	preferred	1000	0.000999000999	1	0	0	INSUFFICIENT_SUPPORT
x034499	x025009	preferred	1000	0.000999000999	1	0	0	INSUFFICIENT_SUPPORT
x034499	x034240	preferred	1000	0.000999000999	1	0	0	INSUFFICIENT_SUPPORT
x034499	x037848	preferred	1000	0.000999000999	1	0	0	INSUFFICIENT_SUPPORT
x034499	x037850	preferred	1000	0.000999000999	1	0	0	INSUFFICIENT_SUPPORT
x034502	x013721	preferred	1000	0.000999000999	1	0	0	INSUFFICIENT_SUPPORT
x034502	x018497	preferred	1000	0.000999000999	1	0	0	INSUFFICIENT_SUPPORT
x034502	x040633	preferred	1000	0.000999000999	1	0	0	INSUFFICIENT_SUPPORT
x034502	x040636	preferred	1000	0.000999000999	1	0	0	INSUFFICIENT_SUPPORT
x034672	x021520	preferred	1000	0.000999000999	1	0	0	INSUFFICIENT_SUPPORT
x034672	x025393	preferred	1000	0.000999000999	1	0	0	INSUFFICIENT_SUPPORT
x034672	x025395	preferred	1000	0.000999000999	1	0	0	INSUFFICIENT_SUPPORT
x034672	x025547	preferred	1000	0.000999000999	1	0	0	INSUFFICIENT_SUPPORT
x034672	x034240	preferred	1000	0.000999000999	1	0	0	INSUFFICIENT_SUPPORT
x034672	x038443	preferred	1000	0.000999000999	1	0	0	INSUFFICIENT_SUPPORT
x034673	x021785	preferred	1000	0.000999000999	1	0	0	INSUFFICIENT_SUPPORT
x034673	x025544	preferred	1000	0.000999000999	1	0	0	INSUFFICIENT_SUPPORT
x034673	x025545	preferred	1000	0.000999000999	1	0	0	INSUFFICIENT_SUPPORT
x034673	x038440	preferred	1000	0.000999000999	1	0	0	INSUFFICIENT_SUPPORT
x034673	x038441	preferred	1000	0.000999000999	1	0	0	INSUFFICIENT_SUPPORT
x034673	x038442	preferred	1000	0.000999000999	1	0	0	INSUFFICIENT_SUPPORT
x034674	x021784	preferred	1000	0.000999000999	1	0	0	INSUFFICIENT_SUPPORT
x034674	x021788	preferred	1000	0.000999000999	1	0	0	INSUFFICIENT_SUPPORT
x034674	x034242	preferred	1000	0.000999000999	1	0	0	INSUFFICIENT_SUPPORT
x034674	x038440	preferred	1000	0.000999000999	1	0	0	INSUFFICIENT_SUPPORT
x034675	x002337	preferred	1000	0.000999000999	1	0	0	INSUFFICIENT_SUPPORT
x034675	x021785	preferred	1000	0.000999000999	1	0	0	INSUFFICIENT_SUPPORT
x034675	x025396	preferred	1000	0.000999000999	1	0	0	INSUFFICIENT_SUPPORT
x034675	x025398	preferred	1000	0.000999000999	1	0	0	INSUFFICIENT_SUPPORT
x034675	x038443	preferred	1000	0.000999000999	1	0	0	INSUFFICIENT_SUPPORT
x036658	x000104	preferred	1000	0.000999000999	1	0	0	INSUFFICIENT_SUPPORT
x036658	x000107	preferred	1000	0.000999000999	1	0	0	INSUFFICIENT_SUPPORT
x036658	x000111	preferred	1000	0.000999000999	1	0	0	INSUFFICIENT_SUPPORT
x037264	x002976	preferred	1000	0.000999000999	1	0	0	INSUFFICIENT_SUPPORT
x037264	x003195	preferred	1000	0.000999000999	1	0	0	INSUFFICIENT_SUPPORT
x037264	x017892	preferred	1000	0.000999000999	1	0	0	INSUFFICIENT_SUPPORT
x037264	x032440	preferred	1000	0.000999000999	1	0	0	INSUFFICIENT_SUPPORT
x037264	x038056	preferred	1000	0.000999000999	1	0	0	INSUFFICIENT_SUPPORT
x037264	x042801	preferred	1000	0.000999000999	1	0	0	INSUFFICIENT_SUPPORT
x037265	x020018	preferred	1000	0.000999000999	1	0	0	INSUFFICIENT_SUPPORT
x037265	x020632	preferred	1000	0.000999000999	1	0	0	INSUFFICIENT_SUPPORT
x037265	x020637	preferred	1000	0.000999000999	1	0	0	INSUFFICIENT_SUPPORT
x037265	x038056	preferred	1000	0.000999000999	1	0	0	INSUFFICIENT_SUPPORT
x037265	x038058	preferred	1000	0.000999000999	1	0	0	INSUFFICIENT_SUPPORT
x037266	x002980	preferred	1000	0.000999000999	1	0	0	INSUFFICIENT_SUPPORT
x037266	x017690	preferred	1000	0.000999000999	1	0	0	INSUFFICIENT_SUPPORT
x037266	x020632	preferred	1000	0.000999000999	1	0	0	INSUFFICIENT_SUPPORT
x037266	x020637	preferred	1000	0.000999000999	1	0	0	INSUFFICIENT_SUPPORT
x037809	x001430	preferred	1000	0.000999000999	1	0	0	INSUFFICIENT_SUPPORT
x037809	x005074	preferred	1000	0.000999000999	1	0	0	INSUFFICIENT_SUPPORT
x037809	x033304	preferred	1000	0.000999000999	1	0	0	INSUFFICIENT_SUPPORT
x037809	x033307	preferred	1000	0.000999000999	1	0	0	INSUFFICIENT_SUPPORT
x037809	x033881	preferred	1000	0.000999000999	1	0	0	INSUFFICIENT_SUPPORT
x037809	x037953	preferred	1000	0.000999000999	1	0	0	INSUFFICIENT_SUPPORT
x037824	x000107	preferred	1000	0.000999000999	1	0	0	INSUFFICIENT_SUPPORT
x037824	x001634	preferred	1000	0.000999000999	1	0	0	INSUFFICIENT_SUPPORT
x037824	x037849	preferred	1000	0.000999000999	1	0	0	INSUFFICIENT_SUPPORT
x037824	x037858	preferred	1000	0.000999000999	1	0	0	INSUFFICIENT_SUPPORT
x037824	x039657	preferred	1000	0.000999000999	1	0	0	INSUFFICIENT_SUPPORT
x037824	x041112	preferred	1000	0.000999000999	1	0	0	INSUFFICIENT_SUPPORT
x037824	x041115	preferred	1000	0.000999000999	1	0	0	INSUFFICIENT_SUPPORT
x037824	x042465	preferred	1000	0.000999000999	1	0	0	INSUFFICIENT_SUPPORT
x037824	x042802	preferred	1000	0.000999000999	1	0	0	INSUFFICIENT_SUPPORT
x037825	x000104	preferred	1000	0.000999000999	1	0	0	INSUFFICIENT_SUPPORT
x037825	x000109	preferred	1000	0.000999000999	1	0	0	INSUFFICIENT_SUPPORT
x037825	x016969	preferred	1000	0.000999000999	1	0	0	INSUFFICIENT_SUPPORT
x037825	x018496	preferred	1000	0.000999000999	1	0	0	INSUFFICIENT_SUPPORT
x037825	x018497	preferred	1000	0.000999000999	1	0	0	INSUFFICIENT_SUPPORT
x037825	x018501	preferred	1000	0.000999000999	1	0	0	INSUFFICIENT_SUPPORT
x037825	x024241	preferred	1000	0.000999000999	1	0	0	INSUFFICIENT_SUPPORT
x037825	x025399	preferred	1000	0.000999000999	1	0	0	INSUFFICIENT_SUPPORT
x037825	x037852	preferred	1000	0.000999000999	1	0	0	INSUFFICIENT_SUPPORT
x037825	x038538	preferred	1000	0.000999000999	1	0	0	INSUFFICIENT_SUPPORT
x037848	x000104	depleted	1000	0.9490509491	1	0	0.55495494	INSUFFICIENT_SUPPORT
x037848	x002337	preferred	1000	1	1	0	0.638110497	INSUFFICIENT_SUPPORT
x037848	x005072	preferred	1000	1	1	0	0.5054308535	INSUFFICIENT_SUPPORT
x037848	x005077	preferred	1000	1	1	0	0.5054308535	INSUFFICIENT_SUPPORT
x037848	x016896	preferred	1000	1	1	0	0.5054308535	INSUFFICIENT_SUPPORT
x037848	x017291	depleted	1000	0.983016983	1	0	0.5816412417	INSUFFICIENT_SUPPORT
x037848	x017408	depleted	1000	0.968031968	1	0	0.941754019	INSUFFICIENT_SUPPORT
x037848	x017410	preferred	1000	1	1	0	0.5054308535	INSUFFICIENT_SUPPORT
x037848	x017411	depleted	1000	0.986013986	1	0	0.5096561389	INSUFFICIENT_SUPPORT
x037848	x017412	depleted	1000	0.963036963	1	0	0.5096561389	INSUFFICIENT_SUPPORT
x037848	x017413	preferred	1000	1	1	0	0.638110497	INSUFFICIENT_SUPPORT
x037848	x017414	preferred	1000	1	1	0	0.9467272389	INSUFFICIENT_SUPPORT
x037848	x017890	preferred	1000	1	1	0	0.6420051274	INSUFFICIENT_SUPPORT
x037848	x017894	preferred	1000	1	1	0	0.9467272389	INSUFFICIENT_SUPPORT
x037848	x017992	preferred	1000	1	1	0	0.9288921992	INSUFFICIENT_SUPPORT
x037848	x018496	depleted	1000	0.9230769231	1	0	0.5545892221	INSUFFICIENT_SUPPORT
x037848	x018497	depleted	1000	0.998001998	1	1	0.5096561389	INSUFFICIENT_SUPPORT
x037848	x018498	depleted	1000	0.95004995	1	0	0.5656978812	INSUFFICIENT_SUPPORT
x037848	x018499	depleted	1000	0.99000999	1	0	0.8769645184	INSUFFICIENT_SUPPORT
x037848	x018500	preferred	1000	1	1	0	0.638110497	INSUFFICIENT_SUPPORT
x037848	x018501	depleted	1000	0.978021978	1	0	0.9115039175	INSUFFICIENT_SUPPORT
x037848	x018502	preferred	1000	1	1	0	0.9288921992	INSUFFICIENT_SUPPORT
x037848	x019937	depleted	1000	0.978021978	1	0	0.9354909477	INSUFFICIENT_SUPPORT
x037848	x019938	depleted	1000	0.973026973	1	0	0.9115039175	INSUFFICIENT_SUPPORT
x037848	x019939	preferred	1000	1	1	0	0.9467272389	INSUFFICIENT_SUPPORT
x037848	x019940	preferred	1000	1	1	0	0.5054308535	INSUFFICIENT_SUPPORT
x037848	x019941	preferred	1000	1	1	0	0.5297029772	INSUFFICIENT_SUPPORT
x037848	x020016	depleted	1000	0.993006993	1	0	0.8769645184	INSUFFICIENT_SUPPORT
x037848	x020017	depleted	1000	0.9420579421	1	0	0.5656978812	INSUFFICIENT_SUPPORT
x037848	x020018	depleted	1000	0.989010989	1	0	0.9445035657	INSUFFICIENT_SUPPORT
x037848	x020019	preferred	1000	1	1	0	0.6420051274	INSUFFICIENT_SUPPORT
x037848	x020020	preferred	1000	0.001998001998	1	0.5	0.6576297628	INSUFFICIENT_SUPPORT
x037848	x024736	preferred	1000	1	1	0	0.5054308535	INSUFFICIENT_SUPPORT
x037848	x024738	preferred	1000	1	1	0	0.5054308535	INSUFFICIENT_SUPPORT
x037848	x024739	preferred	1000	1	1	0	0.5054308535	INSUFFICIENT_SUPPORT
x037848	x024801	preferred	1000	1	1	0	0.5054308535	INSUFFICIENT_SUPPORT
x037848	x024928	preferred	1000	1	1	0	0.5054308535	INSUFFICIENT_SUPPORT
x037848	x025393	preferred	1000	1	1	0	0.9467272389	INSUFFICIENT_SUPPORT
x037848	x031704	depleted	1000	0.982017982	1	0	0.5816412417	INSUFFICIENT_SUPPORT
x037848	x033096	preferred	1000	1	1	0	0.5054308535	INSUFFICIENT_SUPPORT
x037848	x033098	preferred	1000	1	1	0	0.5054308535	INSUFFICIENT_SUPPORT
x037848	x037857	depleted	1000	0.9220779221	1	0	0.5439946759	INSUFFICIENT_SUPPORT
x037848	x037858	depleted	1000	0.8801198801	1	0	0.6426032151	INSUFFICIENT_SUPPORT
x037848	x037859	depleted	1000	0.9300699301	1	0	0.9354909477	INSUFFICIENT_SUPPORT
x037848	x037860	depleted	1000	0.958041958	1	0	0.5096561389	INSUFFICIENT_SUPPORT
x037848	x037861	depleted	1000	0.9450549451	1	0	0.5096561389	INSUFFICIENT_SUPPORT
x037848	x037952	preferred	1000	1	1	0	0.5054308535	INSUFFICIENT_SUPPORT
x037848	x037953	preferred	1000	1	1	0	0.9288921992	INSUFFICIENT_SUPPORT
x037848	x037954	preferred	1000	1	1	0	0.5054308535	INSUFFICIENT_SUPPORT
x037848	x037955	preferred	1000	1	1	0	0.9288921992	INSUFFICIENT_SUPPORT
x037848	x037984	preferred	1000	1	1	0	0.9288921992	INSUFFICIENT_SUPPORT
x037848	x037985	preferred	1000	1	1	0	0.9288921992	INSUFFICIENT_SUPPORT
x037848	x037986	preferred	1000	1	1	0	0.9288921992	INSUFFICIENT_SUPPORT
x037848	x037987	preferred	1000	1	1	0	0.9467272389	INSUFFICIENT_SUPPORT
x037848	x037989	preferred	1000	1	1	0	0.5054308535	INSUFFICIENT_SUPPORT
x037848	x038106	preferred	1000	1	1	0	0.5054308535	INSUFFICIENT_SUPPORT
x037848	x038160	preferred	1000	1	1	0	0.5054308535	INSUFFICIENT_SUPPORT
x037848	x038538	preferred	1000	1	1	0	0.9288921992	INSUFFICIENT_SUPPORT
x037848	x041114	preferred	1000	1	1	0	0.6420051274	INSUFFICIENT_SUPPORT
x037848	x041116	preferred	1000	1	1	0	0.9467272389	INSUFFICIENT_SUPPORT
x037848	x041256	preferred	1000	1	1	0	0.5054308535	INSUFFICIENT_SUPPORT
x037848	x041257	preferred	1000	1	1	0	0.5054308535	INSUFFICIENT_SUPPORT
x037848	x041259	preferred	1000	1	1	0	0.5054308535	INSUFFICIENT_SUPPORT
x037848	x041260	preferred	1000	1	1	0	0.5054308535	INSUFFICIENT_SUPPORT
x037848	x041656	preferred	1000	1	1	0	0.5054308535	INSUFFICIENT_SUPPORT
x037848	x041659	preferred	1000	1	1	0	0.5054308535	INSUFFICIENT_SUPPORT
x037848	x041660	preferred	1000	1	1	0	0.9467272389	INSUFFICIENT_SUPPORT
x037848	x041662	preferred	1000	1	1	0	0.5054308535	INSUFFICIENT_SUPPORT
x037848	x042800	depleted	1000	0.999000999	1	1	0.6959432874	INSUFFICIENT_SUPPORT
x037848	x042801	depleted	1000	0.985014985	1	1	0.5279140039	INSUFFICIENT_SUPPORT
x037848	x042802	depleted	1000	0.9340659341	1	0	0.7082101734	INSUFFICIENT_SUPPORT
x037848	x042803	preferred	1000	0.02397602398	1	1	0.8400664952	INSUFFICIENT_SUPPORT
x037848	x042804	depleted	1000	0.964035964	1	1	0.5308715553	INSUFFICIENT_SUPPORT
x037848	x042818	preferred	1000	1	1	0	0.6420051274	INSUFFICIENT_SUPPORT
x037849	x000104	depleted	1000	0.9470529471	1	0	0.3744621856	EXPECTED_FROM_NULL
x037849	x000105	depleted	1000	0.953046953	1	0	0.4638915434	EXPECTED_FROM_NULL
x037849	x000107	depleted	1000	0.9450549451	1	0	0.5768309481	EXPECTED_FROM_NULL
x037849	x001088	preferred	1000	1	1	1	0.3845933414	EXPECTED_FROM_NULL
x037849	x001090	preferred	1000	1	1	0	0.5322718202	EXPECTED_FROM_NULL
x037849	x001091	preferred	1000	1	1	0	0.3394847497	EXPECTED_FROM_NULL
x037849	x001392	preferred	1000	1	1	0	0.3394847497	EXPECTED_FROM_NULL
x037849	x001393	preferred	1000	1	1	0	0.8370201046	EXPECTED_FROM_NULL
x037849	x001394	preferred	1000	1	1	0	0.8370201046	EXPECTED_FROM_NULL
x037849	x001397	preferred	1000	1	1	0	0.4716109735	EXPECTED_FROM_NULL
x037849	x015280	preferred	1000	1	1	0	0.3394847497	EXPECTED_FROM_NULL
x037849	x017408	preferred	1000	0.02597402597	0.2551656488	1	0.4632307059	EXPECTED_FROM_NULL
x037849	x017409	depleted	1000	0.98001998	1	0	0.3387764906	EXPECTED_FROM_NULL
x037849	x017410	preferred	1000	1	1	0	0.8370201046	EXPECTED_FROM_NULL
x037849	x017411	depleted	1000	0.9340659341	1	0	0.4448940278	EXPECTED_FROM_NULL
x037849	x017412	preferred	1000	1	1	0	0.4381704103	EXPECTED_FROM_NULL
x037849	x017413	preferred	1000	1	1	0	0.4716109735	EXPECTED_FROM_NULL
x037849	x017415	preferred	1000	1	1	0	0.3394847497	EXPECTED_FROM_NULL
x037849	x017673	preferred	1000	1	1	0	0.3394847497	EXPECTED_FROM_NULL
x037849	x018496	depleted	1000	0.9070929071	1	0	0.41582925	EXPECTED_FROM_NULL
x037849	x018497	depleted	1000	0.999000999	1	1	0.3472566262	EXPECTED_FROM_NULL
x037849	x018498	depleted	1000	0.999000999	1	0.5	0.6807602593	EXPECTED_FROM_NULL
x037849	x018499	preferred	1000	0.06893106893	0.3251187315	0.5	0.7142496214	EXPECTED_FROM_NULL
x037849	x018500	preferred	1000	1	1	0	0.7761735648	EXPECTED_FROM_NULL
x037849	x018501	depleted	1000	0.9360639361	1	1	0.3636814458	EXPECTED_FROM_NULL
x037849	x018502	preferred	1000	1	1	0	0.7142496214	EXPECTED_FROM_NULL
x037849	x018562	preferred	1000	1	1	0	0.3394847497	EXPECTED_FROM_NULL
x037849	x018877	preferred	1000	1	1	0	0.6923378907	EXPECTED_FROM_NULL
x037849	x019936	depleted	1000	0.9340659341	1	0	0.5743947398	EXPECTED_FROM_NULL
x037849	x019940	preferred	1000	1	1	0	0.4830503838	EXPECTED_FROM_NULL
x037849	x019941	preferred	1000	1	1	0	0.3394847497	EXPECTED_FROM_NULL
x037849	x019943	preferred	1000	1	1	0	0.3394847497	EXPECTED_FROM_NULL
x037849	x020016	depleted	1000	0.995004995	1	1	0.5305545296	EXPECTED_FROM_NULL
x037849	x020017	depleted	1000	0.97002997	1	0	0.3709787473	EXPECTED_FROM_NULL
x037849	x020022	preferred	1000	1	1	0	0.4381704103	EXPECTED_FROM_NULL
x037849	x020023	preferred	1000	1	1	0	0.3394847497	EXPECTED_FROM_NULL
x037849	x022921	preferred	1000	1	1	0	0.4830503838	EXPECTED_FROM_NULL
x037849	x024074	preferred	1000	1	1	0	0.3394847497	EXPECTED_FROM_NULL
x037849	x024240	preferred	1000	1	1	0	0.3900906673	EXPECTED_FROM_NULL
x037849	x024245	depleted	1000	0.961038961	1	0	0.4496281418	EXPECTED_FROM_NULL
x037849	x024738	preferred	1000	1	1	1	0.3939220494	EXPECTED_FROM_NULL
x037849	x024803	preferred	1000	1	1	0	0.5920028017	EXPECTED_FROM_NULL
x037849	x025530	preferred	1000	1	1	0	0.4830503838	EXPECTED_FROM_NULL
x037849	x025544	preferred	1000	0.01698301698	0.2517482517	1	0.4367715398	EXPECTED_FROM_NULL
x037849	x025548	preferred	1000	1	1	0	0.4716109735	EXPECTED_FROM_NULL
x037849	x025736	preferred	1000	1	1	0	0.4716109735	EXPECTED_FROM_NULL
x037849	x031616	preferred	1000	1	1	0	0.4394573384	EXPECTED_FROM_NULL
x037849	x033881	preferred	1000	1	1	0	0.4367715398	EXPECTED_FROM_NULL
x037849	x037856	depleted	1000	0.8801198801	1	0	0.3927165984	EXPECTED_FROM_NULL
x037849	x037858	depleted	1000	0.8341658342	1	0	0.3725067417	EXPECTED_FROM_NULL
x037849	x037859	depleted	1000	0.997002997	1	1	0.425675025	EXPECTED_FROM_NULL
x037849	x037860	depleted	1000	0.991008991	1	1	0.4052669148	EXPECTED_FROM_NULL
x037849	x037861	depleted	1000	0.958041958	1	0	0.4099459909	EXPECTED_FROM_NULL
x037849	x037953	preferred	1000	1	1	0	0.3911063862	EXPECTED_FROM_NULL
x037849	x037954	preferred	1000	1	1	0	0.7071818334	EXPECTED_FROM_NULL
x037849	x037958	preferred	1000	1	1	0	0.4716109735	EXPECTED_FROM_NULL
x037849	x037984	preferred	1000	1	1	0	0.3394847497	EXPECTED_FROM_NULL
x037849	x037985	preferred	1000	1	1	0	0.3394847497	EXPECTED_FROM_NULL
x037849	x038104	preferred	1000	1	1	0	0.7387690602	EXPECTED_FROM_NULL
x037849	x038107	preferred	1000	1	1	0	0.4381704103	EXPECTED_FROM_NULL
x037849	x038441	preferred	1000	1	1	0	0.3394847497	EXPECTED_FROM_NULL
x037849	x038537	depleted	1000	0.983016983	1	0	0.4042092498	EXPECTED_FROM_NULL
x037849	x041112	depleted	1000	0.9080919081	1	0	0.6447001544	EXPECTED_FROM_NULL
x037849	x041117	depleted	1000	0.976023976	1	1	0.6163678064	EXPECTED_FROM_NULL
x037849	x041256	preferred	1000	1	1	0	0.4893059888	EXPECTED_FROM_NULL
x037849	x041258	depleted	1000	0.983016983	1	1	0.7394283279	EXPECTED_FROM_NULL
x037849	x041259	depleted	1000	0.957042957	1	0	0.529147182	EXPECTED_FROM_NULL
x037849	x041584	preferred	1000	1	1	0	0.7940925222	EXPECTED_FROM_NULL
x037849	x041659	preferred	1000	1	1	0	0.4394573384	EXPECTED_FROM_NULL
x037849	x042465	preferred	1000	1	1	0	0.3394847497	EXPECTED_FROM_NULL
x037849	x042800	preferred	1000	0.01398601399	0.2517482517	1	0.3625917896	EXPECTED_FROM_NULL
x037849	x042801	depleted	1000	0.984015984	1	0	0.5743947398	EXPECTED_FROM_NULL
x037849	x042802	preferred	1000	1	1	0	0.4830503838	EXPECTED_FROM_NULL
x037849	x042805	preferred	1000	1	1	0	0.4830503838	EXPECTED_FROM_NULL
x037849	x042806	preferred	1000	1	1	0	0.4367715398	EXPECTED_FROM_NULL
x037850	x001427	preferred	1000	0.000999000999	1	0	0	INSUFFICIENT_SUPPORT
x037850	x002108	preferred	1000	0.000999000999	1	0	0	INSUFFICIENT_SUPPORT
x037850	x014825	preferred	1000	0.000999000999	1	0	0	INSUFFICIENT_SUPPORT
x037850	x017408	preferred	1000	0.000999000999	1	0	0	INSUFFICIENT_SUPPORT
x037850	x017409	preferred	1000	0.000999000999	1	0	0	INSUFFICIENT_SUPPORT
x037850	x017411	preferred	1000	0.000999000999	1	0	0	INSUFFICIENT_SUPPORT
x037850	x017412	preferred	1000	0.000999000999	1	0	0	INSUFFICIENT_SUPPORT
x037850	x017413	preferred	1000	0.000999000999	1	0	0	INSUFFICIENT_SUPPORT
x037850	x017414	preferred	1000	0.000999000999	1	0	0	INSUFFICIENT_SUPPORT
x037850	x017888	preferred	1000	0.000999000999	1	0	0	INSUFFICIENT_SUPPORT
x037850	x017890	preferred	1000	0.000999000999	1	0	0	INSUFFICIENT_SUPPORT
x037850	x018496	preferred	1000	0.000999000999	1	0	0	INSUFFICIENT_SUPPORT
x037850	x018497	preferred	1000	0.000999000999	1	0	0	INSUFFICIENT_SUPPORT
x037850	x018498	preferred	1000	0.000999000999	1	0	0	INSUFFICIENT_SUPPORT
x037850	x018499	preferred	1000	0.000999000999	1	0	0	INSUFFICIENT_SUPPORT
x037850	x018500	preferred	1000	0.000999000999	1	0	0	INSUFFICIENT_SUPPORT
x037850	x018501	preferred	1000	0.000999000999	1	0	0	INSUFFICIENT_SUPPORT
x037850	x018560	preferred	1000	0.000999000999	1	0	0	INSUFFICIENT_SUPPORT
x037850	x018564	preferred	1000	0.000999000999	1	0	0	INSUFFICIENT_SUPPORT
x037850	x019937	preferred	1000	0.000999000999	1	0	0	INSUFFICIENT_SUPPORT
x037850	x019938	preferred	1000	0.000999000999	1	0	0	INSUFFICIENT_SUPPORT
x037850	x019939	preferred	1000	0.000999000999	1	0	0	INSUFFICIENT_SUPPORT
x037850	x019940	preferred	1000	0.000999000999	1	0	0	INSUFFICIENT_SUPPORT
x037850	x019941	preferred	1000	0.000999000999	1	0	0	INSUFFICIENT_SUPPORT
x037850	x019942	preferred	1000	0.000999000999	1	0	0	INSUFFICIENT_SUPPORT
x037850	x020018	preferred	1000	0.000999000999	1	0	0	INSUFFICIENT_SUPPORT
x037850	x020020	preferred	1000	0.000999000999	1	0	0	INSUFFICIENT_SUPPORT
x037850	x021786	preferred	1000	0.000999000999	1	0	0	INSUFFICIENT_SUPPORT
x037850	x022920	preferred	1000	0.000999000999	1	0	0	INSUFFICIENT_SUPPORT
x037850	x024244	preferred	1000	0.000999000999	1	0	0	INSUFFICIENT_SUPPORT
x037850	x024800	preferred	1000	0.000999000999	1	0	0	INSUFFICIENT_SUPPORT
x037850	x025398	preferred	1000	0.000999000999	1	0	0	INSUFFICIENT_SUPPORT
x037850	x025760	preferred	1000	0.000999000999	1	0	0	INSUFFICIENT_SUPPORT
x037850	x025765	preferred	1000	0.000999000999	1	0	0	INSUFFICIENT_SUPPORT
x037850	x031618	preferred	1000	0.000999000999	1	0	0	INSUFFICIENT_SUPPORT
x037850	x033099	preferred	1000	0.000999000999	1	0	0	INSUFFICIENT_SUPPORT
x037850	x033304	preferred	1000	0.000999000999	1	0	0	INSUFFICIENT_SUPPORT
x037850	x034672	preferred	1000	0.000999000999	1	0	0	INSUFFICIENT_SUPPORT
x037850	x037856	preferred	1000	0.000999000999	1	0	0	INSUFFICIENT_SUPPORT
x037850	x037858	preferred	1000	0.000999000999	1	0	0	INSUFFICIENT_SUPPORT
x037850	x037859	preferred	1000	0.000999000999	1	0	0	INSUFFICIENT_SUPPORT
x037850	x037863	preferred	1000	0.000999000999	1	0	0	INSUFFICIENT_SUPPORT
x037850	x037956	preferred	1000	0.000999000999	1	0	0	INSUFFICIENT_SUPPORT
x037850	x037984	preferred	1000	0.000999000999	1	0	0	INSUFFICIENT_SUPPORT
x037850	x037985	preferred	1000	0.000999000999	1	0	0	INSUFFICIENT_SUPPORT
x037850	x037988	preferred	1000	0.000999000999	1	0	0	INSUFFICIENT_SUPPORT
x037850	x041113	preferred	1000	0.000999000999	1	0	0	INSUFFICIENT_SUPPORT
x037850	x041114	preferred	1000	0.000999000999	1	0	0	INSUFFICIENT_SUPPORT
x037850	x041117	preferred	1000	0.000999000999	1	0	0	INSUFFICIENT_SUPPORT
x037850	x041258	preferred	1000	0.000999000999	1	0	0	INSUFFICIENT_SUPPORT
x037850	x041259	preferred	1000	0.000999000999	1	0	0	INSUFFICIENT_SUPPORT
x037850	x042469	preferred	1000	0.000999000999	1	0	0	INSUFFICIENT_SUPPORT
x037850	x042800	preferred	1000	0.000999000999	1	0	0	INSUFFICIENT_SUPPORT
x037850	x042801	preferred	1000	0.000999000999	1	0	0	INSUFFICIENT_SUPPORT
x037850	x042802	preferred	1000	0.000999000999	1	0	0	INSUFFICIENT_SUPPORT
x037850	x042804	preferred	1000	0.000999000999	1	0	0	INSUFFICIENT_SUPPORT
x037850	x042818	preferred	1000	0.000999000999	1	0	0	INSUFFICIENT_SUPPORT
x037851	x000108	preferred	1000	0.000999000999	1	0	0	INSUFFICIENT_SUPPORT
x037851	x002338	preferred	1000	0.000999000999	1	0	0	INSUFFICIENT_SUPPORT
x037851	x017408	preferred	1000	0.000999000999	1	0	0	INSUFFICIENT_SUPPORT
x037851	x017409	preferred	1000	0.000999000999	1	0	0	INSUFFICIENT_SUPPORT
x037851	x017411	preferred	1000	0.000999000999	1	0	0	INSUFFICIENT_SUPPORT
x037851	x017412	preferred	1000	0.000999000999	1	0	0	INSUFFICIENT_SUPPORT
x037851	x017413	preferred	1000	0.000999000999	1	0	0	INSUFFICIENT_SUPPORT
x037851	x018496	preferred	1000	0.000999000999	1	0	0	INSUFFICIENT_SUPPORT
x037851	x018497	preferred	1000	0.000999000999	1	0	0	INSUFFICIENT_SUPPORT
x037851	x018498	preferred	1000	0.000999000999	1	0	0	INSUFFICIENT_SUPPORT
x037851	x018499	preferred	1000	0.000999000999	1	0	0	INSUFFICIENT_SUPPORT
x037851	x018502	preferred	1000	0.000999000999	1	0	0	INSUFFICIENT_SUPPORT
x037851	x018503	preferred	1000	0.000999000999	1	0	0	INSUFFICIENT_SUPPORT
x037851	x018560	preferred	1000	0.000999000999	1	0	0	INSUFFICIENT_SUPPORT
x037851	x018562	preferred	1000	0.000999000999	1	0	0	INSUFFICIENT_SUPPORT
x037851	x018563	preferred	1000	0.000999000999	1	0	0	INSUFFICIENT_SUPPORT
x037851	x018564	preferred	1000	0.000999000999	1	0	0	INSUFFICIENT_SUPPORT
x037851	x018872	preferred	1000	0.000999000999	1	0	0	INSUFFICIENT_SUPPORT
x037851	x019936	preferred	1000	0.000999000999	1	0	0	INSUFFICIENT_SUPPORT
x037851	x019937	preferred	1000	0.000999000999	1	0	0	INSUFFICIENT_SUPPORT
x037851	x019938	preferred	1000	0.000999000999	1	0	0	INSUFFICIENT_SUPPORT
x037851	x019939	preferred	1000	0.000999000999	1	0	0	INSUFFICIENT_SUPPORT
x037851	x020016	preferred	1000	0.000999000999	1	0	0	INSUFFICIENT_SUPPORT
x037851	x020018	preferred	1000	0.000999000999	1	0	0	INSUFFICIENT_SUPPORT
x037851	x020021	preferred	1000	0.000999000999	1	0	0	INSUFFICIENT_SUPPORT
x037851	x021786	preferred	1000	0.000999000999	1	0	0	INSUFFICIENT_SUPPORT
x037851	x021788	preferred	1000	0.000999000999	1	0	0	INSUFFICIENT_SUPPORT
x037851	x023520	preferred	1000	0.000999000999	1	0	0	INSUFFICIENT_SUPPORT
x037851	x024240	preferred	1000	0.000999000999	1	0	0	INSUFFICIENT_SUPPORT
x037851	x024241	preferred	1000	0.000999000999	1	0	0	INSUFFICIENT_SUPPORT
x037851	x024736	preferred	1000	0.000999000999	1	0	0	INSUFFICIENT_SUPPORT
x037851	x024801	preferred	1000	0.000999000999	1	0	0	INSUFFICIENT_SUPPORT
x037851	x031618	preferred	1000	0.000999000999	1	0	0	INSUFFICIENT_SUPPORT
x037851	x031776	preferred	1000	0.000999000999	1	0	0	INSUFFICIENT_SUPPORT
x037851	x033098	preferred	1000	0.000999000999	1	0	0	INSUFFICIENT_SUPPORT
x037851	x034673	preferred	1000	0.000999000999	1	0	0	INSUFFICIENT_SUPPORT
x037851	x037859	preferred	1000	0.000999000999	1	0	0	INSUFFICIENT_SUPPORT
x037851	x037860	preferred	1000	0.000999000999	1	0	0	INSUFFICIENT_SUPPORT
x037851	x037986	preferred	1000	0.000999000999	1	0	0	INSUFFICIENT_SUPPORT
x037851	x041112	preferred	1000	0.000999000999	1	0	0	INSUFFICIENT_SUPPORT
x037851	x041113	preferred	1000	0.000999000999	1	0	0	INSUFFICIENT_SUPPORT
x037851	x041256	preferred	1000	0.000999000999	1	0	0	INSUFFICIENT_SUPPORT
x037851	x041258	preferred	1000	0.000999000999	1	0	0	INSUFFICIENT_SUPPORT
x037851	x041259	preferred	1000	0.000999000999	1	0	0	INSUFFICIENT_SUPPORT
x037851	x041260	preferred	1000	0.000999000999	1	0	0	INSUFFICIENT_SUPPORT
x037851	x041261	preferred	1000	0.000999000999	1	0	0	INSUFFICIENT_SUPPORT
x037851	x041262	preferred	1000	0.000999000999	1	0	0	INSUFFICIENT_SUPPORT
x037851	x042800	preferred	1000	0.000999000999	1	0	0	INSUFFICIENT_SUPPORT
x037851	x042802	preferred	1000	0.000999000999	1	0	0	INSUFFICIENT_SUPPORT
x037851	x042803	preferred	1000	0.000999000999	1	0	0	INSUFFICIENT_SUPPORT
x037851	x042804	preferred	1000	0.000999000999	1	0	0	INSUFFICIENT_SUPPORT
x037851	x042805	preferred	1000	0.000999000999	1	0	0	INSUFFICIENT_SUPPORT
x037852	x000106	preferred	1000	0.000999000999	1	0	0	INSUFFICIENT_SUPPORT
x037852	x001395	preferred	1000	0.000999000999	1	0	0	INSUFFICIENT_SUPPORT
x037852	x001397	preferred	1000	0.000999000999	1	0	0	INSUFFICIENT_SUPPORT
x037852	x002338	preferred	1000	0.000999000999	1	0	0	INSUFFICIENT_SUPPORT
x037852	x014824	preferred	1000	0.000999000999	1	0	0	INSUFFICIENT_SUPPORT
x037852	x017408	preferred	1000	0.000999000999	1	0	0	INSUFFICIENT_SUPPORT
x037852	x017409	preferred	1000	0.000999000999	1	0	0	INSUFFICIENT_SUPPORT
x037852	x017410	preferred	1000	0.000999000999	1	0	0	INSUFFICIENT_SUPPORT
x037852	x017411	preferred	1000	0.000999000999	1	0	0	INSUFFICIENT_SUPPORT
x037852	x017412	preferred	1000	0.000999000999	1	0	0	INSUFFICIENT_SUPPORT
x037852	x017414	preferred	1000	0.000999000999	1	0	0	INSUFFICIENT_SUPPORT
x037852	x017891	preferred	1000	0.000999000999	1	0	0	INSUFFICIENT_SUPPORT
x037852	x018496	preferred	1000	0.000999000999	1	0	0	INSUFFICIENT_SUPPORT
x037852	x018497	preferred	1000	0.000999000999	1	0	0	INSUFFICIENT_SUPPORT
x037852	x018498	preferred	1000	0.000999000999	1	0	0	INSUFFICIENT_SUPPORT
x037852	x018873	preferred	1000	0.000999000999	1	0	0	INSUFFICIENT_SUPPORT
x037852	x018874	preferred	1000	0.000999000999	1	0	0	INSUFFICIENT_SUPPORT
x037852	x019937	preferred	1000	0.000999000999	1	0	0	INSUFFICIENT_SUPPORT
x037852	x019938	preferred	1000	0.000999000999	1	0	0	INSUFFICIENT_SUPPORT
x037852	x019940	preferred	1000	0.000999000999	1	0	0	INSUFFICIENT_SUPPORT
x037852	x019941	preferred	1000	0.000999000999	1	0	0	INSUFFICIENT_SUPPORT
x037852	x020016	preferred	1000	0.000999000999	1	0	0	INSUFFICIENT_SUPPORT
x037852	x020018	preferred	1000	0.000999000999	1	0	0	INSUFFICIENT_SUPPORT
x037852	x020019	preferred	1000	0.000999000999	1	0	0	INSUFFICIENT_SUPPORT
x037852	x020020	preferred	1000	0.000999000999	1	0	0	INSUFFICIENT_SUPPORT
x037852	x021520	preferred	1000	0.000999000999	1	0	0	INSUFFICIENT_SUPPORT
x037852	x024074	preferred	1000	0.000999000999	1	0	0	INSUFFICIENT_SUPPORT
x037852	x024802	preferred	1000	0.000999000999	1	0	0	INSUFFICIENT_SUPPORT
x037852	x025395	preferred	1000	0.000999000999	1	0	0	INSUFFICIENT_SUPPORT
x037852	x025762	preferred	1000	0.000999000999	1	0	0	INSUFFICIENT_SUPPORT
x037852	x033096	preferred	1000	0.000999000999	1	0	0	INSUFFICIENT_SUPPORT
x037852	x033100	preferred	1000	0.000999000999	1	0	0	INSUFFICIENT_SUPPORT
x037852	x034244	preferred	1000	0.000999000999	1	0	0	INSUFFICIENT_SUPPORT
x037852	x037857	preferred	1000	0.000999000999	1	0	0	INSUFFICIENT_SUPPORT
x037852	x037859	preferred	1000	0.000999000999	1	0	0	INSUFFICIENT_SUPPORT
x037852	x037881	preferred	1000	0.000999000999	1	0	0	INSUFFICIENT_SUPPORT
x037852	x037955	preferred	1000	0.000999000999	1	0	0	INSUFFICIENT_SUPPORT
x037852	x037987	preferred	1000	0.000999000999	1	0	0	INSUFFICIENT_SUPPORT
x037852	x037988	preferred	1000	0.000999000999	1	0	0	INSUFFICIENT_SUPPORT
x037852	x038105	preferred	1000	0.000999000999	1	0	0	INSUFFICIENT_SUPPORT
x037852	x041115	preferred	1000	0.000999000999	1	0	0	INSUFFICIENT_SUPPORT
x037852	x041256	preferred	1000	0.000999000999	1	0	0	INSUFFICIENT_SUPPORT
x037852	x041257	preferred	1000	0.000999000999	1	0	0	INSUFFICIENT_SUPPORT
x037852	x041259	preferred	1000	0.000999000999	1	0	0	INSUFFICIENT_SUPPORT
x037852	x041260	preferred	1000	0.000999000999	1	0	0	INSUFFICIENT_SUPPORT
x037852	x041262	preferred	1000	0.000999000999	1	0	0	INSUFFICIENT_SUPPORT
x037852	x042802	preferred	1000	0.000999000999	1	0	0	INSUFFICIENT_SUPPORT
x037852	x042803	preferred	1000	0.000999000999	1	0	0	INSUFFICIENT_SUPPORT
x037852	x042805	preferred	1000	0.000999000999	1	0	0	INSUFFICIENT_SUPPORT
x037853	x000106	preferred	1000	0.000999000999	1	0	0	INSUFFICIENT_SUPPORT
x037853	x000107	preferred	1000	0.000999000999	1	0	0	INSUFFICIENT_SUPPORT
x037853	x001088	preferred	1000	0.000999000999	1	0	0	INSUFFICIENT_SUPPORT
x037853	x005073	preferred	1000	0.000999000999	1	0	0	INSUFFICIENT_SUPPORT
x037853	x007097	preferred	1000	0.000999000999	1	0	0	INSUFFICIENT_SUPPORT
x037853	x017408	preferred	1000	0.000999000999	1	0	0	INSUFFICIENT_SUPPORT
x037853	x017409	preferred	1000	0.000999000999	1	0	0	INSUFFICIENT_SUPPORT
x037853	x017411	preferred	1000	0.000999000999	1	0	0	INSUFFICIENT_SUPPORT
x037853	x018497	preferred	1000	0.000999000999	1	0	0	INSUFFICIENT_SUPPORT
x037853	x018498	preferred	1000	0.000999000999	1	0	0	INSUFFICIENT_SUPPORT
x037853	x018499	preferred	1000	0.000999000999	1	0	0	INSUFFICIENT_SUPPORT
x037853	x018500	preferred	1000	0.000999000999	1	0	0	INSUFFICIENT_SUPPORT
x037853	x018501	preferred	1000	0.000999000999	1	0	0	INSUFFICIENT_SUPPORT
x037853	x019937	preferred	1000	0.000999000999	1	0	0	INSUFFICIENT_SUPPORT
x037853	x019942	preferred	1000	0.000999000999	1	0	0	INSUFFICIENT_SUPPORT
x037853	x020017	preferred	1000	0.000999000999	1	0	0	INSUFFICIENT_SUPPORT
x037853	x020018	preferred	1000	0.000999000999	1	0	0	INSUFFICIENT_SUPPORT
x037853	x020019	preferred	1000	0.000999000999	1	0	0	INSUFFICIENT_SUPPORT
x037853	x024737	preferred	1000	0.000999000999	1	0	0	INSUFFICIENT_SUPPORT
x037853	x024738	preferred	1000	0.000999000999	1	0	0	INSUFFICIENT_SUPPORT
x037853	x024739	preferred	1000	0.000999000999	1	0	0	INSUFFICIENT_SUPPORT
x037853	x024805	preferred	1000	0.000999000999	1	0	0	INSUFFICIENT_SUPPORT
x037853	x025657	preferred	1000	0.000999000999	1	0	0	INSUFFICIENT_SUPPORT
x037853	x034672	preferred	1000	0.000999000999	1	0	0	INSUFFICIENT_SUPPORT
x037853	x037856	preferred	1000	0.000999000999	1	0	0	INSUFFICIENT_SUPPORT
x037853	x037858	preferred	1000	0.000999000999	1	0	0	INSUFFICIENT_SUPPORT
x037853	x037859	preferred	1000	0.000999000999	1	0	0	INSUFFICIENT_SUPPORT
x037853	x037861	preferred	1000	0.000999000999	1	0	0	INSUFFICIENT_SUPPORT
x037853	x038105	preferred	1000	0.000999000999	1	0	0	INSUFFICIENT_SUPPORT
x037853	x040633	preferred	1000	0.000999000999	1	0	0	INSUFFICIENT_SUPPORT
x037853	x041256	preferred	1000	0.000999000999	1	0	0	INSUFFICIENT_SUPPORT
x037853	x041257	preferred	1000	0.000999000999	1	0	0	INSUFFICIENT_SUPPORT
x037853	x041261	preferred	1000	0.000999000999	1	0	0	INSUFFICIENT_SUPPORT
x037853	x041262	preferred	1000	0.000999000999	1	0	0	INSUFFICIENT_SUPPORT
x037853	x041584	preferred	1000	0.000999000999	1	0	0	INSUFFICIENT_SUPPORT
x037853	x042466	preferred	1000	0.000999000999	1	0	0	INSUFFICIENT_SUPPORT
x037853	x042800	preferred	1000	0.000999000999	1	0	0	INSUFFICIENT_SUPPORT
x037854	x000106	preferred	1000	0.000999000999	1	0	0	INSUFFICIENT_SUPPORT
x037854	x001424	preferred	1000	0.000999000999	1	0	0	INSUFFICIENT_SUPPORT
x037854	x009305	preferred	1000	0.000999000999	1	0	0	INSUFFICIENT_SUPPORT
x037854	x017408	preferred	1000	0.000999000999	1	0	0	INSUFFICIENT_SUPPORT
x037854	x018496	preferred	1000	0.000999000999	1	0	0	INSUFFICIENT_SUPPORT
x037854	x018497	preferred	1000	0.000999000999	1	0	0	INSUFFICIENT_SUPPORT
x037854	x018498	preferred	1000	0.000999000999	1	0	0	INSUFFICIENT_SUPPORT
x037854	x018499	preferred	1000	0.000999000999	1	0	0	INSUFFICIENT_SUPPORT
x037854	x018501	preferred	1000	0.000999000999	1	0	0	INSUFFICIENT_SUPPORT
x037854	x018562	preferred	1000	0.000999000999	1	0	0	INSUFFICIENT_SUPPORT
x037854	x019942	preferred	1000	0.000999000999	1	0	0	INSUFFICIENT_SUPPORT
x037854	x020019	preferred	1000	0.000999000999	1	0	0	INSUFFICIENT_SUPPORT
x037854	x020021	preferred	1000	0.000999000999	1	0	0	INSUFFICIENT_SUPPORT
x037854	x020022	preferred	1000	0.000999000999	1	0	0	INSUFFICIENT_SUPPORT
x037854	x024241	preferred	1000	0.000999000999	1	0	0	INSUFFICIENT_SUPPORT
x037854	x024242	preferred	1000	0.000999000999	1	0	0	INSUFFICIENT_SUPPORT
x037854	x024245	preferred	1000	0.000999000999	1	0	0	INSUFFICIENT_SUPPORT
x037854	x024801	preferred	1000	0.000999000999	1	0	0	INSUFFICIENT_SUPPORT
x037854	x025489	preferred	1000	0.000999000999	1	0	0	INSUFFICIENT_SUPPORT
x037854	x025658	preferred	1000	0.000999000999	1	0	0	INSUFFICIENT_SUPPORT
x037854	x025760	preferred	1000	0.000999000999	1	0	0	INSUFFICIENT_SUPPORT
x037854	x031616	preferred	1000	0.000999000999	1	0	0	INSUFFICIENT_SUPPORT
x037854	x033096	preferred	1000	0.000999000999	1	0	0	INSUFFICIENT_SUPPORT
x037854	x033098	preferred	1000	0.000999000999	1	0	0	INSUFFICIENT_SUPPORT
x037854	x033408	preferred	1000	0.000999000999	1	0	0	INSUFFICIENT_SUPPORT
x037854	x037987	preferred	1000	0.000999000999	1	0	0	INSUFFICIENT_SUPPORT
x037854	x040218	preferred	1000	0.000999000999	1	0	0	INSUFFICIENT_SUPPORT
x037854	x041260	preferred	1000	0.000999000999	1	0	0	INSUFFICIENT_SUPPORT
x037854	x041261	preferred	1000	0.000999000999	1	0	0	INSUFFICIENT_SUPPORT
x037854	x042802	preferred	1000	0.000999000999	1	0	0	INSUFFICIENT_SUPPORT
x037855	x009304	preferred	1000	0.000999000999	1	0	0	INSUFFICIENT_SUPPORT
x037855	x017408	preferred	1000	0.000999000999	1	0	0	INSUFFICIENT_SUPPORT
x037855	x017410	preferred	1000	0.000999000999	1	0	0	INSUFFICIENT_SUPPORT
x037855	x018503	preferred	1000	0.000999000999	1	0	0	INSUFFICIENT_SUPPORT
x037855	x019937	preferred	1000	0.000999000999	1	0	0	INSUFFICIENT_SUPPORT
x037855	x019940	preferred	1000	0.000999000999	1	0	0	INSUFFICIENT_SUPPORT
x037855	x019941	preferred	1000	0.000999000999	1	0	0	INSUFFICIENT_SUPPORT
x037855	x020017	preferred	1000	0.000999000999	1	0	0	INSUFFICIENT_SUPPORT
x037855	x025395	preferred	1000	0.000999000999	1	0	0	INSUFFICIENT_SUPPORT
x037855	x025761	preferred	1000	0.000999000999	1	0	0	INSUFFICIENT_SUPPORT
x037855	x037858	preferred	1000	0.000999000999	1	0	0	INSUFFICIENT_SUPPORT
x037855	x037984	preferred	1000	0.000999000999	1	0	0	INSUFFICIENT_SUPPORT
x037855	x041259	preferred	1000	0.000999000999	1	0	0	INSUFFICIENT_SUPPORT
x037855	x041659	preferred	1000	0.000999000999	1	0	0	INSUFFICIENT_SUPPORT
x037855	x042800	preferred	1000	0.000999000999	1	0	0	INSUFFICIENT_SUPPORT
x037855	x042819	preferred	1000	0.000999000999	1	0	0	INSUFFICIENT_SUPPORT
x037856	x002610	preferred	1000	0.01698301698	0.2517482517	1	0.02463820667	EXPECTED_FROM_NULL
x037856	x004344	preferred	1000	1	1	1	0.02450521903	EXPECTED_FROM_NULL
x037856	x005078	preferred	1000	1	1	1	0.0278721731	EXPECTED_FROM_NULL
x037856	x005553	preferred	1000	0.05894105894	0.2996312045	1	0.02397704911	EXPECTED_FROM_NULL
x037856	x011081	preferred	1000	1	1	1	0.02464018172	EXPECTED_FROM_NULL
x037856	x016449	preferred	1000	1	1	1	0.02429046378	EXPECTED_FROM_NULL
x037856	x021048	preferred	1000	1	1	1	0.02364640247	EXPECTED_FROM_NULL
x037856	x021520	preferred	1000	0.1118881119	0.4405594406	1	0.02509572559	EXPECTED_FROM_NULL
x037856	x021953	preferred	1000	0.1258741259	0.4785387027	1	0.02557480817	EXPECTED_FROM_NULL
x037856	x022520	preferred	1000	1	1	1	0.0311212577	EXPECTED_FROM_NULL
x037856	x022521	preferred	1000	1	1	1	0.02925740764	EXPECTED_FROM_NULL
x037856	x022523	preferred	1000	0.03696303696	0.2661338661	1	0.02792792882	EXPECTED_FROM_NULL
x037856	x023867	preferred	1000	1	1	0	0.0256042021	EXPECTED_FROM_NULL
x037856	x024736	preferred	1000	1	1	1	0.02574099891	EXPECTED_FROM_NULL
x037856	x025548	preferred	1000	1	1	1	0.02963708158	EXPECTED_FROM_NULL
x037856	x025554	preferred	1000	1	1	1	0.02535889296	EXPECTED_FROM_NULL
x037856	x025737	preferred	1000	0.01598401598	0.2517482517	0.5	0.02711793076	EXPECTED_FROM_NULL
x037856	x025738	preferred	1000	0.1138861139	0.442500231	1	0.02497920135	EXPECTED_FROM_NULL
x037856	x025740	preferred	10000	0.001099890011	0.09202558005	0.3333333333	0.02509272497	EXPECTED_FROM_NULL
x037856	x025888	preferred	1000	0.01798201798	0.2517482517	1	0.0270557392	EXPECTED_FROM_NULL
x037856	x031290	preferred	1000	1	1	0.5	0.02498214423	EXPECTED_FROM_NULL
x037856	x031776	preferred	1000	1	1	1	0.02300689621	EXPECTED_FROM_NULL
x037856	x033600	preferred	1000	1	1	0	0.02532932908	EXPECTED_FROM_NULL
x037856	x033601	preferred	1000	0.02997002997	0.2551656488	1	0.02449969609	EXPECTED_FROM_NULL
x037856	x038169	preferred	1000	1	1	1	0.02401457096	EXPECTED_FROM_NULL
x037856	x038442	preferred	1000	1	1	1	0.02567691791	EXPECTED_FROM_NULL
x037856	x039080	preferred	1000	0.01298701299	0.2517482517	0.5	0.02764199061	EXPECTED_FROM_NULL
x037856	x039081	preferred	1000	0.1718281718	0.6262497833	1	0.02670524341	EXPECTED_FROM_NULL
x037856	x039082	preferred	1000	1	1	1	0.0243420741	EXPECTED_FROM_NULL
x037856	x039084	preferred	1000	0.08091908092	0.3490006326	0.3333333333	0.02479004536	EXPECTED_FROM_NULL
x037856	x040633	preferred	1000	0.2187812188	0.7812349594	1	0.031608561	EXPECTED_FROM_NULL
x037856	x040634	preferred	1000	0.05994005994	0.3020979021	1	0.02523785169	EXPECTED_FROM_NULL
x037856	x040635	preferred	1000	1	1	1	0.02669314144	EXPECTED_FROM_NULL
x037857	x004729	preferred	1000	1	1	1	0.02614529253	EXPECTED_FROM_NULL
x037857	x005552	preferred	1000	1	1	1	0.02640264807	EXPECTED_FROM_NULL
x037857	x011081	preferred	1000	1	1	0	0.02654837215	EXPECTED_FROM_NULL
x037857	x014361	preferred	1000	1	1	1	0.02509519605	EXPECTED_FROM_NULL
x037857	x016451	preferred	1000	0.1148851149	0.4454007531	1	0.02726323981	EXPECTED_FROM_NULL
x037857	x021048	preferred	1000	1	1	0	0.02551731567	EXPECTED_FROM_NULL
x037857	x021520	preferred	1000	0.1088911089	0.4326214326	1	0.02722049026	EXPECTED_FROM_NULL
x037857	x021785	preferred	1000	0.1168831169	0.4511637159	1	0.02825713654	EXPECTED_FROM_NULL
x037857	x022522	preferred	1000	0.07692307692	0.3417942259	1	0.02923433713	EXPECTED_FROM_NULL
x037857	x022523	preferred	1000	1	1	1	0.02889423023	EXPECTED_FROM_NULL
x037857	x022524	preferred	1000	0.08391608392	0.3592911942	1	0.02799985917	EXPECTED_FROM_NULL
x037857	x024736	preferred	1000	1	1	1	0.02845105069	EXPECTED_FROM_NULL
x037857	x024738	preferred	10000	0.00399960004	0.2178840939	0.3333333333	0.02816968269	EXPECTED_FROM_NULL
x037857	x024739	preferred	1000	0.1258741259	0.4785387027	1	0.02630093157	EXPECTED_FROM_NULL
x037857	x025489	preferred	1000	1	1	1	0.02616695739	EXPECTED_FROM_NULL
x037857	x025546	preferred	1000	0.1228771229	0.4701849127	1	0.031193955	EXPECTED_FROM_NULL
x037857	x025554	preferred	1000	1	1	1	0.02679202574	EXPECTED_FROM_NULL
x037857	x025736	preferred	1000	1	1	1	0.02793374333	EXPECTED_FROM_NULL
x037857	x025737	preferred	1000	0.1768231768	0.6418026418	0.3333333333	0.02891432581	EXPECTED_FROM_NULL
x037857	x025738	preferred	1000	1	1	1	0.02679434945	EXPECTED_FROM_NULL
x037857	x025740	preferred	1000	1	1	1	0.02728317491	EXPECTED_FROM_NULL
x037857	x031290	preferred	1000	1	1	0	0.02706997192	EXPECTED_FROM_NULL
x037857	x031776	preferred	1000	1	1	0.5	0.02560737715	EXPECTED_FROM_NULL
x037857	x033305	preferred	1000	1	1	0	0.02555267976	EXPECTED_FROM_NULL
x037857	x033600	preferred	1000	0.06893106893	0.3251187315	0.3333333333	0.02729040673	EXPECTED_FROM_NULL
x037857	x033601	preferred	1000	1	1	1	0.02669340728	EXPECTED_FROM_NULL
x037857	x034241	preferred	1000	1	1	0	0.02543368235	EXPECTED_FROM_NULL
x037857	x034242	preferred	1000	0.1328671329	0.4965627593	1	0.02814391736	EXPECTED_FROM_NULL
x037857	x038440	preferred	1000	0.01398601399	0.2517482517	0.5	0.02937818781	EXPECTED_FROM_NULL
x037857	x038442	preferred	1000	1	1	0	0.02819640979	EXPECTED_FROM_NULL
x037857	x039080	preferred	1000	0.1598401598	0.5861913554	0.5	0.02985189488	EXPECTED_FROM_NULL
x037857	x039081	preferred	1000	1	1	1	0.02827007038	EXPECTED_FROM_NULL
x037857	x039082	preferred	1000	0.02897102897	0.2551656488	0.5	0.02533283581	EXPECTED_FROM_NULL
x037857	x039657	preferred	1000	1	1	1	0.02647772219	EXPECTED_FROM_NULL
x037857	x041240	preferred	1000	0.1298701299	0.4884667571	1	0.02740216484	EXPECTED_FROM_NULL
x037857	x041241	preferred	1000	0.07992007992	0.3472389679	1	0.02544291939	EXPECTED_FROM_NULL
x037857	x042282	preferred	1000	0.08091908092	0.3490006326	1	0.02664958295	EXPECTED_FROM_NULL
x037858	x004344	preferred	1000	0.02197802198	0.2551656488	1	0.03146449377	EXPECTED_FROM_NULL
x037858	x005552	preferred	1000	0.08091908092	0.3490006326	1	0.03309424735	EXPECTED_FROM_NULL
x037858	x005553	preferred	1000	0.03696303696	0.2661338661	0.5	0.03170756414	EXPECTED_FROM_NULL
x037858	x011081	preferred	1000	1	1	1	0.03259160987	EXPECTED_FROM_NULL
x037858	x013425	preferred	1000	1	1	1	0.03311021058	EXPECTED_FROM_NULL
x037858	x014361	preferred	1000	1	1	0	0.03078316615	EXPECTED_FROM_NULL
x037858	x014362	preferred	1000	0.05694305694	0.2928500071	1	0.03180926547	EXPECTED_FROM_NULL
x037858	x016448	preferred	1000	0.08691308691	0.3676611159	1	0.03387848729	EXPECTED_FROM_NULL
x037858	x016451	preferred	1000	0.05394605395	0.2892426722	1	0.03112672595	EXPECTED_FROM_NULL
x037858	x017488	preferred	1000	1	1	1	0.02955116595	EXPECTED_FROM_NULL
x037858	x021048	preferred	1000	1	1	1	0.03079148774	EXPECTED_FROM_NULL
x037858	x021785	preferred	1000	0.07092907093	0.3283960134	1	0.03358341389	EXPECTED_FROM_NULL
x037858	x022520	preferred	1000	1	1	1	0.03919561372	EXPECTED_FROM_NULL
x037858	x022523	preferred	1000	1	1	1	0.03549476109	EXPECTED_FROM_NULL
x037858	x022524	preferred	1000	0.04695304695	0.272451233	1	0.03422799046	EXPECTED_FROM_NULL
x037858	x024738	preferred	1000	1	1	1	0.03843297012	EXPECTED_FROM_NULL
x037858	x025544	preferred	1000	1	1	0	0.05437510035	EXPECTED_FROM_NULL
x037858	x025552	preferred	1000	1	1	1	0.03413228943	EXPECTED_FROM_NULL
x037858	x025736	preferred	1000	1	1	0	0.03456134962	EXPECTED_FROM_NULL
x037858	x025737	preferred	10000	0.004199580042	0.2178840939	0.5	0.03594991174	EXPECTED_FROM_NULL
x037858	x025738	preferred	1000	0.1018981019	0.4103841364	1	0.03402408651	EXPECTED_FROM_NULL
x037858	x025740	preferred	1000	1	1	0	0.03489808035	EXPECTED_FROM_NULL
x037858	x031776	preferred	1000	0.01798201798	0.2517482517	0.5	0.03214386288	EXPECTED_FROM_NULL
x037858	x033600	preferred	1000	1	1	1	0.03294372988	EXPECTED_FROM_NULL
x037858	x033602	preferred	1000	1	1	1	0.03211129139	EXPECTED_FROM_NULL
x037858	x038440	preferred	1000	1	1	0	0.03856037451	EXPECTED_FROM_NULL
x037858	x038441	preferred	1000	1	1	1	0.03662454523	EXPECTED_FROM_NULL
x037858	x039080	preferred	1000	1	1	1	0.03887397826	EXPECTED_FROM_NULL
x037858	x039081	preferred	10000	0.006199380062	0.2517482517	0.5	0.0341783112	EXPECTED_FROM_NULL
x037858	x039082	preferred	1000	1	1	1	0.03239580114	EXPECTED_FROM_NULL
x037858	x039659	preferred	1000	1	1	1	0.03040546528	EXPECTED_FROM_NULL
x037858	x040633	preferred	1000	0.08891108891	0.370778158	1	0.04194331874	EXPECTED_FROM_NULL
x037858	x040636	preferred	1000	1	1	1	0.03411337079	EXPECTED_FROM_NULL
x037858	x041240	preferred	1000	0.1368631369	0.5071986837	1	0.03664079485	EXPECTED_FROM_NULL
x037859	x005552	preferred	1000	1	1	1	0.03269148287	EXPECTED_FROM_NULL
x037859	x014361	preferred	1000	1	1	0	0.0316321236	EXPECTED_FROM_NULL
x037859	x016448	preferred	1000	0.08491508492	0.3618121009	1	0.03732335121	EXPECTED_FROM_NULL
x037859	x017033	preferred	1000	1	1	1	0.03311603918	EXPECTED_FROM_NULL
x037859	x020969	preferred	1000	1	1	1	0.03542684481	EXPECTED_FROM_NULL
x037859	x021277	preferred	1000	1	1	0	0.0349056741	EXPECTED_FROM_NULL
x037859	x021786	preferred	1000	1	1	0	0.03337514214	EXPECTED_FROM_NULL
x037859	x022521	preferred	1000	1	1	1	0.04133663004	EXPECTED_FROM_NULL
x037859	x023432	preferred	1000	0.04295704296	0.2696662768	1	0.03318084464	EXPECTED_FROM_NULL
x037859	x023865	preferred	1000	1	1	1	0.03517701511	EXPECTED_FROM_NULL
x037859	x024736	preferred	1000	1	1	1	0.0379414341	EXPECTED_FROM_NULL
x037859	x024737	preferred	1000	1	1	0	0.03635292342	EXPECTED_FROM_NULL
x037859	x025489	preferred	1000	1	1	1	0.03271116712	EXPECTED_FROM_NULL
x037859	x025554	preferred	1000	1	1	1	0.03511515256	EXPECTED_FROM_NULL
x037859	x025737	preferred	1000	0.07292707293	0.3358834377	0.5	0.03822037022	EXPECTED_FROM_NULL
x037859	x025738	preferred	1000	1	1	1	0.0332723362	EXPECTED_FROM_NULL
x037859	x025740	preferred	1000	0.1138861139	0.442500231	1	0.03680170403	EXPECTED_FROM_NULL
x037859	x031290	preferred	1000	1	1	1	0.03428644297	EXPECTED_FROM_NULL
x037859	x031776	preferred	1000	1	1	0.5	0.03296400458	EXPECTED_FROM_NULL
x037859	x033600	preferred	1000	0.02697302697	0.2551656488	1	0.03426164764	EXPECTED_FROM_NULL
x037859	x038440	preferred	1000	0.1118881119	0.4405594406	1	0.03639981769	EXPECTED_FROM_NULL
x037859	x038442	preferred	1000	0.01698301698	0.2517482517	0.5	0.03228098503	EXPECTED_FROM_NULL
x037859	x039080	preferred	1000	0.1008991009	0.4082248027	1	0.03674719953	EXPECTED_FROM_NULL
x037859	x039081	preferred	1000	0.07592407592	0.3416583417	1	0.03571337507	EXPECTED_FROM_NULL
x037859	x039082	preferred	1000	1	1	1	0.03576573235	EXPECTED_FROM_NULL
x037859	x039084	preferred	1000	0.03596403596	0.2643356643	0.5	0.03224659687	EXPECTED_FROM_NULL
x037859	x039659	preferred	1000	1	1	0	0.0332723362	EXPECTED_FROM_NULL
x037859	x041243	preferred	1000	1	1	1	0.03429370989	EXPECTED_FROM_NULL
x037860	x009304	preferred	1000	1	1	0	0.05700507176	EXPECTED_FROM_NULL
x037860	x011081	preferred	1000	1	1	1	0.05437215623	EXPECTED_FROM_NULL
x037860	x014362	preferred	1000	1	1	0	0.06595604282	EXPECTED_FROM_NULL
x037860	x015064	preferred	1000	1	1	1	0.0612762184	EXPECTED_FROM_NULL
x037860	x016448	preferred	1000	1	1	1	0.0625486154	EXPECTED_FROM_NULL
x037860	x016449	preferred	1000	0.04295704296	0.2696662768	1	0.06289532186	EXPECTED_FROM_NULL
x037860	x016451	preferred	1000	1	1	1	0.07304697136	EXPECTED_FROM_NULL
x037860	x021277	preferred	1000	1	1	0	0.05700507176	EXPECTED_FROM_NULL
x037860	x021520	preferred	1000	1	1	0	0.06835534125	EXPECTED_FROM_NULL
x037860	x022521	preferred	1000	0.04695304695	0.272451233	1	0.07056420012	EXPECTED_FROM_NULL
x037860	x022523	preferred	1000	1	1	0	0.05828255172	EXPECTED_FROM_NULL
x037860	x025546	preferred	1000	0.08591408591	0.3651866206	1	0.06770687105	EXPECTED_FROM_NULL
x037860	x025553	preferred	1000	0.07592407592	0.3416583417	1	0.06999566582	EXPECTED_FROM_NULL
x037860	x025737	preferred	1000	1	1	0	0.07349028528	EXPECTED_FROM_NULL
x037860	x031706	preferred	1000	1	1	0	0.08768450946	EXPECTED_FROM_NULL
x037860	x031776	preferred	1000	1	1	0	0.05878519148	EXPECTED_FROM_NULL
x037860	x034242	preferred	1000	1	1	0	0.06582208065	EXPECTED_FROM_NULL
x037860	x038442	preferred	1000	1	1	0	0.06293231717	EXPECTED_FROM_NULL
x037860	x039081	preferred	1000	0.05194805195	0.2845849802	1	0.06768848344	EXPECTED_FROM_NULL
x037860	x039082	preferred	1000	1	1	1	0.06132621281	EXPECTED_FROM_NULL
x037860	x039084	preferred	1000	0.04095904096	0.268166616	1	0.06263360429	EXPECTED_FROM_NULL
x037860	x039657	preferred	1000	1	1	1	0.05779068755	EXPECTED_FROM_NULL
x037860	x040635	preferred	1000	1	1	1	0.06606914613	EXPECTED_FROM_NULL
x037860	x041240	preferred	1000	0.05094905095	0.2808566434	1	0.06722223508	EXPECTED_FROM_NULL
x037860	x041243	preferred	1000	1	1	1	0.0595246583	EXPECTED_FROM_NULL
x037860	x042282	preferred	1000	1	1	0	0.0741095654	EXPECTED_FROM_NULL
x037861	x004344	preferred	1000	1	1	0	0.1308665873	EXPECTED_FROM_NULL
x037861	x014361	preferred	1000	1	1	0	0.1028362699	EXPECTED_FROM_NULL
x037861	x015064	preferred	1000	0.01598401598	0.2517482517	1	0.1150177936	EXPECTED_FROM_NULL
x037861	x016451	preferred	1000	0.05394605395	0.2892426722	1	0.124809885	EXPECTED_FROM_NULL
x037861	x021048	preferred	1000	1	1	0	0.1028362699	EXPECTED_FROM_NULL
x037861	x021953	preferred	1000	1	1	0	0.1102551873	EXPECTED_FROM_NULL
x037861	x022520	preferred	1000	1	1	0	0.124809885	EXPECTED_FROM_NULL
x037861	x022522	preferred	1000	1	1	0	0.1220346161	EXPECTED_FROM_NULL
x037861	x023864	preferred	1000	1	1	0	0.1308544328	EXPECTED_FROM_NULL
x037861	x025544	preferred	1000	1	1	0	0.1615933516	EXPECTED_FROM_NULL
x037861	x025545	preferred	1000	1	1	1	0.1698998845	EXPECTED_FROM_NULL
x037861	x025549	preferred	1000	1	1	0	0.1123469391	EXPECTED_FROM_NULL
x037861	x025552	preferred	1000	1	1	0	0.1587257189	EXPECTED_FROM_NULL
x037861	x025553	preferred	1000	1	1	0	0.1234666195	EXPECTED_FROM_NULL
x037861	x025736	preferred	1000	1	1	0	0.1391016102	EXPECTED_FROM_NULL
x037861	x031776	preferred	1000	1	1	0	0.1369643942	EXPECTED_FROM_NULL
x037861	x033602	preferred	1000	1	1	0	0.1117320045	EXPECTED_FROM_NULL
x037861	x039080	preferred	1000	1	1	0	0.124809885	EXPECTED_FROM_NULL
x037861	x039081	preferred	1000	1	1	0	0.124809885	EXPECTED_FROM_NULL
x037861	x039082	preferred	1000	1	1	0	0.1511018382	EXPECTED_FROM_NULL
x037861	x039084	preferred	1000	0.03396603397	0.2593769866	1	0.1127625725	EXPECTED_FROM_NULL
x037861	x040632	preferred	1000	1	1	0	0.1671002666	EXPECTED_FROM_NULL
x037861	x040633	preferred	1000	1	1	0	0.1312596688	EXPECTED_FROM_NULL
x037862	x011081	preferred	1000	1	1	0	0.5489723619	INSUFFICIENT_SUPPORT
x037862	x016451	preferred	1000	1	1	0	0.8702884257	INSUFFICIENT_SUPPORT
x037862	x021048	preferred	1000	1	1	0	0.5489723619	INSUFFICIENT_SUPPORT
x037862	x022526	preferred	1000	1	1	0	0.5489723619	INSUFFICIENT_SUPPORT
x037862	x025489	preferred	1000	1	1	0	0.5489723619	INSUFFICIENT_SUPPORT
x037862	x025548	preferred	1000	1	1	0	0.8702884257	INSUFFICIENT_SUPPORT
x037862	x025553	preferred	1000	1	1	0	0.5489723619	INSUFFICIENT_SUPPORT
x037862	x039080	preferred	1000	1	1	0	0.8702884257	INSUFFICIENT_SUPPORT
x037862	x041939	preferred	1000	1	1	0	0.5489723619	INSUFFICIENT_SUPPORT
x037863	x005553	preferred	1000	0.000999000999	1	0	0	INSUFFICIENT_SUPPORT
x037863	x014362	preferred	1000	0.000999000999	1	0	0	INSUFFICIENT_SUPPORT
x037863	x022523	preferred	1000	0.000999000999	1	0	0	INSUFFICIENT_SUPPORT
x037863	x033600	preferred	1000	0.000999000999	1	0	0	INSUFFICIENT_SUPPORT
x037863	x039080	preferred	1000	0.000999000999	1	0	0	INSUFFICIENT_SUPPORT
x037880	x041241	preferred	1000	0.000999000999	1	0	0	INSUFFICIENT_SUPPORT
x037896	x002104	preferred	1000	0.000999000999	1	0	0	INSUFFICIENT_SUPPORT
x037896	x002339	preferred	1000	0.000999000999	1	0	0	INSUFFICIENT_SUPPORT
x037896	x005074	preferred	1000	0.000999000999	1	0	0	INSUFFICIENT_SUPPORT
x037896	x017409	preferred	1000	0.000999000999	1	0	0	INSUFFICIENT_SUPPORT
x037896	x018872	preferred	1000	0.000999000999	1	0	0	INSUFFICIENT_SUPPORT
x037896	x018873	preferred	1000	0.000999000999	1	0	0	INSUFFICIENT_SUPPORT
x037896	x018876	preferred	1000	0.000999000999	1	0	0	INSUFFICIENT_SUPPORT
x037896	x020016	preferred	1000	0.000999000999	1	0	0	INSUFFICIENT_SUPPORT
x037896	x025392	preferred	1000	0.000999000999	1	0	0	INSUFFICIENT_SUPPORT
x037896	x037862	preferred	1000	0.000999000999	1	0	0	INSUFFICIENT_SUPPORT
x037896	x038056	preferred	1000	0.000999000999	1	0	0	INSUFFICIENT_SUPPORT
x037896	x038537	preferred	1000	0.000999000999	1	0	0	INSUFFICIENT_SUPPORT
x037896	x038538	preferred	1000	0.000999000999	1	0	0	INSUFFICIENT_SUPPORT
x037896	x040211	preferred	1000	0.000999000999	1	0	0	INSUFFICIENT_SUPPORT
x037897	x001089	preferred	1000	0.000999000999	1	0	0	INSUFFICIENT_SUPPORT
x037897	x015280	preferred	1000	0.000999000999	1	0	0	INSUFFICIENT_SUPPORT
x037897	x017688	preferred	1000	0.000999000999	1	0	0	INSUFFICIENT_SUPPORT
x037897	x018873	preferred	1000	0.000999000999	1	0	0	INSUFFICIENT_SUPPORT
x037897	x041584	preferred	1000	0.000999000999	1	0	0	INSUFFICIENT_SUPPORT
x037898	x000107	preferred	1000	0.000999000999	1	0	0	INSUFFICIENT_SUPPORT
x037898	x005106	preferred	1000	0.000999000999	1	0	0	INSUFFICIENT_SUPPORT
x037898	x011179	preferred	1000	0.000999000999	1	0	0	INSUFFICIENT_SUPPORT
x037898	x014826	preferred	1000	0.000999000999	1	0	0	INSUFFICIENT_SUPPORT
x037898	x017414	preferred	1000	0.000999000999	1	0	0	INSUFFICIENT_SUPPORT
x037898	x018500	preferred	1000	0.000999000999	1	0	0	INSUFFICIENT_SUPPORT
x037898	x018874	preferred	1000	0.000999000999	1	0	0	INSUFFICIENT_SUPPORT
x037898	x037858	preferred	1000	0.000999000999	1	0	0	INSUFFICIENT_SUPPORT
x037898	x037956	preferred	1000	0.000999000999	1	0	0	INSUFFICIENT_SUPPORT
x037899	x001424	preferred	1000	0.000999000999	1	0	0	INSUFFICIENT_SUPPORT
x037899	x020019	preferred	1000	0.000999000999	1	0	0	INSUFFICIENT_SUPPORT
x037899	x024248	preferred	1000	0.000999000999	1	0	0	INSUFFICIENT_SUPPORT
x037899	x024802	preferred	1000	0.000999000999	1	0	0	INSUFFICIENT_SUPPORT
x037899	x025011	preferred	1000	0.000999000999	1	0	0	INSUFFICIENT_SUPPORT
x037899	x031707	preferred	1000	0.000999000999	1	0	0	INSUFFICIENT_SUPPORT
x037899	x037958	preferred	1000	0.000999000999	1	0	0	INSUFFICIENT_SUPPORT
x037899	x037986	preferred	1000	0.000999000999	1	0	0	INSUFFICIENT_SUPPORT
x037899	x038537	preferred	1000	0.000999000999	1	0	0	INSUFFICIENT_SUPPORT
x037899	x041256	preferred	1000	0.000999000999	1	0	0	INSUFFICIENT_SUPPORT
x037912	x001428	preferred	1000	0.000999000999	1	0	0	INSUFFICIENT_SUPPORT
x037912	x002106	preferred	1000	0.000999000999	1	0	0	INSUFFICIENT_SUPPORT
x037912	x002976	preferred	1000	0.000999000999	1	0	0	INSUFFICIENT_SUPPORT
x037912	x017410	preferred	1000	0.000999000999	1	0	0	INSUFFICIENT_SUPPORT
x037912	x017415	preferred	1000	0.000999000999	1	0	0	INSUFFICIENT_SUPPORT
x037912	x018497	preferred	1000	0.000999000999	1	0	0	INSUFFICIENT_SUPPORT
x037912	x018498	preferred	1000	0.000999000999	1	0	0	INSUFFICIENT_SUPPORT
x037912	x018499	preferred	1000	0.000999000999	1	0	0	INSUFFICIENT_SUPPORT
x037912	x018502	preferred	1000	0.000999000999	1	0	0	INSUFFICIENT_SUPPORT
x037912	x018564	preferred	1000	0.000999000999	1	0	0	INSUFFICIENT_SUPPORT
x037912	x020017	preferred	1000	0.000999000999	1	0	0	INSUFFICIENT_SUPPORT
x037912	x031706	preferred	1000	0.000999000999	1	0	0	INSUFFICIENT_SUPPORT
x037912	x038542	preferred	1000	0.000999000999	1	0	0	INSUFFICIENT_SUPPORT
x037912	x042106	preferred	1000	0.000999000999	1	0	0	INSUFFICIENT_SUPPORT
x037913	x002336	preferred	1000	0.000999000999	1	0	0	INSUFFICIENT_SUPPORT
x037913	x008314	preferred	1000	0.000999000999	1	0	0	INSUFFICIENT_SUPPORT
x037913	x017409	preferred	1000	0.000999000999	1	0	0	INSUFFICIENT_SUPPORT
x037913	x017415	preferred	1000	0.000999000999	1	0	0	INSUFFICIENT_SUPPORT
x037913	x018497	preferred	1000	0.000999000999	1	0	0	INSUFFICIENT_SUPPORT
x037913	x019936	preferred	1000	0.000999000999	1	0	0	INSUFFICIENT_SUPPORT
x037913	x024804	preferred	1000	0.000999000999	1	0	0	INSUFFICIENT_SUPPORT
x037913	x037862	preferred	1000	0.000999000999	1	0	0	INSUFFICIENT_SUPPORT
x037913	x037954	preferred	1000	0.000999000999	1	0	0	INSUFFICIENT_SUPPORT
x037913	x038541	preferred	1000	0.000999000999	1	0	0	INSUFFICIENT_SUPPORT
x037913	x041257	preferred	1000	0.000999000999	1	0	0	INSUFFICIENT_SUPPORT
x037913	x041258	preferred	1000	0.000999000999	1	0	0	INSUFFICIENT_SUPPORT
x037914	x005073	preferred	1000	0.000999000999	1	0	0	INSUFFICIENT_SUPPORT
x037914	x005235	preferred	1000	0.000999000999	1	0	0	INSUFFICIENT_SUPPORT
x037914	x017408	preferred	1000	0.000999000999	1	0	0	INSUFFICIENT_SUPPORT
x037914	x018497	preferred	1000	0.000999000999	1	0	0	INSUFFICIENT_SUPPORT
x037914	x018499	preferred	1000	0.000999000999	1	0	0	INSUFFICIENT_SUPPORT
x037914	x018500	preferred	1000	0.000999000999	1	0	0	INSUFFICIENT_SUPPORT
x037914	x020019	preferred	1000	0.000999000999	1	0	0	INSUFFICIENT_SUPPORT
x037914	x025393	preferred	1000	0.000999000999	1	0	0	INSUFFICIENT_SUPPORT
x037914	x031705	preferred	1000	0.000999000999	1	0	0	INSUFFICIENT_SUPPORT
x037952	x001888	preferred	1000	0.000999000999	1	0	0	INSUFFICIENT_SUPPORT
x037952	x001889	preferred	1000	0.000999000999	1	0	0	INSUFFICIENT_SUPPORT
x037952	x001891	preferred	1000	0.000999000999	1	0	0	INSUFFICIENT_SUPPORT
x037952	x001893	preferred	1000	0.000999000999	1	0	0	INSUFFICIENT_SUPPORT
x037952	x005234	preferred	1000	0.000999000999	1	0	0	INSUFFICIENT_SUPPORT
x037952	x008314	preferred	1000	0.000999000999	1	0	0	INSUFFICIENT_SUPPORT
x037952	x016896	preferred	1000	0.000999000999	1	0	0	INSUFFICIENT_SUPPORT
x037952	x017411	preferred	1000	0.000999000999	1	0	0	INSUFFICIENT_SUPPORT
x037952	x018499	preferred	1000	0.000999000999	1	0	0	INSUFFICIENT_SUPPORT
x037952	x019936	preferred	1000	0.000999000999	1	0	0	INSUFFICIENT_SUPPORT
x037952	x019937	preferred	1000	0.000999000999	1	0	0	INSUFFICIENT_SUPPORT
x037952	x019938	preferred	1000	0.000999000999	1	0	0	INSUFFICIENT_SUPPORT
x037952	x019940	preferred	1000	0.000999000999	1	0	0	INSUFFICIENT_SUPPORT
x037952	x019941	preferred	1000	0.000999000999	1	0	0	INSUFFICIENT_SUPPORT
x037952	x019943	preferred	1000	0.000999000999	1	0	0	INSUFFICIENT_SUPPORT
x037952	x025010	preferred	1000	0.000999000999	1	0	0	INSUFFICIENT_SUPPORT
x037952	x025012	preferred	1000	0.000999000999	1	0	0	INSUFFICIENT_SUPPORT
x037952	x025530	preferred	1000	0.000999000999	1	0	0	INSUFFICIENT_SUPPORT
x037952	x038536	preferred	1000	0.000999000999	1	0	0	INSUFFICIENT_SUPPORT
x037952	x041112	preferred	1000	0.000999000999	1	0	0	INSUFFICIENT_SUPPORT
x037952	x041113	preferred	1000	0.000999000999	1	0	0	INSUFFICIENT_SUPPORT
x037952	x041114	preferred	1000	0.000999000999	1	0	0	INSUFFICIENT_SUPPORT
x037952	x041115	preferred	1000	0.000999000999	1	0	0	INSUFFICIENT_SUPPORT
x037952	x041116	preferred	1000	0.000999000999	1	0	0	INSUFFICIENT_SUPPORT
x037952	x041117	preferred	1000	0.000999000999	1	0	0	INSUFFICIENT_SUPPORT
x037952	x041118	preferred	1000	0.000999000999	1	0	0	INSUFFICIENT_SUPPORT
x037952	x041257	preferred	1000	0.000999000999	1	0	0	INSUFFICIENT_SUPPORT
x037952	x041464	preferred	1000	0.000999000999	1	0	0	INSUFFICIENT_SUPPORT
x037952	x041469	preferred	1000	0.000999000999	1	0	0	INSUFFICIENT_SUPPORT
x037952	x041470	preferred	1000	0.000999000999	1	0	0	INSUFFICIENT_SUPPORT
x037952	x041936	preferred	1000	0.000999000999	1	0	0	INSUFFICIENT_SUPPORT
x037953	x001634	preferred	1000	0.000999000999	1	0	0	INSUFFICIENT_SUPPORT
x037953	x001888	preferred	1000	0.000999000999	1	0	0	INSUFFICIENT_SUPPORT
x037953	x001889	preferred	1000	0.000999000999	1	0	0	INSUFFICIENT_SUPPORT
x037953	x008313	preferred	1000	0.000999000999	1	0	0	INSUFFICIENT_SUPPORT
x037953	x019937	preferred	1000	0.000999000999	1	0	0	INSUFFICIENT_SUPPORT
x037953	x019938	preferred	1000	0.000999000999	1	0	0	INSUFFICIENT_SUPPORT
x037953	x019939	preferred	1000	0.000999000999	1	0	0	INSUFFICIENT_SUPPORT
x037953	x019941	preferred	1000	0.000999000999	1	0	0	INSUFFICIENT_SUPPORT
x037953	x019942	preferred	1000	0.000999000999	1	0	0	INSUFFICIENT_SUPPORT
x037953	x024202	preferred	1000	0.000999000999	1	0	0	INSUFFICIENT_SUPPORT
x037953	x031617	preferred	1000	0.000999000999	1	0	0	INSUFFICIENT_SUPPORT
x037953	x031619	preferred	1000	0.000999000999	1	0	0	INSUFFICIENT_SUPPORT
x037953	x031704	preferred	1000	0.000999000999	1	0	0	INSUFFICIENT_SUPPORT
x037953	x034497	preferred	1000	0.000999000999	1	0	0	INSUFFICIENT_SUPPORT
x037953	x041112	preferred	1000	0.000999000999	1	0	0	INSUFFICIENT_SUPPORT
x037953	x041113	preferred	1000	0.000999000999	1	0	0	INSUFFICIENT_SUPPORT
x037953	x041114	preferred	1000	0.000999000999	1	0	0	INSUFFICIENT_SUPPORT
x037953	x041115	preferred	1000	0.000999000999	1	0	0	INSUFFICIENT_SUPPORT
x037953	x041116	preferred	1000	0.000999000999	1	0	0	INSUFFICIENT_SUPPORT
x037953	x041117	preferred	1000	0.000999000999	1	0	0	INSUFFICIENT_SUPPORT
x037953	x041118	preferred	1000	0.000999000999	1	0	0	INSUFFICIENT_SUPPORT
x037953	x041464	preferred	1000	0.000999000999	1	0	0	INSUFFICIENT_SUPPORT
x037953	x041470	preferred	1000	0.000999000999	1	0	0	INSUFFICIENT_SUPPORT
x037953	x041939	preferred	1000	0.000999000999	1	0	0	INSUFFICIENT_SUPPORT
x037954	x000104	preferred	1000	0.000999000999	1	0	0	INSUFFICIENT_SUPPORT
x037954	x001890	preferred	1000	0.000999000999	1	0	0	INSUFFICIENT_SUPPORT
x037954	x001892	preferred	1000	0.000999000999	1	0	0	INSUFFICIENT_SUPPORT
x037954	x001893	preferred	1000	0.000999000999	1	0	0	INSUFFICIENT_SUPPORT
x037954	x002105	preferred	1000	0.000999000999	1	0	0	INSUFFICIENT_SUPPORT
x037954	x002977	preferred	1000	0.000999000999	1	0	0	INSUFFICIENT_SUPPORT
x037954	x005074	preferred	1000	0.000999000999	1	0	0	INSUFFICIENT_SUPPORT
x037954	x005235	preferred	1000	0.000999000999	1	0	0	INSUFFICIENT_SUPPORT
x037954	x018496	preferred	1000	0.000999000999	1	0	0	INSUFFICIENT_SUPPORT
x037954	x019936	preferred	1000	0.000999000999	1	0	0	INSUFFICIENT_SUPPORT
x037954	x019937	preferred	1000	0.000999000999	1	0	0	INSUFFICIENT_SUPPORT
x037954	x019938	preferred	1000	0.000999000999	1	0	0	INSUFFICIENT_SUPPORT
x037954	x019939	preferred	1000	0.000999000999	1	0	0	INSUFFICIENT_SUPPORT
x037954	x019940	preferred	1000	0.000999000999	1	0	0	INSUFFICIENT_SUPPORT
x037954	x020021	preferred	1000	0.000999000999	1	0	0	INSUFFICIENT_SUPPORT
x037954	x025529	preferred	1000	0.000999000999	1	0	0	INSUFFICIENT_SUPPORT
x037954	x037854	preferred	1000	0.000999000999	1	0	0	INSUFFICIENT_SUPPORT
x037954	x038538	preferred	1000	0.000999000999	1	0	0	INSUFFICIENT_SUPPORT
x037954	x038539	preferred	1000	0.000999000999	1	0	0	INSUFFICIENT_SUPPORT
x037954	x038540	preferred	1000	0.000999000999	1	0	0	INSUFFICIENT_SUPPORT
x037954	x041112	preferred	1000	0.000999000999	1	0	0	INSUFFICIENT_SUPPORT
x037954	x041113	preferred	1000	0.000999000999	1	0	0	INSUFFICIENT_SUPPORT
x037954	x041114	preferred	1000	0.000999000999	1	0	0	INSUFFICIENT_SUPPORT
x037954	x041115	preferred	1000	0.000999000999	1	0	0	INSUFFICIENT_SUPPORT
x037954	x041116	preferred	1000	0.000999000999	1	0	0	INSUFFICIENT_SUPPORT
x037954	x041256	preferred	1000	0.000999000999	1	0	0	INSUFFICIENT_SUPPORT
x037954	x041258	preferred	1000	0.000999000999	1	0	0	INSUFFICIENT_SUPPORT
x037954	x041464	preferred	1000	0.000999000999	1	0	0	INSUFFICIENT_SUPPORT
x037955	x001888	preferred	1000	0.000999000999	1	0	0	INSUFFICIENT_SUPPORT
x037955	x005075	preferred	1000	0.000999000999	1	0	0	INSUFFICIENT_SUPPORT
x037955	x014828	preferred	1000	0.000999000999	1	0	0	INSUFFICIENT_SUPPORT
x037955	x017289	preferred	1000	0.000999000999	1	0	0	INSUFFICIENT_SUPPORT
x037955	x017291	preferred	1000	0.000999000999	1	0	0	INSUFFICIENT_SUPPORT
x037955	x017411	preferred	1000	0.000999000999	1	0	0	INSUFFICIENT_SUPPORT
x037955	x018496	preferred	1000	0.000999000999	1	0	0	INSUFFICIENT_SUPPORT
x037955	x019936	preferred	1000	0.000999000999	1	0	0	INSUFFICIENT_SUPPORT
x037955	x019937	preferred	1000	0.000999000999	1	0	0	INSUFFICIENT_SUPPORT
x037955	x019938	preferred	1000	0.000999000999	1	0	0	INSUFFICIENT_SUPPORT
x037955	x019939	preferred	1000	0.000999000999	1	0	0	INSUFFICIENT_SUPPORT
x037955	x019941	preferred	1000	0.000999000999	1	0	0	INSUFFICIENT_SUPPORT
x037955	x022924	preferred	1000	0.000999000999	1	0	0	INSUFFICIENT_SUPPORT
x037955	x024075	preferred	1000	0.000999000999	1	0	0	INSUFFICIENT_SUPPORT
x037955	x031704	preferred	1000	0.000999000999	1	0	0	INSUFFICIENT_SUPPORT
x037955	x037848	preferred	1000	0.000999000999	1	0	0	INSUFFICIENT_SUPPORT
x037955	x038538	preferred	1000	0.000999000999	1	0	0	INSUFFICIENT_SUPPORT
x037955	x041112	preferred	1000	0.000999000999	1	0	0	INSUFFICIENT_SUPPORT
x037955	x041114	preferred	1000	0.000999000999	1	0	0	INSUFFICIENT_SUPPORT
x037955	x041117	preferred	1000	0.000999000999	1	0	0	INSUFFICIENT_SUPPORT
x037956	x001888	preferred	1000	0.000999000999	1	0	0	INSUFFICIENT_SUPPORT
x037956	x001889	preferred	1000	0.000999000999	1	0	0	INSUFFICIENT_SUPPORT
x037956	x001891	preferred	1000	0.000999000999	1	0	0	INSUFFICIENT_SUPPORT
x037956	x005248	preferred	1000	0.000999000999	1	0	0	INSUFFICIENT_SUPPORT
x037956	x019936	preferred	1000	0.000999000999	1	0	0	INSUFFICIENT_SUPPORT
x037956	x019937	preferred	1000	0.000999000999	1	0	0	INSUFFICIENT_SUPPORT
x037956	x019938	preferred	1000	0.000999000999	1	0	0	INSUFFICIENT_SUPPORT
x037956	x019939	preferred	1000	0.000999000999	1	0	0	INSUFFICIENT_SUPPORT
x037956	x019941	preferred	1000	0.000999000999	1	0	0	INSUFFICIENT_SUPPORT
x037956	x038536	preferred	1000	0.000999000999	1	0	0	INSUFFICIENT_SUPPORT
x037956	x041113	preferred	1000	0.000999000999	1	0	0	INSUFFICIENT_SUPPORT
x037956	x041114	preferred	1000	0.000999000999	1	0	0	INSUFFICIENT_SUPPORT
x037956	x041116	preferred	1000	0.000999000999	1	0	0	INSUFFICIENT_SUPPORT
x037956	x041117	preferred	1000	0.000999000999	1	0	0	INSUFFICIENT_SUPPORT
x037956	x041464	preferred	1000	0.000999000999	1	0	0	INSUFFICIENT_SUPPORT
x037956	x041465	preferred	1000	0.000999000999	1	0	0	INSUFFICIENT_SUPPORT
x037956	x041467	preferred	1000	0.000999000999	1	0	0	INSUFFICIENT_SUPPORT
x037956	x041469	preferred	1000	0.000999000999	1	0	0	INSUFFICIENT_SUPPORT
x037956	x042106	preferred	1000	0.000999000999	1	0	0	INSUFFICIENT_SUPPORT
x037956	x042801	preferred	1000	0.000999000999	1	0	0	INSUFFICIENT_SUPPORT
x037957	x001632	preferred	1000	0.000999000999	1	0	0	INSUFFICIENT_SUPPORT
x037957	x001889	preferred	1000	0.000999000999	1	0	0	INSUFFICIENT_SUPPORT
x037957	x005075	preferred	1000	0.000999000999	1	0	0	INSUFFICIENT_SUPPORT
x037957	x017413	preferred	1000	0.000999000999	1	0	0	INSUFFICIENT_SUPPORT
x037957	x018496	preferred	1000	0.000999000999	1	0	0	INSUFFICIENT_SUPPORT
x037957	x019939	preferred	1000	0.000999000999	1	0	0	INSUFFICIENT_SUPPORT
x037957	x019942	preferred	1000	0.000999000999	1	0	0	INSUFFICIENT_SUPPORT
x037957	x019943	preferred	1000	0.000999000999	1	0	0	INSUFFICIENT_SUPPORT
x037957	x033099	preferred	1000	0.000999000999	1	0	0	INSUFFICIENT_SUPPORT
x037957	x041112	preferred	1000	0.000999000999	1	0	0	INSUFFICIENT_SUPPORT
x037957	x041115	preferred	1000	0.000999000999	1	0	0	INSUFFICIENT_SUPPORT
x037958	x000105	preferred	1000	0.000999000999	1	0	0	INSUFFICIENT_SUPPORT
x037958	x019936	preferred	1000	0.000999000999	1	0	0	INSUFFICIENT_SUPPORT
x037958	x019938	preferred	1000	0.000999000999	1	0	0	INSUFFICIENT_SUPPORT
x037958	x019940	preferred	1000	0.000999000999	1	0	0	INSUFFICIENT_SUPPORT
x037958	x019941	preferred	1000	0.000999000999	1	0	0	INSUFFICIENT_SUPPORT
x037958	x019943	preferred	1000	0.000999000999	1	0	0	INSUFFICIENT_SUPPORT
x037958	x031616	preferred	1000	0.000999000999	1	0	0	INSUFFICIENT_SUPPORT
x037958	x031622	preferred	1000	0.000999000999	1	0	0	INSUFFICIENT_SUPPORT
x037958	x041113	preferred	1000	0.000999000999	1	0	0	INSUFFICIENT_SUPPORT
x037958	x041115	preferred	1000	0.000999000999	1	0	0	INSUFFICIENT_SUPPORT
x037958	x041117	preferred	1000	0.000999000999	1	0	0	INSUFFICIENT_SUPPORT
x037958	x041465	preferred	1000	0.000999000999	1	0	0	INSUFFICIENT_SUPPORT
x037984	x001889	preferred	1000	0.000999000999	1	0	0	INSUFFICIENT_SUPPORT
x037984	x001890	preferred	1000	0.000999000999	1	0	0	INSUFFICIENT_SUPPORT
x037984	x001891	preferred	1000	0.000999000999	1	0	0	INSUFFICIENT_SUPPORT
x037984	x001892	preferred	1000	0.000999000999	1	0	0	INSUFFICIENT_SUPPORT
x037984	x007096	preferred	1000	0.000999000999	1	0	0	INSUFFICIENT_SUPPORT
x037984	x016896	preferred	1000	0.000999000999	1	0	0	INSUFFICIENT_SUPPORT
x037984	x016898	preferred	1000	0.000999000999	1	0	0	INSUFFICIENT_SUPPORT
x037984	x016900	preferred	1000	0.000999000999	1	0	0	INSUFFICIENT_SUPPORT
x037984	x016902	preferred	1000	0.000999000999	1	0	0	INSUFFICIENT_SUPPORT
x037984	x017377	preferred	1000	0.000999000999	1	0	0	INSUFFICIENT_SUPPORT
x037984	x041464	preferred	1000	0.000999000999	1	0	0	INSUFFICIENT_SUPPORT
x037984	x041465	preferred	1000	0.000999000999	1	0	0	INSUFFICIENT_SUPPORT
x037984	x041468	preferred	1000	0.000999000999	1	0	0	INSUFFICIENT_SUPPORT
x037984	x042465	preferred	1000	0.000999000999	1	0	0	INSUFFICIENT_SUPPORT
x037984	x042469	preferred	1000	0.000999000999	1	0	0	INSUFFICIENT_SUPPORT
x037985	x001888	preferred	1000	0.000999000999	1	0	0	INSUFFICIENT_SUPPORT
x037985	x001889	preferred	1000	0.000999000999	1	0	0	INSUFFICIENT_SUPPORT
x037985	x001892	preferred	1000	0.000999000999	1	0	0	INSUFFICIENT_SUPPORT
x037985	x001893	preferred	1000	0.000999000999	1	0	0	INSUFFICIENT_SUPPORT
x037985	x005248	preferred	1000	0.000999000999	1	0	0	INSUFFICIENT_SUPPORT
x037985	x016296	preferred	1000	0.000999000999	1	0	0	INSUFFICIENT_SUPPORT
x037985	x016896	preferred	1000	0.000999000999	1	0	0	INSUFFICIENT_SUPPORT
x037985	x016901	preferred	1000	0.000999000999	1	0	0	INSUFFICIENT_SUPPORT
x037985	x017376	preferred	1000	0.000999000999	1	0	0	INSUFFICIENT_SUPPORT
x037985	x041466	preferred	1000	0.000999000999	1	0	0	INSUFFICIENT_SUPPORT
x037985	x041468	preferred	1000	0.000999000999	1	0	0	INSUFFICIENT_SUPPORT
x037985	x041470	preferred	1000	0.000999000999	1	0	0	INSUFFICIENT_SUPPORT
x037986	x001893	preferred	1000	0.000999000999	1	0	0	INSUFFICIENT_SUPPORT
x037986	x005250	preferred	1000	0.000999000999	1	0	0	INSUFFICIENT_SUPPORT
x037986	x016897	preferred	1000	0.000999000999	1	0	0	INSUFFICIENT_SUPPORT
x037986	x016900	preferred	1000	0.000999000999	1	0	0	INSUFFICIENT_SUPPORT
x037986	x016902	preferred	1000	0.000999000999	1	0	0	INSUFFICIENT_SUPPORT
x037986	x017377	preferred	1000	0.000999000999	1	0	0	INSUFFICIENT_SUPPORT
x037986	x017382	preferred	1000	0.000999000999	1	0	0	INSUFFICIENT_SUPPORT
x037986	x021277	preferred	1000	0.000999000999	1	0	0	INSUFFICIENT_SUPPORT
x037986	x041465	preferred	1000	0.000999000999	1	0	0	INSUFFICIENT_SUPPORT
x037986	x041467	preferred	1000	0.000999000999	1	0	0	INSUFFICIENT_SUPPORT
x037986	x041936	preferred	1000	0.000999000999	1	0	0	INSUFFICIENT_SUPPORT
x037987	x001888	preferred	1000	0.000999000999	1	0	0	INSUFFICIENT_SUPPORT
x037987	x001890	preferred	1000	0.000999000999	1	0	0	INSUFFICIENT_SUPPORT
x037987	x005252	preferred	1000	0.000999000999	1	0	0	INSUFFICIENT_SUPPORT
x037987	x008318	preferred	1000	0.000999000999	1	0	0	INSUFFICIENT_SUPPORT
x037987	x016896	preferred	1000	0.000999000999	1	0	0	INSUFFICIENT_SUPPORT
x037987	x016898	preferred	1000	0.000999000999	1	0	0	INSUFFICIENT_SUPPORT
x037987	x016899	preferred	1000	0.000999000999	1	0	0	INSUFFICIENT_SUPPORT
x037987	x038056	preferred	1000	0.000999000999	1	0	0	INSUFFICIENT_SUPPORT
x037987	x041470	preferred	1000	0.000999000999	1	0	0	INSUFFICIENT_SUPPORT
x037988	x001889	preferred	1000	0.000999000999	1	0	0	INSUFFICIENT_SUPPORT
x037988	x001891	preferred	1000	0.000999000999	1	0	0	INSUFFICIENT_SUPPORT
x037988	x037849	preferred	1000	0.000999000999	1	0	0	INSUFFICIENT_SUPPORT
x037988	x042464	preferred	1000	0.000999000999	1	0	0	INSUFFICIENT_SUPPORT
x037988	x042469	preferred	1000	0.000999000999	1	0	0	INSUFFICIENT_SUPPORT
x037989	x001889	preferred	1000	0.000999000999	1	0	0	INSUFFICIENT_SUPPORT
x037989	x016186	preferred	1000	0.000999000999	1	0	0	INSUFFICIENT_SUPPORT
x037989	x017376	preferred	1000	0.000999000999	1	0	0	INSUFFICIENT_SUPPORT
x037989	x041467	preferred	1000	0.000999000999	1	0	0	INSUFFICIENT_SUPPORT
x037989	x041468	preferred	1000	0.000999000999	1	0	0	INSUFFICIENT_SUPPORT
x037989	x041470	preferred	1000	0.000999000999	1	0	0	INSUFFICIENT_SUPPORT
x038056	x024931	preferred	1000	0.000999000999	1	0	0	INSUFFICIENT_SUPPORT
x038056	x025392	preferred	1000	0.000999000999	1	0	0	INSUFFICIENT_SUPPORT
x038056	x025393	preferred	1000	0.000999000999	1	0	0	INSUFFICIENT_SUPPORT
x038056	x025394	preferred	1000	0.000999000999	1	0	0	INSUFFICIENT_SUPPORT
x038056	x037848	preferred	1000	0.000999000999	1	0	0	INSUFFICIENT_SUPPORT
x038056	x037849	preferred	1000	0.000999000999	1	0	0	INSUFFICIENT_SUPPORT
x038056	x037850	preferred	1000	0.000999000999	1	0	0	INSUFFICIENT_SUPPORT
x038056	x037851	preferred	1000	0.000999000999	1	0	0	INSUFFICIENT_SUPPORT
x038056	x037852	preferred	1000	0.000999000999	1	0	0	INSUFFICIENT_SUPPORT
x038056	x037984	preferred	1000	0.000999000999	1	0	0	INSUFFICIENT_SUPPORT
x038056	x038108	preferred	1000	0.000999000999	1	0	0	INSUFFICIENT_SUPPORT
x038056	x041256	preferred	1000	0.000999000999	1	0	0	INSUFFICIENT_SUPPORT
x038056	x042801	preferred	1000	0.000999000999	1	0	0	INSUFFICIENT_SUPPORT
x038057	x017833	preferred	1000	0.000999000999	1	0	0	INSUFFICIENT_SUPPORT
x038057	x017890	preferred	1000	0.000999000999	1	0	0	INSUFFICIENT_SUPPORT
x038057	x018501	preferred	1000	0.000999000999	1	0	0	INSUFFICIENT_SUPPORT
x038057	x020018	preferred	1000	0.000999000999	1	0	0	INSUFFICIENT_SUPPORT
x038057	x024932	preferred	1000	0.000999000999	1	0	0	INSUFFICIENT_SUPPORT
x038057	x033099	preferred	1000	0.000999000999	1	0	0	INSUFFICIENT_SUPPORT
x038057	x034496	preferred	1000	0.000999000999	1	0	0	INSUFFICIENT_SUPPORT
x038057	x034498	preferred	1000	0.000999000999	1	0	0	INSUFFICIENT_SUPPORT
x038057	x037848	preferred	1000	0.000999000999	1	0	0	INSUFFICIENT_SUPPORT
x038057	x037851	preferred	1000	0.000999000999	1	0	0	INSUFFICIENT_SUPPORT
x038057	x041256	preferred	1000	0.000999000999	1	0	0	INSUFFICIENT_SUPPORT
x038058	x017410	preferred	1000	0.000999000999	1	0	0	INSUFFICIENT_SUPPORT
x038058	x018497	preferred	1000	0.000999000999	1	0	0	INSUFFICIENT_SUPPORT
x038058	x025392	preferred	1000	0.000999000999	1	0	0	INSUFFICIENT_SUPPORT
x038058	x025394	preferred	1000	0.000999000999	1	0	0	INSUFFICIENT_SUPPORT
x038058	x025658	preferred	1000	0.000999000999	1	0	0	INSUFFICIENT_SUPPORT
x038058	x037848	preferred	1000	0.000999000999	1	0	0	INSUFFICIENT_SUPPORT
x038058	x037849	preferred	1000	0.000999000999	1	0	0	INSUFFICIENT_SUPPORT
x038058	x037851	preferred	1000	0.000999000999	1	0	0	INSUFFICIENT_SUPPORT
x038058	x037852	preferred	1000	0.000999000999	1	0	0	INSUFFICIENT_SUPPORT
x038058	x037854	preferred	1000	0.000999000999	1	0	0	INSUFFICIENT_SUPPORT
x038058	x037857	preferred	1000	0.000999000999	1	0	0	INSUFFICIENT_SUPPORT
x038104	x001429	preferred	1000	0.000999000999	1	0	0	INSUFFICIENT_SUPPORT
x038104	x005552	preferred	1000	0.000999000999	1	0	0	INSUFFICIENT_SUPPORT
x038104	x009304	preferred	1000	0.000999000999	1	0	0	INSUFFICIENT_SUPPORT
x038104	x016449	preferred	1000	0.000999000999	1	0	0	INSUFFICIENT_SUPPORT
x038104	x017032	preferred	1000	0.000999000999	1	0	0	INSUFFICIENT_SUPPORT
x038104	x017413	preferred	1000	0.000999000999	1	0	0	INSUFFICIENT_SUPPORT
x038104	x019936	preferred	1000	0.000999000999	1	0	0	INSUFFICIENT_SUPPORT
x038104	x019938	preferred	1000	0.000999000999	1	0	0	INSUFFICIENT_SUPPORT
x038104	x019941	preferred	1000	0.000999000999	1	0	0	INSUFFICIENT_SUPPORT
x038104	x023520	preferred	1000	0.000999000999	1	0	0	INSUFFICIENT_SUPPORT
x038104	x025529	preferred	1000	0.000999000999	1	0	0	INSUFFICIENT_SUPPORT
x038104	x031290	preferred	1000	0.000999000999	1	0	0	INSUFFICIENT_SUPPORT
x038104	x037956	preferred	1000	0.000999000999	1	0	0	INSUFFICIENT_SUPPORT
x038104	x038441	preferred	1000	0.000999000999	1	0	0	INSUFFICIENT_SUPPORT
x038104	x039084	preferred	1000	0.000999000999	1	0	0	INSUFFICIENT_SUPPORT
x038104	x040632	preferred	1000	0.000999000999	1	0	0	INSUFFICIENT_SUPPORT
x038104	x042801	preferred	1000	0.000999000999	1	0	0	INSUFFICIENT_SUPPORT
x038105	x000104	preferred	1000	0.000999000999	1	0	0	INSUFFICIENT_SUPPORT
x038105	x005552	preferred	1000	0.000999000999	1	0	0	INSUFFICIENT_SUPPORT
x038105	x005553	preferred	1000	0.000999000999	1	0	0	INSUFFICIENT_SUPPORT
x038105	x019936	preferred	1000	0.000999000999	1	0	0	INSUFFICIENT_SUPPORT
x038105	x019938	preferred	1000	0.000999000999	1	0	0	INSUFFICIENT_SUPPORT
x038105	x019939	preferred	1000	0.000999000999	1	0	0	INSUFFICIENT_SUPPORT
x038105	x019940	preferred	1000	0.000999000999	1	0	0	INSUFFICIENT_SUPPORT
x038105	x019942	preferred	1000	0.000999000999	1	0	0	INSUFFICIENT_SUPPORT
x038105	x020019	preferred	1000	0.000999000999	1	0	0	INSUFFICIENT_SUPPORT
x038105	x022521	preferred	1000	0.000999000999	1	0	0	INSUFFICIENT_SUPPORT
x038105	x022522	preferred	1000	0.000999000999	1	0	0	INSUFFICIENT_SUPPORT
x038105	x024736	preferred	1000	0.000999000999	1	0	0	INSUFFICIENT_SUPPORT
x038105	x024801	preferred	1000	0.000999000999	1	0	0	INSUFFICIENT_SUPPORT
x038105	x025549	preferred	1000	0.000999000999	1	0	0	INSUFFICIENT_SUPPORT
x038105	x033305	preferred	1000	0.000999000999	1	0	0	INSUFFICIENT_SUPPORT
x038105	x033602	preferred	1000	0.000999000999	1	0	0	INSUFFICIENT_SUPPORT
x038105	x037913	preferred	1000	0.000999000999	1	0	0	INSUFFICIENT_SUPPORT
x038105	x037985	preferred	1000	0.000999000999	1	0	0	INSUFFICIENT_SUPPORT
x038105	x038540	preferred	1000	0.000999000999	1	0	0	INSUFFICIENT_SUPPORT
x038105	x040212	preferred	1000	0.000999000999	1	0	0	INSUFFICIENT_SUPPORT
x038105	x041241	preferred	1000	0.000999000999	1	0	0	INSUFFICIENT_SUPPORT
x038105	x041243	preferred	1000	0.000999000999	1	0	0	INSUFFICIENT_SUPPORT
x038105	x042807	preferred	1000	0.000999000999	1	0	0	INSUFFICIENT_SUPPORT
x038106	x001429	preferred	1000	0.000999000999	1	0	0	INSUFFICIENT_SUPPORT
x038106	x017992	preferred	1000	0.000999000999	1	0	0	INSUFFICIENT_SUPPORT
x038106	x018496	preferred	1000	0.000999000999	1	0	0	INSUFFICIENT_SUPPORT
x038106	x019936	preferred	1000	0.000999000999	1	0	0	INSUFFICIENT_SUPPORT
x038106	x019938	preferred	1000	0.000999000999	1	0	0	INSUFFICIENT_SUPPORT
x038106	x019939	preferred	1000	0.000999000999	1	0	0	INSUFFICIENT_SUPPORT
x038106	x019940	preferred	1000	0.000999000999	1	0	0	INSUFFICIENT_SUPPORT
x038106	x022521	preferred	1000	0.000999000999	1	0	0	INSUFFICIENT_SUPPORT
x038106	x024737	preferred	1000	0.000999000999	1	0	0	INSUFFICIENT_SUPPORT
x038106	x025394	preferred	1000	0.000999000999	1	0	0	INSUFFICIENT_SUPPORT
x038106	x025763	preferred	1000	0.000999000999	1	0	0	INSUFFICIENT_SUPPORT
x038106	x037953	preferred	1000	0.000999000999	1	0	0	INSUFFICIENT_SUPPORT
x038106	x038440	preferred	1000	0.000999000999	1	0	0	INSUFFICIENT_SUPPORT
x038106	x041116	preferred	1000	0.000999000999	1	0	0	INSUFFICIENT_SUPPORT
x038106	x041117	preferred	1000	0.000999000999	1	0	0	INSUFFICIENT_SUPPORT
x038107	x018498	preferred	1000	0.000999000999	1	0	0	INSUFFICIENT_SUPPORT
x038107	x024736	preferred	1000	0.000999000999	1	0	0	INSUFFICIENT_SUPPORT
x038107	x025548	preferred	1000	0.000999000999	1	0	0	INSUFFICIENT_SUPPORT
x038107	x025550	preferred	1000	0.000999000999	1	0	0	INSUFFICIENT_SUPPORT
x038107	x038441	preferred	1000	0.000999000999	1	0	0	INSUFFICIENT_SUPPORT
x038107	x038442	preferred	1000	0.000999000999	1	0	0	INSUFFICIENT_SUPPORT
x038107	x041240	preferred	1000	0.000999000999	1	0	0	INSUFFICIENT_SUPPORT
x038107	x041586	preferred	1000	0.000999000999	1	0	0	INSUFFICIENT_SUPPORT
x038108	x000104	preferred	1000	0.000999000999	1	0	0	INSUFFICIENT_SUPPORT
x038108	x018497	preferred	1000	0.000999000999	1	0	0	INSUFFICIENT_SUPPORT
x038108	x018561	preferred	1000	0.000999000999	1	0	0	INSUFFICIENT_SUPPORT
x038108	x019936	preferred	1000	0.000999000999	1	0	0	INSUFFICIENT_SUPPORT
x038108	x019937	preferred	1000	0.000999000999	1	0	0	INSUFFICIENT_SUPPORT
x038108	x019938	preferred	1000	0.000999000999	1	0	0	INSUFFICIENT_SUPPORT
x038108	x020016	preferred	1000	0.000999000999	1	0	0	INSUFFICIENT_SUPPORT
x038108	x020017	preferred	1000	0.000999000999	1	0	0	INSUFFICIENT_SUPPORT
x038108	x022380	preferred	1000	0.000999000999	1	0	0	INSUFFICIENT_SUPPORT
x038108	x024739	preferred	1000	0.000999000999	1	0	0	INSUFFICIENT_SUPPORT
x038108	x037987	preferred	1000	0.000999000999	1	0	0	INSUFFICIENT_SUPPORT
x038108	x038440	preferred	1000	0.000999000999	1	0	0	INSUFFICIENT_SUPPORT
x038108	x041114	preferred	1000	0.000999000999	1	0	0	INSUFFICIENT_SUPPORT
x038108	x041240	preferred	1000	0.000999000999	1	0	0	INSUFFICIENT_SUPPORT
x038108	x041256	preferred	1000	0.000999000999	1	0	0	INSUFFICIENT_SUPPORT
x038109	x001424	preferred	1000	0.000999000999	1	0	0	INSUFFICIENT_SUPPORT
x038109	x015280	preferred	1000	0.000999000999	1	0	0	INSUFFICIENT_SUPPORT
x038109	x017408	preferred	1000	0.000999000999	1	0	0	INSUFFICIENT_SUPPORT
x038109	x019936	preferred	1000	0.000999000999	1	0	0	INSUFFICIENT_SUPPORT
x038109	x019939	preferred	1000	0.000999000999	1	0	0	INSUFFICIENT_SUPPORT
x038109	x019940	preferred	1000	0.000999000999	1	0	0	INSUFFICIENT_SUPPORT
x038109	x020021	preferred	1000	0.000999000999	1	0	0	INSUFFICIENT_SUPPORT
x038110	x019937	preferred	1000	0.000999000999	1	0	0	INSUFFICIENT_SUPPORT
x038110	x031708	preferred	1000	0.000999000999	1	0	0	INSUFFICIENT_SUPPORT
x038110	x034243	preferred	1000	0.000999000999	1	0	0	INSUFFICIENT_SUPPORT
x038160	x001091	preferred	1000	0.000999000999	1	0	0	INSUFFICIENT_SUPPORT
x038160	x017415	preferred	1000	0.000999000999	1	0	0	INSUFFICIENT_SUPPORT
x038160	x018248	preferred	1000	0.000999000999	1	0	0	INSUFFICIENT_SUPPORT
x038160	x018498	preferred	1000	0.000999000999	1	0	0	INSUFFICIENT_SUPPORT
x038160	x018500	preferred	1000	0.000999000999	1	0	0	INSUFFICIENT_SUPPORT
x038160	x018875	preferred	1000	0.000999000999	1	0	0	INSUFFICIENT_SUPPORT
x038160	x037858	preferred	1000	0.000999000999	1	0	0	INSUFFICIENT_SUPPORT
x038168	x018498	preferred	1000	0.000999000999	1	0	0	INSUFFICIENT_SUPPORT
x038168	x022958	preferred	1000	0.000999000999	1	0	0	INSUFFICIENT_SUPPORT
x038168	x025393	preferred	1000	0.000999000999	1	0	0	INSUFFICIENT_SUPPORT
x038168	x025397	preferred	1000	0.000999000999	1	0	0	INSUFFICIENT_SUPPORT
x038168	x025398	preferred	1000	0.000999000999	1	0	0	INSUFFICIENT_SUPPORT
x038168	x031705	preferred	1000	0.000999000999	1	0	0	INSUFFICIENT_SUPPORT
x038168	x037860	preferred	1000	0.000999000999	1	0	0	INSUFFICIENT_SUPPORT
x038168	x041260	preferred	1000	0.000999000999	1	0	0	INSUFFICIENT_SUPPORT
x038168	x042800	preferred	1000	0.000999000999	1	0	0	INSUFFICIENT_SUPPORT
x038169	x000162	preferred	1000	0.000999000999	1	0	0	INSUFFICIENT_SUPPORT
x038169	x012816	preferred	1000	0.000999000999	1	0	0	INSUFFICIENT_SUPPORT
x038169	x018874	preferred	1000	0.000999000999	1	0	0	INSUFFICIENT_SUPPORT
x038169	x020016	preferred	1000	0.000999000999	1	0	0	INSUFFICIENT_SUPPORT
x038169	x020020	preferred	1000	0.000999000999	1	0	0	INSUFFICIENT_SUPPORT
x038169	x025395	preferred	1000	0.000999000999	1	0	0	INSUFFICIENT_SUPPORT
x038169	x037850	preferred	1000	0.000999000999	1	0	0	INSUFFICIENT_SUPPORT
x038169	x037851	preferred	1000	0.000999000999	1	0	0	INSUFFICIENT_SUPPORT
x038169	x037855	preferred	1000	0.000999000999	1	0	0	INSUFFICIENT_SUPPORT
x038169	x041117	preferred	1000	0.000999000999	1	0	0	INSUFFICIENT_SUPPORT
x038265	x000104	preferred	1000	0.000999000999	1	0	0	INSUFFICIENT_SUPPORT
x038265	x037857	preferred	1000	0.000999000999	1	0	0	INSUFFICIENT_SUPPORT
x038265	x037859	preferred	1000	0.000999000999	1	0	0	INSUFFICIENT_SUPPORT
x038265	x037860	preferred	1000	0.000999000999	1	0	0	INSUFFICIENT_SUPPORT
x038265	x037861	preferred	1000	0.000999000999	1	0	0	INSUFFICIENT_SUPPORT
x038266	x019712	preferred	1000	0.000999000999	1	0	0	INSUFFICIENT_SUPPORT
x038266	x020017	preferred	1000	0.000999000999	1	0	0	INSUFFICIENT_SUPPORT
x038266	x024241	preferred	1000	0.000999000999	1	0	0	INSUFFICIENT_SUPPORT
x038266	x025760	preferred	1000	0.000999000999	1	0	0	INSUFFICIENT_SUPPORT
x038266	x037856	preferred	1000	0.000999000999	1	0	0	INSUFFICIENT_SUPPORT
x038266	x037857	preferred	1000	0.000999000999	1	0	0	INSUFFICIENT_SUPPORT
x038266	x037859	preferred	1000	0.000999000999	1	0	0	INSUFFICIENT_SUPPORT
x038440	x000105	preferred	1000	0.000999000999	1	0	0	INSUFFICIENT_SUPPORT
x038440	x001428	preferred	1000	0.000999000999	1	0	0	INSUFFICIENT_SUPPORT
x038440	x002337	preferred	1000	0.000999000999	1	0	0	INSUFFICIENT_SUPPORT
x038440	x002338	preferred	1000	0.000999000999	1	0	0	INSUFFICIENT_SUPPORT
x038440	x003194	preferred	1000	0.000999000999	1	0	0	INSUFFICIENT_SUPPORT
x038440	x017408	preferred	1000	0.000999000999	1	0	0	INSUFFICIENT_SUPPORT
x038440	x017410	preferred	1000	0.000999000999	1	0	0	INSUFFICIENT_SUPPORT
x038440	x018496	preferred	1000	0.000999000999	1	0	0	INSUFFICIENT_SUPPORT
x038440	x018503	preferred	1000	0.000999000999	1	0	0	INSUFFICIENT_SUPPORT
x038440	x018560	preferred	1000	0.000999000999	1	0	0	INSUFFICIENT_SUPPORT
x038440	x019940	preferred	1000	0.000999000999	1	0	0	INSUFFICIENT_SUPPORT
x038440	x020019	preferred	1000	0.000999000999	1	0	0	INSUFFICIENT_SUPPORT
x038440	x025394	preferred	1000	0.000999000999	1	0	0	INSUFFICIENT_SUPPORT
x038440	x038538	preferred	1000	0.000999000999	1	0	0	INSUFFICIENT_SUPPORT
x038441	x001424	preferred	1000	0.000999000999	1	0	0	INSUFFICIENT_SUPPORT
x038441	x002340	preferred	1000	0.000999000999	1	0	0	INSUFFICIENT_SUPPORT
x038441	x002584	preferred	1000	0.000999000999	1	0	0	INSUFFICIENT_SUPPORT
x038441	x018876	preferred	1000	0.000999000999	1	0	0	INSUFFICIENT_SUPPORT
x038441	x020018	preferred	1000	0.000999000999	1	0	0	INSUFFICIENT_SUPPORT
x038441	x020328	preferred	1000	0.000999000999	1	0	0	INSUFFICIENT_SUPPORT
x038441	x037849	preferred	1000	0.000999000999	1	0	0	INSUFFICIENT_SUPPORT
x038441	x037851	preferred	1000	0.000999000999	1	0	0	INSUFFICIENT_SUPPORT
x038441	x037853	preferred	1000	0.000999000999	1	0	0	INSUFFICIENT_SUPPORT
x038441	x037952	preferred	1000	0.000999000999	1	0	0	INSUFFICIENT_SUPPORT
x038441	x038538	preferred	1000	0.000999000999	1	0	0	INSUFFICIENT_SUPPORT
x038441	x041260	preferred	1000	0.000999000999	1	0	0	INSUFFICIENT_SUPPORT
x038441	x041584	preferred	1000	0.000999000999	1	0	0	INSUFFICIENT_SUPPORT
x038442	x001425	preferred	1000	0.000999000999	1	0	0	INSUFFICIENT_SUPPORT
x038442	x005106	preferred	1000	0.000999000999	1	0	0	INSUFFICIENT_SUPPORT
x038442	x017889	preferred	1000	0.000999000999	1	0	0	INSUFFICIENT_SUPPORT
x038442	x018496	preferred	1000	0.000999000999	1	0	0	INSUFFICIENT_SUPPORT
x038442	x018498	preferred	1000	0.000999000999	1	0	0	INSUFFICIENT_SUPPORT
x038442	x018872	preferred	1000	0.000999000999	1	0	0	INSUFFICIENT_SUPPORT
x038442	x025394	preferred	1000	0.000999000999	1	0	0	INSUFFICIENT_SUPPORT
x038442	x025530	preferred	1000	0.000999000999	1	0	0	INSUFFICIENT_SUPPORT
x038442	x037849	preferred	1000	0.000999000999	1	0	0	INSUFFICIENT_SUPPORT
x038442	x037856	preferred	1000	0.000999000999	1	0	0	INSUFFICIENT_SUPPORT
x038442	x038538	preferred	1000	0.000999000999	1	0	0	INSUFFICIENT_SUPPORT
x038442	x041113	preferred	1000	0.000999000999	1	0	0	INSUFFICIENT_SUPPORT
x038443	x003196	preferred	1000	0.000999000999	1	0	0	INSUFFICIENT_SUPPORT
x038443	x005235	preferred	1000	0.000999000999	1	0	0	INSUFFICIENT_SUPPORT
x038443	x017414	preferred	1000	0.000999000999	1	0	0	INSUFFICIENT_SUPPORT
x038443	x017415	preferred	1000	0.000999000999	1	0	0	INSUFFICIENT_SUPPORT
x038443	x018499	preferred	1000	0.000999000999	1	0	0	INSUFFICIENT_SUPPORT
x038443	x021561	preferred	1000	0.000999000999	1	0	0	INSUFFICIENT_SUPPORT
x038443	x038536	preferred	1000	0.000999000999	1	0	0	INSUFFICIENT_SUPPORT
x038443	x041117	preferred	1000	0.000999000999	1	0	0	INSUFFICIENT_SUPPORT
x038536	x000105	depleted	1000	0.6063936064	1	0	0.07694357826	EXPECTED_FROM_NULL
x038536	x000106	depleted	1000	0.9320679321	1	1	0.1211632296	EXPECTED_FROM_NULL
x038536	x000108	depleted	1000	0.7762237762	1	0	0.106181118	EXPECTED_FROM_NULL
x038536	x000109	depleted	1000	0.7382617383	1	1	0.09076648865	EXPECTED_FROM_NULL
x038536	x000110	preferred	1000	1	1	0	0.08922246865	EXPECTED_FROM_NULL
x038536	x001397	preferred	1000	1	1	1	0.05840645512	EXPECTED_FROM_NULL
x038536	x002976	preferred	1000	1	1	1	0.07682530284	EXPECTED_FROM_NULL
x038536	x002977	preferred	1000	0.02797202797	0.2551656488	0.6666666667	0.0841025324	EXPECTED_FROM_NULL
x038536	x002978	preferred	10000	0.01359864014	0.2517482517	0.3333333333	0.07338537123	EXPECTED_FROM_NULL
x038536	x002979	preferred	1000	0.03296703297	0.2584615385	0.5	0.06208037707	EXPECTED_FROM_NULL
x038536	x002980	preferred	1000	0.03996003996	0.2670057216	1	0.05766607568	EXPECTED_FROM_NULL
x038536	x002981	preferred	1000	1	1	0	0.05663642504	EXPECTED_FROM_NULL
x038536	x002982	preferred	1000	1	1	1	0.06422283782	EXPECTED_FROM_NULL
x038536	x007098	preferred	1000	0.03496503497	0.2643356643	1	0.05833660953	EXPECTED_FROM_NULL
x038536	x009305	preferred	1000	1	1	0	0.05996031778	EXPECTED_FROM_NULL
x038536	x010936	preferred	1000	1	1	0	0.05332805531	EXPECTED_FROM_NULL
x038536	x015801	preferred	1000	1	1	0	0.05865448105	EXPECTED_FROM_NULL
x038536	x017379	preferred	1000	0.1878121878	0.6788948756	0.5	0.09264008726	EXPECTED_FROM_NULL
x038536	x017380	preferred	1000	0.07492507493	0.3406387427	1	0.0773367952	EXPECTED_FROM_NULL
x038536	x017381	preferred	1000	1	1	1	0.0646613004	EXPECTED_FROM_NULL
x038536	x017676	preferred	1000	1	1	0	0.05728138859	EXPECTED_FROM_NULL
x038536	x017677	preferred	1000	1	1	1	0.05427839527	EXPECTED_FROM_NULL
x038536	x017833	preferred	1000	0.1268731269	0.4802665146	1	0.09432430029	EXPECTED_FROM_NULL
x038536	x017835	preferred	1000	1	1	1	0.07928129246	EXPECTED_FROM_NULL
x038536	x017890	preferred	1000	1	1	1	0.0751641096	EXPECTED_FROM_NULL
x038536	x017891	preferred	1000	1	1	0.5	0.08213737873	EXPECTED_FROM_NULL
x038536	x020017	depleted	1000	0.7352647353	1	0	0.07738770766	EXPECTED_FROM_NULL
x038536	x020018	depleted	1000	0.987012987	1	1	0.1086393549	EXPECTED_FROM_NULL
x038536	x021968	preferred	1000	0.03496503497	0.2643356643	1	0.05556329027	EXPECTED_FROM_NULL
x038536	x022458	preferred	1000	1	1	0	0.06046792732	EXPECTED_FROM_NULL
x038536	x022952	preferred	10000	0.006199380062	0.2517482517	0.5	0.08689594123	EXPECTED_FROM_NULL
x038536	x022953	preferred	1000	1	1	1	0.06479565826	EXPECTED_FROM_NULL
x038536	x022955	preferred	1000	0.02597402597	0.2551656488	0.5	0.06449484362	EXPECTED_FROM_NULL
x038536	x022956	preferred	1000	0.03596403596	0.2643356643	0.5	0.06662840563	EXPECTED_FROM_NULL
x038536	x023864	preferred	1000	0.04495504496	0.272451233	1	0.05586459302	EXPECTED_FROM_NULL
x038536	x024240	preferred	1000	0.1128871129	0.442500231	0.5	0.08352421891	EXPECTED_FROM_NULL
x038536	x024241	preferred	1000	1	1	0	0.06273023636	EXPECTED_FROM_NULL
x038536	x024243	preferred	1000	1	1	1	0.07544346561	EXPECTED_FROM_NULL
x038536	x024244	preferred	1000	0.01798201798	0.2517482517	0.5	0.08890749675	EXPECTED_FROM_NULL
x038536	x024245	preferred	1000	1	1	0	0.1047447684	EXPECTED_FROM_NULL
x038536	x024246	preferred	1000	1	1	1	0.06170037589	EXPECTED_FROM_NULL
x038536	x024801	preferred	1000	1	1	1	0.06971626699	EXPECTED_FROM_NULL
x038536	x025547	preferred	1000	1	1	0	0.05499044924	EXPECTED_FROM_NULL
x038536	x025760	preferred	1000	0.09190809191	0.3805771693	0.5	0.07872342237	EXPECTED_FROM_NULL
x038536	x025761	preferred	1000	0.1068931069	0.425642078	1	0.07901540398	EXPECTED_FROM_NULL
x038536	x032440	preferred	1000	1	1	1	0.06180156848	EXPECTED_FROM_NULL
x038536	x032441	preferred	1000	1	1	1	0.06126510488	EXPECTED_FROM_NULL
x038536	x032442	preferred	1000	1	1	0	0.07252094097	EXPECTED_FROM_NULL
x038536	x032443	preferred	1000	1	1	1	0.05447820859	EXPECTED_FROM_NULL
x038536	x034673	preferred	1000	0.06493506494	0.3181818182	1	0.06270729089	EXPECTED_FROM_NULL
x038536	x037853	preferred	1000	0.1188811189	0.4578740037	1	0.1519804266	EXPECTED_FROM_NULL
x038536	x037856	depleted	1000	0.959040959	1	0.3333333333	0.07109934591	EXPECTED_FROM_NULL
x038536	x037857	depleted	1000	0.6403596404	1	1	0.0733269548	EXPECTED_FROM_NULL
x038536	x037858	depleted	1000	0.3406593407	1	0	0.05972607958	EXPECTED_FROM_NULL
x038536	x037859	depleted	1000	0.9410589411	1	0.5	0.07365196971	EXPECTED_FROM_NULL
x038536	x037860	depleted	1000	0.5644355644	1	0	0.09183793513	EXPECTED_FROM_NULL
x038536	x037861	depleted	1000	0.8751248751	1	1	0.0880106762	EXPECTED_FROM_NULL
x038536	x037862	depleted	1000	0.9490509491	1	0.6666666667	0.1170729145	EXPECTED_FROM_NULL
x038536	x037896	preferred	1000	1	1	0	0.06757793369	EXPECTED_FROM_NULL
x038536	x037899	preferred	1000	0.03196803197	0.2551656488	1	0.05543698128	EXPECTED_FROM_NULL
x038536	x038057	preferred	1000	1	1	0	0.05021613706	EXPECTED_FROM_NULL
x038536	x038058	preferred	1000	1	1	0	0.05865448105	EXPECTED_FROM_NULL
x038536	x038104	preferred	1000	1	1	0	0.07538907415	EXPECTED_FROM_NULL
x038536	x038105	preferred	1000	0.1748251748	0.6358589864	1	0.09545291521	EXPECTED_FROM_NULL
x038536	x040256	preferred	1000	1	1	0	0.07247988295	EXPECTED_FROM_NULL
x038536	x040258	preferred	1000	1	1	1	0.07812731115	EXPECTED_FROM_NULL
x038536	x041657	preferred	1000	0.03796203796	0.266792968	1	0.1039586837	EXPECTED_FROM_NULL
x038536	x042800	preferred	1000	1	1	0	0.1082644395	EXPECTED_FROM_NULL
x038536	x042801	preferred	1000	0.1508491508	0.5543706294	1	0.08900047844	EXPECTED_FROM_NULL
x038536	x042802	preferred	1000	1	1	1	0.07556581166	EXPECTED_FROM_NULL
x038536	x042803	preferred	1000	0.1888111888	0.6811103007	1	0.09395034148	EXPECTED_FROM_NULL
x038536	x042805	preferred	1000	1	1	0	0.07377866029	EXPECTED_FROM_NULL
x038537	x000104	depleted	1000	0.7362637363	1	0	0.1176571855	EXPECTED_FROM_NULL
x038537	x000105	depleted	1000	0.7352647353	1	0	0.1377426153	EXPECTED_FROM_NULL
x038537	x000110	depleted	1000	0.8711288711	1	0	0.157504465	EXPECTED_FROM_NULL
x038537	x001089	preferred	1000	1	1	0	0.1254697069	EXPECTED_FROM_NULL
x038537	x001395	preferred	1000	0.04195804196	0.268166616	1	0.1359378628	EXPECTED_FROM_NULL
x038537	x001397	preferred	1000	1	1	0	0.1059581426	EXPECTED_FROM_NULL
x038537	x001398	preferred	1000	1	1	0	0.08476262339	EXPECTED_FROM_NULL
x038537	x002976	depleted	1000	0.7692307692	1	0	0.09891779851	EXPECTED_FROM_NULL
x038537	x002977	preferred	10000	0.000399960004	0.05879412059	0.5	0.1150712203	EXPECTED_FROM_NULL
x038537	x002978	preferred	1000	0.1068931069	0.425642078	1	0.1264006557	EXPECTED_FROM_NULL
x038537	x002980	preferred	1000	1	1	0	0.1246151342	EXPECTED_FROM_NULL
x038537	x002981	preferred	1000	1	1	1	0.09397109712	EXPECTED_FROM_NULL
x038537	x010936	preferred	1000	1	1	0	0.09696552277	EXPECTED_FROM_NULL
x038537	x010937	preferred	1000	1	1	0	0.09763612144	EXPECTED_FROM_NULL
x038537	x010938	preferred	1000	0.01398601399	0.2517482517	1	0.08144696925	EXPECTED_FROM_NULL
x038537	x015801	preferred	1000	0.03296703297	0.2584615385	1	0.08750085317	EXPECTED_FROM_NULL
x038537	x015913	preferred	1000	0.01698301698	0.2517482517	1	0.08542076084	EXPECTED_FROM_NULL
x038537	x017379	preferred	1000	1	1	0	0.1230576556	EXPECTED_FROM_NULL
x038537	x017380	preferred	1000	1	1	0	0.1190170435	EXPECTED_FROM_NULL
x038537	x017382	preferred	1000	0.01998001998	0.2534725548	1	0.09741377292	EXPECTED_FROM_NULL
x038537	x017673	preferred	1000	0.01198801199	0.2517482517	1	0.1102718658	EXPECTED_FROM_NULL
x038537	x017674	preferred	1000	1	1	1	0.09069959534	EXPECTED_FROM_NULL
x038537	x017834	preferred	1000	0.05994005994	0.3020979021	1	0.109785283	EXPECTED_FROM_NULL
x038537	x017835	preferred	1000	1	1	0	0.1398349034	EXPECTED_FROM_NULL
x038537	x017888	depleted	1000	0.99000999	1	1	0.1364253107	EXPECTED_FROM_NULL
x038537	x017889	preferred	1000	0.1448551449	0.5345700325	1	0.1911742306	EXPECTED_FROM_NULL
x038537	x017890	preferred	1000	0.1208791209	0.4635451505	0.5	0.1387493043	EXPECTED_FROM_NULL
x038537	x018561	preferred	1000	1	1	1	0.112475394	EXPECTED_FROM_NULL
x038537	x020016	depleted	1000	0.8721278721	1	0	0.1159447351	EXPECTED_FROM_NULL
x038537	x020019	preferred	1000	1	1	0	0.1187665325	EXPECTED_FROM_NULL
x038537	x020021	preferred	1000	1	1	0	0.183047121	EXPECTED_FROM_NULL
x038537	x020632	preferred	1000	1	1	0	0.09380070936	EXPECTED_FROM_NULL
x038537	x020637	preferred	1000	1	1	0	0.08144696925	EXPECTED_FROM_NULL
x038537	x022458	preferred	1000	1	1	0	0.09960714693	EXPECTED_FROM_NULL
x038537	x022952	preferred	1000	0.03996003996	0.2670057216	1	0.1352206144	EXPECTED_FROM_NULL
x038537	x022954	preferred	1000	1	1	0	0.1105304228	EXPECTED_FROM_NULL
x038537	x022955	preferred	1000	1	1	0	0.120013137	EXPECTED_FROM_NULL
x038537	x022956	preferred	1000	1	1	0.5	0.1096719351	EXPECTED_FROM_NULL
x038537	x024240	preferred	1000	1	1	0	0.1514646645	EXPECTED_FROM_NULL
x038537	x024242	depleted	1000	0.7422577423	1	0	0.1091718221	EXPECTED_FROM_NULL
x038537	x024244	preferred	1000	1	1	0	0.1611291802	EXPECTED_FROM_NULL
x038537	x024245	preferred	1000	0.02597402597	0.2551656488	1	0.1174135897	EXPECTED_FROM_NULL
x038537	x025760	preferred	1000	0.01498501499	0.2517482517	1	0.100446497	EXPECTED_FROM_NULL
x038537	x025763	preferred	1000	0.02097902098	0.2534725548	1	0.09729539205	EXPECTED_FROM_NULL
x038537	x025764	preferred	1000	1	1	1	0.09749277394	EXPECTED_FROM_NULL
x038537	x025765	preferred	1000	0.01898101898	0.2517482517	1	0.08750085317	EXPECTED_FROM_NULL
x038537	x032441	preferred	1000	1	1	0	0.109785283	EXPECTED_FROM_NULL
x038537	x032442	preferred	1000	1	1	0	0.1409492244	EXPECTED_FROM_NULL
x038537	x037850	depleted	1000	0.8931068931	1	0	0.1253865644	EXPECTED_FROM_NULL
x038537	x037856	depleted	1000	0.5084915085	1	0.5	0.1195548624	EXPECTED_FROM_NULL
x038537	x037857	depleted	1000	0.957042957	1	0.5	0.1033675202	EXPECTED_FROM_NULL
x038537	x037858	depleted	1000	0.8641358641	1	1	0.1073193239	EXPECTED_FROM_NULL
x038537	x037859	depleted	1000	0.5804195804	1	0	0.1058557481	EXPECTED_FROM_NULL
x038537	x037861	depleted	1000	0.9490509491	1	1	0.1662346049	EXPECTED_FROM_NULL
x038537	x037862	depleted	1000	0.8101898102	1	0	0.2072026149	EXPECTED_FROM_NULL
x038537	x037881	preferred	1000	1	1	0	0.1026830856	EXPECTED_FROM_NULL
x038537	x038058	preferred	1000	1	1	0	0.0945269618	EXPECTED_FROM_NULL
x038537	x038105	preferred	1000	1	1	0	0.1763788383	EXPECTED_FROM_NULL
x038537	x038109	preferred	1000	1	1	0	0.09060619882	EXPECTED_FROM_NULL
x038537	x038443	preferred	1000	1	1	0	0.09936363103	EXPECTED_FROM_NULL
x038537	x040635	preferred	1000	1	1	0	0.1056694153	EXPECTED_FROM_NULL
x038537	x042800	depleted	1000	0.8731268731	1	1	0.1273980927	EXPECTED_FROM_NULL
x038537	x042801	preferred	1000	0.09290709291	0.3820235708	1	0.1344447	EXPECTED_FROM_NULL
x038537	x042802	preferred	1000	0.1118881119	0.4405594406	1	0.1347947799	EXPECTED_FROM_NULL
x038537	x042803	preferred	1000	0.08891108891	0.370778158	1	0.1248980328	EXPECTED_FROM_NULL
x038537	x042806	preferred	1000	1	1	1	0.09729539205	EXPECTED_FROM_NULL
x038537	x042818	preferred	1000	1	1	1	0.1004528907	EXPECTED_FROM_NULL
x038538	x000104	depleted	1000	0.8981018981	1	1	0.09533602403	EXPECTED_FROM_NULL
x038538	x000105	depleted	1000	0.6913086913	1	0	0.09594979914	EXPECTED_FROM_NULL
x038538	x000108	depleted	1000	0.7762237762	1	0	0.1204846386	EXPECTED_FROM_NULL
x038538	x000110	preferred	1000	1	1	0	0.09622932925	EXPECTED_FROM_NULL
x038538	x001088	preferred	1000	1	1	0	0.1088824816	EXPECTED_FROM_NULL
x038538	x002976	preferred	10000	0.000199980002	0.04409559044	0.2	0.1143917652	SIGNIFICANT_UNSTABLE
x038538	x002977	preferred	1000	0.01398601399	0.2517482517	0.3333333333	0.1062113084	EXPECTED_FROM_NULL
x038538	x002978	preferred	1000	1	1	0	0.09151085767	EXPECTED_FROM_NULL
x038538	x002979	preferred	1000	1	1	0	0.08717456817	EXPECTED_FROM_NULL
x038538	x002980	preferred	1000	1	1	0.5	0.08387826811	EXPECTED_FROM_NULL
x038538	x002981	preferred	1000	1	1	0	0.07962672854	EXPECTED_FROM_NULL
x038538	x002982	preferred	1000	0.01498501499	0.2517482517	1	0.07474524661	EXPECTED_FROM_NULL
x038538	x009305	preferred	1000	1	1	0	0.06622160237	EXPECTED_FROM_NULL
x038538	x015913	preferred	1000	1	1	0	0.07720788739	EXPECTED_FROM_NULL
x038538	x016186	preferred	10000	0.01269873013	0.2517482517	1	0.06552706072	EXPECTED_FROM_NULL
x038538	x017377	preferred	1000	0.02297702298	0.2551656488	0.5	0.1044940236	EXPECTED_FROM_NULL
x038538	x017378	preferred	1000	1	1	0	0.1208897156	EXPECTED_FROM_NULL
x038538	x017379	preferred	1000	1	1	0	0.0973723579	EXPECTED_FROM_NULL
x038538	x017380	preferred	1000	0.07692307692	0.3417942259	1	0.09771364038	EXPECTED_FROM_NULL
x038538	x017381	preferred	1000	1	1	0	0.0905406833	EXPECTED_FROM_NULL
x038538	x017672	preferred	1000	1	1	0	0.07612528004	EXPECTED_FROM_NULL
x038538	x017676	preferred	1000	1	1	1	0.06426124106	EXPECTED_FROM_NULL
x038538	x017833	preferred	1000	0.07092907093	0.3283960134	0.5	0.1015397164	EXPECTED_FROM_NULL
x038538	x017835	preferred	1000	0.02197802198	0.2551656488	1	0.08822043622	EXPECTED_FROM_NULL
x038538	x017888	preferred	1000	0.02597402597	0.2551656488	0.5	0.09313463762	EXPECTED_FROM_NULL
x038538	x017891	preferred	1000	0.0979020979	0.3988436506	1	0.08852876355	EXPECTED_FROM_NULL
x038538	x017893	preferred	1000	1	1	0	0.08246426738	EXPECTED_FROM_NULL
x038538	x020016	depleted	1000	0.967032967	1	1	0.1381230193	EXPECTED_FROM_NULL
x038538	x020023	preferred	1000	1	1	1	0.0719022089	EXPECTED_FROM_NULL
x038538	x020969	preferred	1000	0.03196803197	0.2551656488	1	0.06964123274	EXPECTED_FROM_NULL
x038538	x022458	preferred	1000	1	1	0	0.07303051306	EXPECTED_FROM_NULL
x038538	x022952	preferred	1000	0.05594405594	0.2928500071	1	0.1590022104	EXPECTED_FROM_NULL
x038538	x022953	preferred	1000	1	1	0	0.1066928119	EXPECTED_FROM_NULL
x038538	x022954	preferred	1000	0.05294705295	0.2882672883	1	0.09067298502	EXPECTED_FROM_NULL
x038538	x022955	preferred	1000	1	1	0.6666666667	0.08572831483	EXPECTED_FROM_NULL
x038538	x022956	preferred	1000	1	1	0	0.07890538704	EXPECTED_FROM_NULL
x038538	x022958	preferred	1000	1	1	1	0.06989034007	EXPECTED_FROM_NULL
x038538	x023922	preferred	1000	1	1	0	0.09064895128	EXPECTED_FROM_NULL
x038538	x024240	preferred	1000	1	1	0	0.08660074489	EXPECTED_FROM_NULL
x038538	x024241	preferred	1000	1	1	1	0.07778405374	EXPECTED_FROM_NULL
x038538	x024243	preferred	1000	0.03996003996	0.2670057216	0.5	0.08898762886	EXPECTED_FROM_NULL
x038538	x024244	preferred	1000	1	1	0	0.0988952471	EXPECTED_FROM_NULL
x038538	x024245	preferred	1000	1	1	0	0.1120510905	EXPECTED_FROM_NULL
x038538	x024737	preferred	1000	0.04895104895	0.2776516088	1	0.08903720883	EXPECTED_FROM_NULL
x038538	x024739	preferred	1000	1	1	0	0.07795617768	EXPECTED_FROM_NULL
x038538	x024800	preferred	1000	1	1	0	0.09316811378	EXPECTED_FROM_NULL
x038538	x024801	preferred	1000	1	1	0	0.1075348383	EXPECTED_FROM_NULL
x038538	x025548	preferred	1000	1	1	0	0.06818816895	EXPECTED_FROM_NULL
x038538	x025760	preferred	1000	0.04695304695	0.272451233	1	0.08403501468	EXPECTED_FROM_NULL
x038538	x032441	preferred	1000	0.05294705295	0.2882672883	1	0.08768352966	EXPECTED_FROM_NULL
x038538	x037851	preferred	1000	0.1128871129	0.442500231	1	0.1207821514	EXPECTED_FROM_NULL
x038538	x037852	depleted	1000	0.8191808192	1	0	0.09715736087	EXPECTED_FROM_NULL
x038538	x037856	depleted	1000	0.4035964036	1	1	0.0849098255	EXPECTED_FROM_NULL
x038538	x037857	depleted	1000	0.4095904096	1	1	0.08377388402	EXPECTED_FROM_NULL
x038538	x037858	depleted	1000	0.7592407592	1	0.5	0.08473721304	EXPECTED_FROM_NULL
x038538	x037859	depleted	1000	0.8651348651	1	1	0.09291326124	EXPECTED_FROM_NULL
x038538	x037860	depleted	1000	0.6213786214	1	0	0.1224763218	EXPECTED_FROM_NULL
x038538	x037861	depleted	1000	0.957042957	1	1	0.1445943609	EXPECTED_FROM_NULL
x038538	x038106	preferred	1000	1	1	0	0.1063072523	EXPECTED_FROM_NULL
x038538	x040256	preferred	1000	1	1	0	0.1241933905	EXPECTED_FROM_NULL
x038538	x040257	preferred	1000	0.02297702298	0.2551656488	1	0.08123184249	EXPECTED_FROM_NULL
x038538	x040258	preferred	1000	1	1	1	0.1221424461	EXPECTED_FROM_NULL
x038538	x041529	preferred	1000	0.03196803197	0.2551656488	1	0.08276869347	EXPECTED_FROM_NULL
x038538	x041657	preferred	1000	1	1	0	0.1282011144	EXPECTED_FROM_NULL
x038538	x042800	preferred	1000	1	1	0	0.1237041639	EXPECTED_FROM_NULL
x038538	x042801	depleted	1000	0.8261738262	1	1	0.09832224598	EXPECTED_FROM_NULL
x038538	x042802	depleted	1000	0.8951048951	1	0	0.08315777062	EXPECTED_FROM_NULL
x038538	x042804	preferred	1000	0.01898101898	0.2517482517	1	0.08700940168	EXPECTED_FROM_NULL
x038538	x042805	preferred	1000	0.03396603397	0.2593769866	1	0.0843572886	EXPECTED_FROM_NULL
x038538	x042817	preferred	1000	1	1	0	0.07461376174	EXPECTED_FROM_NULL
x038539	x001088	preferred	1000	1	1	0	0.2076304256	EXPECTED_FROM_NULL
x038539	x001396	preferred	1000	0.03696303696	0.2661338661	1	0.1443333514	EXPECTED_FROM_NULL
x038539	x002976	preferred	1000	0.0969030969	0.3956876457	0.5	0.2318652688	EXPECTED_FROM_NULL
x038539	x002977	preferred	1000	0.1328671329	0.4965627593	1	0.218711131	EXPECTED_FROM_NULL
x038539	x002978	preferred	1000	0.07892107892	0.3437451437	1	0.2065827498	EXPECTED_FROM_NULL
x038539	x002979	preferred	1000	1	1	0	0.1455090936	EXPECTED_FROM_NULL
x038539	x002980	preferred	1000	1	1	0	0.1428990368	EXPECTED_FROM_NULL
x038539	x002981	preferred	1000	1	1	0	0.1285883031	EXPECTED_FROM_NULL
x038539	x002982	preferred	1000	1	1	0	0.1158992022	EXPECTED_FROM_NULL
x038539	x007097	preferred	1000	0.03796203796	0.266792968	1	0.1591458868	EXPECTED_FROM_NULL
x038539	x009304	preferred	1000	1	1	1	0.153807664	EXPECTED_FROM_NULL
x038539	x010936	preferred	1000	1	1	0	0.1158992022	EXPECTED_FROM_NULL
x038539	x017377	depleted	1000	0.8751248751	1	0	0.2537741352	EXPECTED_FROM_NULL
x038539	x017379	preferred	1000	0.05094905095	0.2808566434	1	0.1442687376	EXPECTED_FROM_NULL
x038539	x017672	preferred	1000	1	1	0	0.1158992022	EXPECTED_FROM_NULL
x038539	x017673	preferred	1000	1	1	0	0.1285883031	EXPECTED_FROM_NULL
x038539	x017832	preferred	1000	0.01498501499	0.2517482517	1	0.1550683595	EXPECTED_FROM_NULL
x038539	x017833	depleted	1000	0.995004995	1	1	0.2276577619	EXPECTED_FROM_NULL
x038539	x017835	preferred	1000	1	1	0	0.2134440403	EXPECTED_FROM_NULL
x038539	x017888	depleted	1000	0.8441558442	1	0	0.1914774578	EXPECTED_FROM_NULL
x038539	x017889	depleted	1000	0.8901098901	1	1	0.2720857384	EXPECTED_FROM_NULL
x038539	x017890	depleted	1000	0.8821178821	1	0	0.235460505	EXPECTED_FROM_NULL
x038539	x017892	preferred	1000	0.04495504496	0.272451233	1	0.1629519816	EXPECTED_FROM_NULL
x038539	x020969	preferred	1000	1	1	0	0.1529987069	EXPECTED_FROM_NULL
x038539	x021969	preferred	1000	1	1	0	0.1260733974	EXPECTED_FROM_NULL
x038539	x022458	preferred	1000	1	1	0	0.125309808	EXPECTED_FROM_NULL
x038539	x022952	depleted	1000	0.9450549451	1	1	0.172642624	EXPECTED_FROM_NULL
x038539	x022953	preferred	1000	1	1	0	0.1716254359	EXPECTED_FROM_NULL
x038539	x022954	preferred	1000	0.04195804196	0.268166616	1	0.1682781612	EXPECTED_FROM_NULL
x038539	x022957	preferred	1000	0.01798201798	0.2517482517	1	0.1653008738	EXPECTED_FROM_NULL
x038539	x024241	preferred	1000	1	1	0	0.1387139986	EXPECTED_FROM_NULL
x038539	x024242	depleted	1000	0.991008991	1	1	0.1863141233	EXPECTED_FROM_NULL
x038539	x024244	preferred	1000	1	1	0	0.3061042597	EXPECTED_FROM_NULL
x038539	x024245	preferred	1000	0.03196803197	0.2551656488	1	0.1696477749	EXPECTED_FROM_NULL
x038539	x024737	preferred	1000	1	1	0	0.1338836329	EXPECTED_FROM_NULL
x038539	x025545	preferred	1000	0.01098901099	0.2517482517	1	0.1338356804	EXPECTED_FROM_NULL
x038539	x025764	preferred	1000	1	1	0	0.1158992022	EXPECTED_FROM_NULL
x038539	x029027	preferred	1000	0.01298701299	0.2517482517	1	0.1158992022	EXPECTED_FROM_NULL
x038539	x034672	preferred	1000	1	1	1	0.1661549105	EXPECTED_FROM_NULL
x038539	x037852	preferred	1000	1	1	0	0.1746966238	EXPECTED_FROM_NULL
x038539	x037856	depleted	1000	0.5934065934	1	0.3333333333	0.1669373077	EXPECTED_FROM_NULL
x038539	x037857	depleted	1000	0.6223776224	1	0	0.1419521468	EXPECTED_FROM_NULL
x038539	x037858	depleted	1000	0.6523476523	1	0	0.1528670698	EXPECTED_FROM_NULL
x038539	x037859	depleted	1000	0.978021978	1	0.5	0.1635865601	EXPECTED_FROM_NULL
x038539	x037860	depleted	1000	0.975024975	1	1	0.2109263934	EXPECTED_FROM_NULL
x038539	x037861	depleted	1000	0.985014985	1	1	0.1661504232	EXPECTED_FROM_NULL
x038539	x037862	preferred	1000	0.1298701299	0.4884667571	1	0.2664490084	EXPECTED_FROM_NULL
x038539	x037863	preferred	1000	0.0969030969	0.3956876457	1	0.2098499991	EXPECTED_FROM_NULL
x038539	x038105	preferred	1000	1	1	0	0.1981731239	EXPECTED_FROM_NULL
x038539	x038443	preferred	1000	1	1	0	0.1221321022	EXPECTED_FROM_NULL
x038539	x040256	preferred	1000	0.01198801199	0.2517482517	1	0.1808957004	EXPECTED_FROM_NULL
x038539	x040257	preferred	1000	1	1	1	0.1416247618	EXPECTED_FROM_NULL
x038539	x041530	preferred	1000	1	1	0	0.1504363249	EXPECTED_FROM_NULL
x038539	x041531	preferred	1000	1	1	0	0.1281024421	EXPECTED_FROM_NULL
x038539	x042801	depleted	1000	0.8871128871	1	1	0.2331808929	EXPECTED_FROM_NULL
x038539	x042802	preferred	1000	1	1	0	0.2121622165	EXPECTED_FROM_NULL
x038539	x042820	preferred	1000	1	1	0	0.125309808	EXPECTED_FROM_NULL
x038540	x000104	depleted	1000	0.994005994	1	1	0.3108402887	EXPECTED_FROM_NULL
x038540	x000106	depleted	1000	0.9300699301	1	0	0.3399368707	EXPECTED_FROM_NULL
x038540	x000108	depleted	1000	0.9380619381	1	0	0.3743553969	EXPECTED_FROM_NULL
x038540	x001424	depleted	1000	0.953046953	1	0	0.3057091603	EXPECTED_FROM_NULL
x038540	x002976	preferred	1000	1	1	0	0.3000721379	EXPECTED_FROM_NULL
x038540	x002977	preferred	1000	0.04695304695	0.272451233	1	0.3754927104	EXPECTED_FROM_NULL
x038540	x002980	preferred	1000	1	1	0	0.2535567208	EXPECTED_FROM_NULL
x038540	x002981	preferred	1000	1	1	0	0.2584500089	EXPECTED_FROM_NULL
x038540	x010937	preferred	1000	1	1	1	0.2888376015	EXPECTED_FROM_NULL
x038540	x017376	preferred	1000	0.08191808192	0.3524475524	1	0.3437863065	EXPECTED_FROM_NULL
x038540	x017377	preferred	1000	1	1	0	0.7572094641	EXPECTED_FROM_NULL
x038540	x017378	preferred	1000	0.02597402597	0.2551656488	1	0.3237462422	EXPECTED_FROM_NULL
x038540	x017379	preferred	1000	1	1	0	0.2863785155	EXPECTED_FROM_NULL
x038540	x017408	depleted	1000	0.9260739261	1	0	0.3305253846	EXPECTED_FROM_NULL
x038540	x017835	preferred	1000	1	1	0	0.4250699433	EXPECTED_FROM_NULL
x038540	x017837	preferred	1000	1	1	1	0.2303849607	EXPECTED_FROM_NULL
x038540	x017888	depleted	1000	0.975024975	1	0	0.327355324	EXPECTED_FROM_NULL
x038540	x017890	preferred	1000	0.04995004995	0.2806111086	1	0.691307306	EXPECTED_FROM_NULL
x038540	x017892	preferred	1000	1	1	0	0.2584500089	EXPECTED_FROM_NULL
x038540	x020017	depleted	1000	0.9170829171	1	0	0.3895717161	EXPECTED_FROM_NULL
x038540	x021969	preferred	1000	1	1	1	0.2457311673	EXPECTED_FROM_NULL
x038540	x022458	preferred	1000	0.01398601399	0.2517482517	1	0.210762227	EXPECTED_FROM_NULL
x038540	x022952	preferred	1000	1	1	0	0.4560036832	EXPECTED_FROM_NULL
x038540	x022955	preferred	1000	1	1	0	0.573072449	EXPECTED_FROM_NULL
x038540	x024244	depleted	1000	0.959040959	1	0	0.4743852814	EXPECTED_FROM_NULL
x038540	x024245	preferred	1000	0.01898101898	0.2517482517	1	0.3856761923	EXPECTED_FROM_NULL
x038540	x024739	preferred	1000	1	1	1	0.2584500089	EXPECTED_FROM_NULL
x038540	x025763	preferred	1000	1	1	0	0.2582746544	EXPECTED_FROM_NULL
x038540	x032440	preferred	1000	1	1	0	0.210762227	EXPECTED_FROM_NULL
x038540	x032442	preferred	1000	1	1	0	0.3258998048	EXPECTED_FROM_NULL
x038540	x032443	preferred	10000	0.01099890011	0.2517482517	1	0.210762227	EXPECTED_FROM_NULL
x038540	x037853	preferred	1000	1	1	0	0.3927509024	EXPECTED_FROM_NULL
x038540	x037856	depleted	1000	0.969030969	1	1	0.3946792663	EXPECTED_FROM_NULL
x038540	x037857	depleted	1000	0.8101898102	1	0	0.2734667483	EXPECTED_FROM_NULL
x038540	x037858	depleted	1000	0.7992007992	1	0	0.2689656999	EXPECTED_FROM_NULL
x038540	x037859	depleted	1000	0.8611388611	1	0	0.2439170887	EXPECTED_FROM_NULL
x038540	x037860	depleted	1000	0.9270729271	1	0	0.5799297932	EXPECTED_FROM_NULL
x038540	x037861	depleted	1000	0.9250749251	1	0	0.3238004626	EXPECTED_FROM_NULL
x038540	x037862	depleted	1000	0.9120879121	1	0	0.3792800466	EXPECTED_FROM_NULL
x038540	x037880	preferred	1000	1	1	0	0.2480181045	EXPECTED_FROM_NULL
x038540	x038056	preferred	1000	1	1	0	0.210762227	EXPECTED_FROM_NULL
x038540	x040257	preferred	1000	1	1	0	0.2584500089	EXPECTED_FROM_NULL
x038540	x041532	preferred	1000	1	1	0	0.3332350352	EXPECTED_FROM_NULL
x038540	x042802	depleted	1000	0.9240759241	1	0	0.2240651674	EXPECTED_FROM_NULL
x038540	x042803	preferred	1000	1	1	0	0.2621733914	EXPECTED_FROM_NULL
x038540	x042807	preferred	1000	1	1	0	0.3000721379	EXPECTED_FROM_NULL
x038541	x000164	preferred	1000	1	1	0	1	INSUFFICIENT_SUPPORT
x038541	x002977	preferred	1000	1	1	0	1	INSUFFICIENT_SUPPORT
x038541	x002978	depleted	1000	1	1	0	1	INSUFFICIENT_SUPPORT
x038541	x002979	depleted	1000	0.9450549451	1	0	1	INSUFFICIENT_SUPPORT
x038541	x002980	depleted	1000	1	1	0	1	INSUFFICIENT_SUPPORT
x038541	x007097	preferred	1000	1	1	0	1	INSUFFICIENT_SUPPORT
x038541	x007098	preferred	1000	1	1	0	1	INSUFFICIENT_SUPPORT
x038541	x010936	depleted	1000	0.987012987	1	0	1	INSUFFICIENT_SUPPORT
x038541	x015913	preferred	1000	1	1	0	1	INSUFFICIENT_SUPPORT
x038541	x017378	depleted	1000	0.99000999	1	0	1	INSUFFICIENT_SUPPORT
x038541	x017380	depleted	1000	0.989010989	1	0	1	INSUFFICIENT_SUPPORT
x038541	x017672	preferred	1000	1	1	0	1	INSUFFICIENT_SUPPORT
x038541	x017832	depleted	1000	1	1	0	1	INSUFFICIENT_SUPPORT
x038541	x017892	depleted	1000	1	1	0	1	INSUFFICIENT_SUPPORT
x038541	x017994	depleted	1000	0.978021978	1	0	1	INSUFFICIENT_SUPPORT
x038541	x020020	depleted	1000	1	1	0	1	INSUFFICIENT_SUPPORT
x038541	x022954	depleted	1000	1	1	0	1	INSUFFICIENT_SUPPORT
x038541	x022956	preferred	1000	1	1	0	1	INSUFFICIENT_SUPPORT
x038541	x023520	preferred	1000	0.02197802198	1	1	1	INSUFFICIENT_SUPPORT
x038541	x024240	preferred	1000	1	1	0	1	INSUFFICIENT_SUPPORT
x038541	x024800	preferred	1000	1	1	0	1	INSUFFICIENT_SUPPORT
x038541	x025762	preferred	1000	1	1	0	1	INSUFFICIENT_SUPPORT
x038541	x032441	preferred	1000	1	1	0	1	INSUFFICIENT_SUPPORT
x038541	x034502	preferred	1000	1	1	0	1	INSUFFICIENT_SUPPORT
x038541	x034672	preferred	1000	1	1	0	1	INSUFFICIENT_SUPPORT
x038541	x037850	preferred	1000	1	1	0	1	INSUFFICIENT_SUPPORT
x038541	x037856	depleted	1000	0.9110889111	1	0	1	INSUFFICIENT_SUPPORT
x038541	x037858	depleted	1000	0.984015984	1	0	1	INSUFFICIENT_SUPPORT
x038541	x037859	depleted	1000	0.961038961	1	0	1	INSUFFICIENT_SUPPORT
x038541	x037860	depleted	1000	0.954045954	1	0	1	INSUFFICIENT_SUPPORT
x038541	x037862	depleted	1000	0.984015984	1	0	1	INSUFFICIENT_SUPPORT
x038541	x037897	preferred	1000	1	1	0	1	INSUFFICIENT_SUPPORT
x038541	x038056	depleted	1000	0.982017982	1	0	1	INSUFFICIENT_SUPPORT
x038541	x038105	depleted	1000	1	1	0	1	INSUFFICIENT_SUPPORT
x038541	x038108	preferred	1000	1	1	0	1	INSUFFICIENT_SUPPORT
x038541	x040258	preferred	1000	1	1	0	1	INSUFFICIENT_SUPPORT
x038541	x042800	depleted	1000	0.981018981	1	0	1	INSUFFICIENT_SUPPORT
x038542	x001634	preferred	1000	1	1	0	1	INSUFFICIENT_SUPPORT
x038542	x002976	preferred	1000	1	1	0	1	INSUFFICIENT_SUPPORT
x038542	x002977	preferred	1000	1	1	0	1	INSUFFICIENT_SUPPORT
x038542	x002978	preferred	1000	1	1	0	1	INSUFFICIENT_SUPPORT
x038542	x017377	preferred	1000	1	1	0	1	INSUFFICIENT_SUPPORT
x038542	x017889	preferred	1000	1	1	0	1	INSUFFICIENT_SUPPORT
x038542	x022523	preferred	1000	1	1	0	1	INSUFFICIENT_SUPPORT
x038542	x022952	preferred	1000	1	1	0	1	INSUFFICIENT_SUPPORT
x038542	x022955	preferred	1000	1	1	0	1	INSUFFICIENT_SUPPORT
x038542	x022957	preferred	1000	1	1	0	1	INSUFFICIENT_SUPPORT
x038542	x025762	depleted	1000	0.985014985	1	0	1	INSUFFICIENT_SUPPORT
x038542	x032440	preferred	1000	1	1	0	1	INSUFFICIENT_SUPPORT
x038542	x032443	preferred	1000	1	1	0	1	INSUFFICIENT_SUPPORT
x038542	x037856	depleted	1000	0.977022977	1	0	1	INSUFFICIENT_SUPPORT
x038542	x037857	depleted	1000	0.9200799201	1	0	1	INSUFFICIENT_SUPPORT
x038542	x037858	depleted	1000	0.95004995	1	0	1	INSUFFICIENT_SUPPORT
x038542	x037859	depleted	1000	0.9490509491	1	0	1	INSUFFICIENT_SUPPORT
x038542	x037861	depleted	1000	0.963036963	1	0	1	INSUFFICIENT_SUPPORT
x038542	x040258	depleted	1000	1	1	0	1	INSUFFICIENT_SUPPORT
x038542	x040259	preferred	1000	1	1	0	1	INSUFFICIENT_SUPPORT
x038542	x042800	depleted	1000	0.988011988	1	0	1	INSUFFICIENT_SUPPORT
x038543	x000107	preferred	1000	0.000999000999	1	0	0	INSUFFICIENT_SUPPORT
x038543	x000110	preferred	1000	0.000999000999	1	0	0	INSUFFICIENT_SUPPORT
x038543	x002976	preferred	1000	0.000999000999	1	0	0	INSUFFICIENT_SUPPORT
x038543	x010936	preferred	1000	0.000999000999	1	0	0	INSUFFICIENT_SUPPORT
x038543	x017376	preferred	1000	0.000999000999	1	0	0	INSUFFICIENT_SUPPORT
x038543	x017381	preferred	1000	0.000999000999	1	0	0	INSUFFICIENT_SUPPORT
x038543	x021277	preferred	1000	0.000999000999	1	0	0	INSUFFICIENT_SUPPORT
x038543	x022956	preferred	1000	0.000999000999	1	0	0	INSUFFICIENT_SUPPORT
x038543	x024245	preferred	1000	0.000999000999	1	0	0	INSUFFICIENT_SUPPORT
x038543	x037856	preferred	1000	0.000999000999	1	0	0	INSUFFICIENT_SUPPORT
x038543	x037858	preferred	1000	0.000999000999	1	0	0	INSUFFICIENT_SUPPORT
x038674	x000106	preferred	1000	0.000999000999	1	0	0	INSUFFICIENT_SUPPORT
x038674	x001093	preferred	1000	0.000999000999	1	0	0	INSUFFICIENT_SUPPORT
x038674	x001428	preferred	1000	0.000999000999	1	0	0	INSUFFICIENT_SUPPORT
x038674	x017833	preferred	1000	0.000999000999	1	0	0	INSUFFICIENT_SUPPORT
x038674	x017895	preferred	1000	0.000999000999	1	0	0	INSUFFICIENT_SUPPORT
x038674	x034243	preferred	1000	0.000999000999	1	0	0	INSUFFICIENT_SUPPORT
x038674	x037856	preferred	1000	0.000999000999	1	0	0	INSUFFICIENT_SUPPORT
x038674	x037857	preferred	1000	0.000999000999	1	0	0	INSUFFICIENT_SUPPORT
x038674	x037859	preferred	1000	0.000999000999	1	0	0	INSUFFICIENT_SUPPORT
x038674	x037897	preferred	1000	0.000999000999	1	0	0	INSUFFICIENT_SUPPORT
x038674	x038536	preferred	1000	0.000999000999	1	0	0	INSUFFICIENT_SUPPORT
x039080	x000109	preferred	1000	0.000999000999	1	0	0	INSUFFICIENT_SUPPORT
x039080	x016898	preferred	1000	0.000999000999	1	0	0	INSUFFICIENT_SUPPORT
x039080	x016899	preferred	1000	0.000999000999	1	0	0	INSUFFICIENT_SUPPORT
x039080	x017414	preferred	1000	0.000999000999	1	0	0	INSUFFICIENT_SUPPORT
x039080	x018497	preferred	1000	0.000999000999	1	0	0	INSUFFICIENT_SUPPORT
x039080	x019936	preferred	1000	0.000999000999	1	0	0	INSUFFICIENT_SUPPORT
x039080	x025659	preferred	1000	0.000999000999	1	0	0	INSUFFICIENT_SUPPORT
x039080	x037860	preferred	1000	0.000999000999	1	0	0	INSUFFICIENT_SUPPORT
x039080	x041112	preferred	1000	0.000999000999	1	0	0	INSUFFICIENT_SUPPORT
x039080	x041258	preferred	1000	0.000999000999	1	0	0	INSUFFICIENT_SUPPORT
x039080	x041661	preferred	1000	0.000999000999	1	0	0	INSUFFICIENT_SUPPORT
x039080	x041662	preferred	1000	0.000999000999	1	0	0	INSUFFICIENT_SUPPORT
x039081	x000105	preferred	1000	0.000999000999	1	0	0	INSUFFICIENT_SUPPORT
x039081	x001426	preferred	1000	0.000999000999	1	0	0	INSUFFICIENT_SUPPORT
x039081	x005077	preferred	1000	0.000999000999	1	0	0	INSUFFICIENT_SUPPORT
x039081	x016970	preferred	1000	0.000999000999	1	0	0	INSUFFICIENT_SUPPORT
x039081	x017289	preferred	1000	0.000999000999	1	0	0	INSUFFICIENT_SUPPORT
x039081	x019936	preferred	1000	0.000999000999	1	0	0	INSUFFICIENT_SUPPORT
x039081	x020019	preferred	1000	0.000999000999	1	0	0	INSUFFICIENT_SUPPORT
x039081	x025393	preferred	1000	0.000999000999	1	0	0	INSUFFICIENT_SUPPORT
x039081	x041531	preferred	1000	0.000999000999	1	0	0	INSUFFICIENT_SUPPORT
x039081	x041659	preferred	1000	0.000999000999	1	0	0	INSUFFICIENT_SUPPORT
x039082	x001424	preferred	1000	0.000999000999	1	0	0	INSUFFICIENT_SUPPORT
x039082	x004344	preferred	1000	0.000999000999	1	0	0	INSUFFICIENT_SUPPORT
x039082	x016900	preferred	1000	0.000999000999	1	0	0	INSUFFICIENT_SUPPORT
x039082	x019712	preferred	1000	0.000999000999	1	0	0	INSUFFICIENT_SUPPORT
x039082	x025395	preferred	1000	0.000999000999	1	0	0	INSUFFICIENT_SUPPORT
x039082	x033408	preferred	1000	0.000999000999	1	0	0	INSUFFICIENT_SUPPORT
x039082	x037912	preferred	1000	0.000999000999	1	0	0	INSUFFICIENT_SUPPORT
x039082	x037954	preferred	1000	0.000999000999	1	0	0	INSUFFICIENT_SUPPORT
x039082	x041115	preferred	1000	0.000999000999	1	0	0	INSUFFICIENT_SUPPORT
x039082	x041658	preferred	1000	0.000999000999	1	0	0	INSUFFICIENT_SUPPORT
x039084	x018496	preferred	1000	0.000999000999	1	0	0	INSUFFICIENT_SUPPORT
x039084	x019936	preferred	1000	0.000999000999	1	0	0	INSUFFICIENT_SUPPORT
x039084	x025656	preferred	1000	0.000999000999	1	0	0	INSUFFICIENT_SUPPORT
x039084	x032992	preferred	1000	0.000999000999	1	0	0	INSUFFICIENT_SUPPORT
x039084	x037913	preferred	1000	0.000999000999	1	0	0	INSUFFICIENT_SUPPORT
x039084	x041113	preferred	1000	0.000999000999	1	0	0	INSUFFICIENT_SUPPORT
x039084	x041115	preferred	1000	0.000999000999	1	0	0	INSUFFICIENT_SUPPORT
x039084	x041610	preferred	1000	0.000999000999	1	0	0	INSUFFICIENT_SUPPORT
x039656	x018875	preferred	1000	0.000999000999	1	0	0	INSUFFICIENT_SUPPORT
x039656	x025393	preferred	1000	0.000999000999	1	0	0	INSUFFICIENT_SUPPORT
x039656	x025658	preferred	1000	0.000999000999	1	0	0	INSUFFICIENT_SUPPORT
x039657	x001426	preferred	1000	0.000999000999	1	0	0	INSUFFICIENT_SUPPORT
x039657	x025392	preferred	1000	0.000999000999	1	0	0	INSUFFICIENT_SUPPORT
x039657	x025656	preferred	1000	0.000999000999	1	0	0	INSUFFICIENT_SUPPORT
x039659	x018500	preferred	1000	0.000999000999	1	0	0	INSUFFICIENT_SUPPORT
x039659	x021786	preferred	1000	0.000999000999	1	0	0	INSUFFICIENT_SUPPORT
x039659	x025657	preferred	1000	0.000999000999	1	0	0	INSUFFICIENT_SUPPORT
x039659	x041801	preferred	1000	0.000999000999	1	0	0	INSUFFICIENT_SUPPORT
x039659	x041804	preferred	1000	0.000999000999	1	0	0	INSUFFICIENT_SUPPORT
x039660	x014826	preferred	1000	0.000999000999	1	0	0	INSUFFICIENT_SUPPORT
x040208	x001424	preferred	1000	0.000999000999	1	0	0	INSUFFICIENT_SUPPORT
x040208	x001425	preferred	1000	0.000999000999	1	0	0	INSUFFICIENT_SUPPORT
x040208	x001426	preferred	1000	0.000999000999	1	0	0	INSUFFICIENT_SUPPORT
x040208	x001428	preferred	1000	0.000999000999	1	0	0	INSUFFICIENT_SUPPORT
x040208	x002105	preferred	1000	0.000999000999	1	0	0	INSUFFICIENT_SUPPORT
x040208	x005107	preferred	1000	0.000999000999	1	0	0	INSUFFICIENT_SUPPORT
x040208	x015285	preferred	1000	0.000999000999	1	0	0	INSUFFICIENT_SUPPORT
x040208	x018872	preferred	1000	0.000999000999	1	0	0	INSUFFICIENT_SUPPORT
x040208	x018878	preferred	1000	0.000999000999	1	0	0	INSUFFICIENT_SUPPORT
x040208	x020022	preferred	1000	0.000999000999	1	0	0	INSUFFICIENT_SUPPORT
x040208	x024242	preferred	1000	0.000999000999	1	0	0	INSUFFICIENT_SUPPORT
x040208	x037849	preferred	1000	0.000999000999	1	0	0	INSUFFICIENT_SUPPORT
x040208	x037857	preferred	1000	0.000999000999	1	0	0	INSUFFICIENT_SUPPORT
x040208	x037858	preferred	1000	0.000999000999	1	0	0	INSUFFICIENT_SUPPORT
x040208	x037860	preferred	1000	0.000999000999	1	0	0	INSUFFICIENT_SUPPORT
x040208	x038104	preferred	1000	0.000999000999	1	0	0	INSUFFICIENT_SUPPORT
x040208	x038539	preferred	1000	0.000999000999	1	0	0	INSUFFICIENT_SUPPORT
x040208	x038540	preferred	1000	0.000999000999	1	0	0	INSUFFICIENT_SUPPORT
x040208	x042104	preferred	1000	0.000999000999	1	0	0	INSUFFICIENT_SUPPORT
x040209	x001092	preferred	1000	0.000999000999	1	0	0	INSUFFICIENT_SUPPORT
x040209	x001425	preferred	1000	0.000999000999	1	0	0	INSUFFICIENT_SUPPORT
x040209	x002336	preferred	1000	0.000999000999	1	0	0	INSUFFICIENT_SUPPORT
x040209	x002339	preferred	1000	0.000999000999	1	0	0	INSUFFICIENT_SUPPORT
x040209	x005073	preferred	1000	0.000999000999	1	0	0	INSUFFICIENT_SUPPORT
x040209	x014829	preferred	1000	0.000999000999	1	0	0	INSUFFICIENT_SUPPORT
x040209	x017891	preferred	1000	0.000999000999	1	0	0	INSUFFICIENT_SUPPORT
x040209	x017892	preferred	1000	0.000999000999	1	0	0	INSUFFICIENT_SUPPORT
x040209	x017893	preferred	1000	0.000999000999	1	0	0	INSUFFICIENT_SUPPORT
x040209	x018874	preferred	1000	0.000999000999	1	0	0	INSUFFICIENT_SUPPORT
x040209	x018875	preferred	1000	0.000999000999	1	0	0	INSUFFICIENT_SUPPORT
x040209	x024073	preferred	1000	0.000999000999	1	0	0	INSUFFICIENT_SUPPORT
x040209	x037860	preferred	1000	0.000999000999	1	0	0	INSUFFICIENT_SUPPORT
x040209	x038536	preferred	1000	0.000999000999	1	0	0	INSUFFICIENT_SUPPORT
x040209	x038538	preferred	1000	0.000999000999	1	0	0	INSUFFICIENT_SUPPORT
x040209	x038539	preferred	1000	0.000999000999	1	0	0	INSUFFICIENT_SUPPORT
x040209	x041258	preferred	1000	0.000999000999	1	0	0	INSUFFICIENT_SUPPORT
x040209	x042104	preferred	1000	0.000999000999	1	0	0	INSUFFICIENT_SUPPORT
x040209	x042109	preferred	1000	0.000999000999	1	0	0	INSUFFICIENT_SUPPORT
x040210	x000107	preferred	1000	0.000999000999	1	0	0	INSUFFICIENT_SUPPORT
x040210	x001092	preferred	1000	0.000999000999	1	0	0	INSUFFICIENT_SUPPORT
x040210	x001424	preferred	1000	0.000999000999	1	0	0	INSUFFICIENT_SUPPORT
x040210	x001425	preferred	1000	0.000999000999	1	0	0	INSUFFICIENT_SUPPORT
x040210	x001430	preferred	1000	0.000999000999	1	0	0	INSUFFICIENT_SUPPORT
x040210	x002107	preferred	1000	0.000999000999	1	0	0	INSUFFICIENT_SUPPORT
x040210	x002339	preferred	1000	0.000999000999	1	0	0	INSUFFICIENT_SUPPORT
x040210	x002341	preferred	1000	0.000999000999	1	0	0	INSUFFICIENT_SUPPORT
x040210	x017892	preferred	1000	0.000999000999	1	0	0	INSUFFICIENT_SUPPORT
x040210	x018873	preferred	1000	0.000999000999	1	0	0	INSUFFICIENT_SUPPORT
x040210	x023920	preferred	1000	0.000999000999	1	0	0	INSUFFICIENT_SUPPORT
x040210	x024243	preferred	1000	0.000999000999	1	0	0	INSUFFICIENT_SUPPORT
x040210	x033096	preferred	1000	0.000999000999	1	0	0	INSUFFICIENT_SUPPORT
x040210	x037856	preferred	1000	0.000999000999	1	0	0	INSUFFICIENT_SUPPORT
x040210	x037858	preferred	1000	0.000999000999	1	0	0	INSUFFICIENT_SUPPORT
x040210	x037952	preferred	1000	0.000999000999	1	0	0	INSUFFICIENT_SUPPORT
x040210	x037955	preferred	1000	0.000999000999	1	0	0	INSUFFICIENT_SUPPORT
x040210	x038536	preferred	1000	0.000999000999	1	0	0	INSUFFICIENT_SUPPORT
x040210	x038537	preferred	1000	0.000999000999	1	0	0	INSUFFICIENT_SUPPORT
x040210	x038539	preferred	1000	0.000999000999	1	0	0	INSUFFICIENT_SUPPORT
x040210	x038543	preferred	1000	0.000999000999	1	0	0	INSUFFICIENT_SUPPORT
x040210	x041531	preferred	1000	0.000999000999	1	0	0	INSUFFICIENT_SUPPORT
x040211	x001427	preferred	1000	0.000999000999	1	0	0	INSUFFICIENT_SUPPORT
x040211	x018500	preferred	1000	0.000999000999	1	0	0	INSUFFICIENT_SUPPORT
x040211	x018873	preferred	1000	0.000999000999	1	0	0	INSUFFICIENT_SUPPORT
x040211	x037856	preferred	1000	0.000999000999	1	0	0	INSUFFICIENT_SUPPORT
x040211	x038265	preferred	1000	0.000999000999	1	0	0	INSUFFICIENT_SUPPORT
x040211	x038537	preferred	1000	0.000999000999	1	0	0	INSUFFICIENT_SUPPORT
x040211	x038538	preferred	1000	0.000999000999	1	0	0	INSUFFICIENT_SUPPORT
x040211	x040216	preferred	1000	0.000999000999	1	0	0	INSUFFICIENT_SUPPORT
x040211	x040217	preferred	1000	0.000999000999	1	0	0	INSUFFICIENT_SUPPORT
x040211	x042108	preferred	1000	0.000999000999	1	0	0	INSUFFICIENT_SUPPORT
x040212	x000106	preferred	1000	0.000999000999	1	0	0	INSUFFICIENT_SUPPORT
x040212	x001424	preferred	1000	0.000999000999	1	0	0	INSUFFICIENT_SUPPORT
x040212	x001425	preferred	1000	0.000999000999	1	0	0	INSUFFICIENT_SUPPORT
x040212	x001428	preferred	1000	0.000999000999	1	0	0	INSUFFICIENT_SUPPORT
x040212	x015284	preferred	1000	0.000999000999	1	0	0	INSUFFICIENT_SUPPORT
x040212	x017690	preferred	1000	0.000999000999	1	0	0	INSUFFICIENT_SUPPORT
x040212	x017890	preferred	1000	0.000999000999	1	0	0	INSUFFICIENT_SUPPORT
x040212	x018876	preferred	1000	0.000999000999	1	0	0	INSUFFICIENT_SUPPORT
x040212	x024242	preferred	1000	0.000999000999	1	0	0	INSUFFICIENT_SUPPORT
x040212	x024244	preferred	1000	0.000999000999	1	0	0	INSUFFICIENT_SUPPORT
x040212	x037862	preferred	1000	0.000999000999	1	0	0	INSUFFICIENT_SUPPORT
x040212	x038536	preferred	1000	0.000999000999	1	0	0	INSUFFICIENT_SUPPORT
x040212	x038542	preferred	1000	0.000999000999	1	0	0	INSUFFICIENT_SUPPORT
x040213	x001427	preferred	1000	0.000999000999	1	0	0	INSUFFICIENT_SUPPORT
x040213	x002340	preferred	1000	0.000999000999	1	0	0	INSUFFICIENT_SUPPORT
x040213	x017674	preferred	1000	0.000999000999	1	0	0	INSUFFICIENT_SUPPORT
x040213	x018498	preferred	1000	0.000999000999	1	0	0	INSUFFICIENT_SUPPORT
x040213	x018500	preferred	1000	0.000999000999	1	0	0	INSUFFICIENT_SUPPORT
x040213	x018876	preferred	1000	0.000999000999	1	0	0	INSUFFICIENT_SUPPORT
x040213	x019714	preferred	1000	0.000999000999	1	0	0	INSUFFICIENT_SUPPORT
x040213	x037859	preferred	1000	0.000999000999	1	0	0	INSUFFICIENT_SUPPORT
x040214	x001428	preferred	1000	0.000999000999	1	0	0	INSUFFICIENT_SUPPORT
x040214	x005105	preferred	1000	0.000999000999	1	0	0	INSUFFICIENT_SUPPORT
x040214	x005107	preferred	1000	0.000999000999	1	0	0	INSUFFICIENT_SUPPORT
x040214	x017893	preferred	1000	0.000999000999	1	0	0	INSUFFICIENT_SUPPORT
x040214	x024240	preferred	1000	0.000999000999	1	0	0	INSUFFICIENT_SUPPORT
x040214	x025548	preferred	1000	0.000999000999	1	0	0	INSUFFICIENT_SUPPORT
x040214	x037857	preferred	1000	0.000999000999	1	0	0	INSUFFICIENT_SUPPORT
x040214	x038540	preferred	1000	0.000999000999	1	0	0	INSUFFICIENT_SUPPORT
x040214	x042282	preferred	1000	0.000999000999	1	0	0	INSUFFICIENT_SUPPORT
x040216	x000104	preferred	1000	0.000999000999	1	0	0	INSUFFICIENT_SUPPORT
x040216	x000105	preferred	1000	0.000999000999	1	0	0	INSUFFICIENT_SUPPORT
x040216	x005074	preferred	1000	0.000999000999	1	0	0	INSUFFICIENT_SUPPORT
x040216	x017414	preferred	1000	0.000999000999	1	0	0	INSUFFICIENT_SUPPORT
x040216	x017674	preferred	1000	0.000999000999	1	0	0	INSUFFICIENT_SUPPORT
x040216	x017675	preferred	1000	0.000999000999	1	0	0	INSUFFICIENT_SUPPORT
x040216	x017676	preferred	1000	0.000999000999	1	0	0	INSUFFICIENT_SUPPORT
x040216	x017888	preferred	1000	0.000999000999	1	0	0	INSUFFICIENT_SUPPORT
x040216	x017889	preferred	1000	0.000999000999	1	0	0	INSUFFICIENT_SUPPORT
x040216	x017890	preferred	1000	0.000999000999	1	0	0	INSUFFICIENT_SUPPORT
x040216	x017895	preferred	1000	0.000999000999	1	0	0	INSUFFICIENT_SUPPORT
x040216	x020017	preferred	1000	0.000999000999	1	0	0	INSUFFICIENT_SUPPORT
x040216	x022954	preferred	1000	0.000999000999	1	0	0	INSUFFICIENT_SUPPORT
x040216	x022958	preferred	1000	0.000999000999	1	0	0	INSUFFICIENT_SUPPORT
x040216	x025761	preferred	1000	0.000999000999	1	0	0	INSUFFICIENT_SUPPORT
x040216	x025764	preferred	1000	0.000999000999	1	0	0	INSUFFICIENT_SUPPORT
x040216	x037853	preferred	1000	0.000999000999	1	0	0	INSUFFICIENT_SUPPORT
x040216	x037856	preferred	1000	0.000999000999	1	0	0	INSUFFICIENT_SUPPORT
x040216	x037857	preferred	1000	0.000999000999	1	0	0	INSUFFICIENT_SUPPORT
x040216	x037858	preferred	1000	0.000999000999	1	0	0	INSUFFICIENT_SUPPORT
x040216	x037859	preferred	1000	0.000999000999	1	0	0	INSUFFICIENT_SUPPORT
x040216	x037860	preferred	1000	0.000999000999	1	0	0	INSUFFICIENT_SUPPORT
x040216	x037861	preferred	1000	0.000999000999	1	0	0	INSUFFICIENT_SUPPORT
x040216	x037862	preferred	1000	0.000999000999	1	0	0	INSUFFICIENT_SUPPORT
x040216	x037863	preferred	1000	0.000999000999	1	0	0	INSUFFICIENT_SUPPORT
x040216	x038109	preferred	1000	0.000999000999	1	0	0	INSUFFICIENT_SUPPORT
x040216	x041658	preferred	1000	0.000999000999	1	0	0	INSUFFICIENT_SUPPORT
x040217	x000104	preferred	1000	0.000999000999	1	0	0	INSUFFICIENT_SUPPORT
x040217	x001088	preferred	1000	0.000999000999	1	0	0	INSUFFICIENT_SUPPORT
x040217	x017832	preferred	1000	0.000999000999	1	0	0	INSUFFICIENT_SUPPORT
x040217	x017889	preferred	1000	0.000999000999	1	0	0	INSUFFICIENT_SUPPORT
x040217	x017890	preferred	1000	0.000999000999	1	0	0	INSUFFICIENT_SUPPORT
x040217	x020016	preferred	1000	0.000999000999	1	0	0	INSUFFICIENT_SUPPORT
x040217	x020018	preferred	1000	0.000999000999	1	0	0	INSUFFICIENT_SUPPORT
x040217	x020022	preferred	1000	0.000999000999	1	0	0	INSUFFICIENT_SUPPORT
x040217	x024244	preferred	1000	0.000999000999	1	0	0	INSUFFICIENT_SUPPORT
x040217	x025760	preferred	1000	0.000999000999	1	0	0	INSUFFICIENT_SUPPORT
x040217	x037856	preferred	1000	0.000999000999	1	0	0	INSUFFICIENT_SUPPORT
x040217	x037857	preferred	1000	0.000999000999	1	0	0	INSUFFICIENT_SUPPORT
x040217	x037858	preferred	1000	0.000999000999	1	0	0	INSUFFICIENT_SUPPORT
x040217	x037859	preferred	1000	0.000999000999	1	0	0	INSUFFICIENT_SUPPORT
x040217	x037861	preferred	1000	0.000999000999	1	0	0	INSUFFICIENT_SUPPORT
x040217	x037896	preferred	1000	0.000999000999	1	0	0	INSUFFICIENT_SUPPORT
x040217	x040256	preferred	1000	0.000999000999	1	0	0	INSUFFICIENT_SUPPORT
x040217	x040259	preferred	1000	0.000999000999	1	0	0	INSUFFICIENT_SUPPORT
x040217	x042800	preferred	1000	0.000999000999	1	0	0	INSUFFICIENT_SUPPORT
x040217	x042816	preferred	1000	0.000999000999	1	0	0	INSUFFICIENT_SUPPORT
x040218	x000106	preferred	1000	0.000999000999	1	0	0	INSUFFICIENT_SUPPORT
x040218	x000107	preferred	1000	0.000999000999	1	0	0	INSUFFICIENT_SUPPORT
x040218	x002104	preferred	1000	0.000999000999	1	0	0	INSUFFICIENT_SUPPORT
x040218	x017888	preferred	1000	0.000999000999	1	0	0	INSUFFICIENT_SUPPORT
x040218	x017895	preferred	1000	0.000999000999	1	0	0	INSUFFICIENT_SUPPORT
x040218	x020016	preferred	1000	0.000999000999	1	0	0	INSUFFICIENT_SUPPORT
x040218	x022952	preferred	1000	0.000999000999	1	0	0	INSUFFICIENT_SUPPORT
x040218	x022953	preferred	1000	0.000999000999	1	0	0	INSUFFICIENT_SUPPORT
x040218	x024073	preferred	1000	0.000999000999	1	0	0	INSUFFICIENT_SUPPORT
x040218	x024244	preferred	1000	0.000999000999	1	0	0	INSUFFICIENT_SUPPORT
x040218	x024248	preferred	1000	0.000999000999	1	0	0	INSUFFICIENT_SUPPORT
x040218	x037848	preferred	1000	0.000999000999	1	0	0	INSUFFICIENT_SUPPORT
x040218	x037853	preferred	1000	0.000999000999	1	0	0	INSUFFICIENT_SUPPORT
x040218	x037856	preferred	1000	0.000999000999	1	0	0	INSUFFICIENT_SUPPORT
x040218	x037857	preferred	1000	0.000999000999	1	0	0	INSUFFICIENT_SUPPORT
x040218	x037858	preferred	1000	0.000999000999	1	0	0	INSUFFICIENT_SUPPORT
x040218	x037859	preferred	1000	0.000999000999	1	0	0	INSUFFICIENT_SUPPORT
x040218	x037860	preferred	1000	0.000999000999	1	0	0	INSUFFICIENT_SUPPORT
x040218	x037861	preferred	1000	0.000999000999	1	0	0	INSUFFICIENT_SUPPORT
x040218	x037862	preferred	1000	0.000999000999	1	0	0	INSUFFICIENT_SUPPORT
x040218	x037897	preferred	1000	0.000999000999	1	0	0	INSUFFICIENT_SUPPORT
x040218	x037898	preferred	1000	0.000999000999	1	0	0	INSUFFICIENT_SUPPORT
x040218	x039660	preferred	1000	0.000999000999	1	0	0	INSUFFICIENT_SUPPORT
x040218	x040256	preferred	1000	0.000999000999	1	0	0	INSUFFICIENT_SUPPORT
x040218	x042804	preferred	1000	0.000999000999	1	0	0	INSUFFICIENT_SUPPORT
x040219	x000104	preferred	1000	0.000999000999	1	0	0	INSUFFICIENT_SUPPORT
x040219	x017673	preferred	1000	0.000999000999	1	0	0	INSUFFICIENT_SUPPORT
x040219	x017833	preferred	1000	0.000999000999	1	0	0	INSUFFICIENT_SUPPORT
x040219	x017888	preferred	1000	0.000999000999	1	0	0	INSUFFICIENT_SUPPORT
x040219	x017890	preferred	1000	0.000999000999	1	0	0	INSUFFICIENT_SUPPORT
x040219	x017893	preferred	1000	0.000999000999	1	0	0	INSUFFICIENT_SUPPORT
x040219	x022953	preferred	1000	0.000999000999	1	0	0	INSUFFICIENT_SUPPORT
x040219	x024240	preferred	1000	0.000999000999	1	0	0	INSUFFICIENT_SUPPORT
x040219	x025545	preferred	1000	0.000999000999	1	0	0	INSUFFICIENT_SUPPORT
x040219	x037856	preferred	1000	0.000999000999	1	0	0	INSUFFICIENT_SUPPORT
x040219	x037857	preferred	1000	0.000999000999	1	0	0	INSUFFICIENT_SUPPORT
x040219	x037858	preferred	1000	0.000999000999	1	0	0	INSUFFICIENT_SUPPORT
x040219	x037859	preferred	1000	0.000999000999	1	0	0	INSUFFICIENT_SUPPORT
x040219	x037860	preferred	1000	0.000999000999	1	0	0	INSUFFICIENT_SUPPORT
x040219	x040256	preferred	1000	0.000999000999	1	0	0	INSUFFICIENT_SUPPORT
x040219	x041656	preferred	1000	0.000999000999	1	0	0	INSUFFICIENT_SUPPORT
x040219	x041659	preferred	1000	0.000999000999	1	0	0	INSUFFICIENT_SUPPORT
x040219	x042801	preferred	1000	0.000999000999	1	0	0	INSUFFICIENT_SUPPORT
x040220	x000106	preferred	1000	0.000999000999	1	0	0	INSUFFICIENT_SUPPORT
x040220	x017673	preferred	1000	0.000999000999	1	0	0	INSUFFICIENT_SUPPORT
x040220	x017889	preferred	1000	0.000999000999	1	0	0	INSUFFICIENT_SUPPORT
x040220	x017890	preferred	1000	0.000999000999	1	0	0	INSUFFICIENT_SUPPORT
x040220	x020018	preferred	1000	0.000999000999	1	0	0	INSUFFICIENT_SUPPORT
x040220	x024243	preferred	1000	0.000999000999	1	0	0	INSUFFICIENT_SUPPORT
x040220	x037856	preferred	1000	0.000999000999	1	0	0	INSUFFICIENT_SUPPORT
x040220	x037857	preferred	1000	0.000999000999	1	0	0	INSUFFICIENT_SUPPORT
x040220	x037858	preferred	1000	0.000999000999	1	0	0	INSUFFICIENT_SUPPORT
x040220	x037859	preferred	1000	0.000999000999	1	0	0	INSUFFICIENT_SUPPORT
x040220	x037860	preferred	1000	0.000999000999	1	0	0	INSUFFICIENT_SUPPORT
x040220	x037861	preferred	1000	0.000999000999	1	0	0	INSUFFICIENT_SUPPORT
x040220	x037862	preferred	1000	0.000999000999	1	0	0	INSUFFICIENT_SUPPORT
x040220	x040256	preferred	1000	0.000999000999	1	0	0	INSUFFICIENT_SUPPORT
x040220	x041656	preferred	1000	0.000999000999	1	0	0	INSUFFICIENT_SUPPORT
x040220	x042818	preferred	1000	0.000999000999	1	0	0	INSUFFICIENT_SUPPORT
x040221	x017672	preferred	1000	0.000999000999	1	0	0	INSUFFICIENT_SUPPORT
x040221	x020016	preferred	1000	0.000999000999	1	0	0	INSUFFICIENT_SUPPORT
x040221	x025765	preferred	1000	0.000999000999	1	0	0	INSUFFICIENT_SUPPORT
x040221	x037857	preferred	1000	0.000999000999	1	0	0	INSUFFICIENT_SUPPORT
x040221	x037858	preferred	1000	0.000999000999	1	0	0	INSUFFICIENT_SUPPORT
x040221	x037859	preferred	1000	0.000999000999	1	0	0	INSUFFICIENT_SUPPORT
x040222	x000107	preferred	1000	0.000999000999	1	0	0	INSUFFICIENT_SUPPORT
x040222	x017835	preferred	1000	0.000999000999	1	0	0	INSUFFICIENT_SUPPORT
x040222	x017894	preferred	1000	0.000999000999	1	0	0	INSUFFICIENT_SUPPORT
x040222	x037856	preferred	1000	0.000999000999	1	0	0	INSUFFICIENT_SUPPORT
x040222	x037857	preferred	1000	0.000999000999	1	0	0	INSUFFICIENT_SUPPORT
x040222	x037858	preferred	1000	0.000999000999	1	0	0	INSUFFICIENT_SUPPORT
x040222	x037860	preferred	1000	0.000999000999	1	0	0	INSUFFICIENT_SUPPORT
x040256	x000108	preferred	1000	0.000999000999	1	0	0	INSUFFICIENT_SUPPORT
x040256	x002337	preferred	1000	0.000999000999	1	0	0	INSUFFICIENT_SUPPORT
x040256	x014828	preferred	1000	0.000999000999	1	0	0	INSUFFICIENT_SUPPORT
x040256	x018497	preferred	1000	0.000999000999	1	0	0	INSUFFICIENT_SUPPORT
x040256	x018499	preferred	1000	0.000999000999	1	0	0	INSUFFICIENT_SUPPORT
x040256	x018561	preferred	1000	0.000999000999	1	0	0	INSUFFICIENT_SUPPORT
x040256	x020017	preferred	1000	0.000999000999	1	0	0	INSUFFICIENT_SUPPORT
x040256	x025544	preferred	1000	0.000999000999	1	0	0	INSUFFICIENT_SUPPORT
x040256	x025761	preferred	1000	0.000999000999	1	0	0	INSUFFICIENT_SUPPORT
x040256	x025784	preferred	1000	0.000999000999	1	0	0	INSUFFICIENT_SUPPORT
x040256	x037955	preferred	1000	0.000999000999	1	0	0	INSUFFICIENT_SUPPORT
x040256	x038105	preferred	1000	0.000999000999	1	0	0	INSUFFICIENT_SUPPORT
x040256	x038536	preferred	1000	0.000999000999	1	0	0	INSUFFICIENT_SUPPORT
x040256	x038539	preferred	1000	0.000999000999	1	0	0	INSUFFICIENT_SUPPORT
x040256	x038540	preferred	1000	0.000999000999	1	0	0	INSUFFICIENT_SUPPORT
x040256	x041530	preferred	1000	0.000999000999	1	0	0	INSUFFICIENT_SUPPORT
x040256	x041585	preferred	1000	0.000999000999	1	0	0	INSUFFICIENT_SUPPORT
x040256	x042109	preferred	1000	0.000999000999	1	0	0	INSUFFICIENT_SUPPORT
x040256	x042800	preferred	1000	0.000999000999	1	0	0	INSUFFICIENT_SUPPORT
x040257	x001089	preferred	1000	0.000999000999	1	0	0	INSUFFICIENT_SUPPORT
x040257	x002106	preferred	1000	0.000999000999	1	0	0	INSUFFICIENT_SUPPORT
x040257	x002108	preferred	1000	0.000999000999	1	0	0	INSUFFICIENT_SUPPORT
x040257	x002109	preferred	1000	0.000999000999	1	0	0	INSUFFICIENT_SUPPORT
x040257	x002336	preferred	1000	0.000999000999	1	0	0	INSUFFICIENT_SUPPORT
x040257	x002338	preferred	1000	0.000999000999	1	0	0	INSUFFICIENT_SUPPORT
x040257	x011064	preferred	1000	0.000999000999	1	0	0	INSUFFICIENT_SUPPORT
x040257	x015280	preferred	1000	0.000999000999	1	0	0	INSUFFICIENT_SUPPORT
x040257	x015284	preferred	1000	0.000999000999	1	0	0	INSUFFICIENT_SUPPORT
x040257	x017376	preferred	1000	0.000999000999	1	0	0	INSUFFICIENT_SUPPORT
x040257	x018561	preferred	1000	0.000999000999	1	0	0	INSUFFICIENT_SUPPORT
x040257	x018873	preferred	1000	0.000999000999	1	0	0	INSUFFICIENT_SUPPORT
x040257	x019713	preferred	1000	0.000999000999	1	0	0	INSUFFICIENT_SUPPORT
x040257	x020018	preferred	1000	0.000999000999	1	0	0	INSUFFICIENT_SUPPORT
x040257	x020023	preferred	1000	0.000999000999	1	0	0	INSUFFICIENT_SUPPORT
x040257	x025784	preferred	1000	0.000999000999	1	0	0	INSUFFICIENT_SUPPORT
x040257	x037848	preferred	1000	0.000999000999	1	0	0	INSUFFICIENT_SUPPORT
x040257	x037860	preferred	1000	0.000999000999	1	0	0	INSUFFICIENT_SUPPORT
x040257	x037912	preferred	1000	0.000999000999	1	0	0	INSUFFICIENT_SUPPORT
x040257	x038537	preferred	1000	0.000999000999	1	0	0	INSUFFICIENT_SUPPORT
x040258	x001890	preferred	1000	0.000999000999	1	0	0	INSUFFICIENT_SUPPORT
x040258	x002339	preferred	1000	0.000999000999	1	0	0	INSUFFICIENT_SUPPORT
x040258	x015283	preferred	1000	0.000999000999	1	0	0	INSUFFICIENT_SUPPORT
x040258	x017995	preferred	1000	0.000999000999	1	0	0	INSUFFICIENT_SUPPORT
x040258	x018257	preferred	1000	0.000999000999	1	0	0	INSUFFICIENT_SUPPORT
x040258	x018872	preferred	1000	0.000999000999	1	0	0	INSUFFICIENT_SUPPORT
x040258	x018878	preferred	1000	0.000999000999	1	0	0	INSUFFICIENT_SUPPORT
x040258	x020017	preferred	1000	0.000999000999	1	0	0	INSUFFICIENT_SUPPORT
x040258	x025011	preferred	1000	0.000999000999	1	0	0	INSUFFICIENT_SUPPORT
x040258	x025531	preferred	1000	0.000999000999	1	0	0	INSUFFICIENT_SUPPORT
x040258	x032440	preferred	1000	0.000999000999	1	0	0	INSUFFICIENT_SUPPORT
x040258	x033100	preferred	1000	0.000999000999	1	0	0	INSUFFICIENT_SUPPORT
x040258	x037850	preferred	1000	0.000999000999	1	0	0	INSUFFICIENT_SUPPORT
x040258	x037853	preferred	1000	0.000999000999	1	0	0	INSUFFICIENT_SUPPORT
x040258	x037856	preferred	1000	0.000999000999	1	0	0	INSUFFICIENT_SUPPORT
x040258	x038537	preferred	1000	0.000999000999	1	0	0	INSUFFICIENT_SUPPORT
x040258	x038539	preferred	1000	0.000999000999	1	0	0	INSUFFICIENT_SUPPORT
x040258	x041258	preferred	1000	0.000999000999	1	0	0	INSUFFICIENT_SUPPORT
x040258	x041532	preferred	1000	0.000999000999	1	0	0	INSUFFICIENT_SUPPORT
x040258	x041584	preferred	1000	0.000999000999	1	0	0	INSUFFICIENT_SUPPORT
x040259	x001425	preferred	1000	0.000999000999	1	0	0	INSUFFICIENT_SUPPORT
x040259	x001892	preferred	1000	0.000999000999	1	0	0	INSUFFICIENT_SUPPORT
x040259	x015283	preferred	1000	0.000999000999	1	0	0	INSUFFICIENT_SUPPORT
x040259	x018257	preferred	1000	0.000999000999	1	0	0	INSUFFICIENT_SUPPORT
x040259	x018876	preferred	1000	0.000999000999	1	0	0	INSUFFICIENT_SUPPORT
x040259	x023922	preferred	1000	0.000999000999	1	0	0	INSUFFICIENT_SUPPORT
x040259	x025533	preferred	1000	0.000999000999	1	0	0	INSUFFICIENT_SUPPORT
x040259	x032443	preferred	1000	0.000999000999	1	0	0	INSUFFICIENT_SUPPORT
x040259	x037857	preferred	1000	0.000999000999	1	0	0	INSUFFICIENT_SUPPORT
x040259	x037956	preferred	1000	0.000999000999	1	0	0	INSUFFICIENT_SUPPORT
x040259	x038537	preferred	1000	0.000999000999	1	0	0	INSUFFICIENT_SUPPORT
x040259	x040219	preferred	1000	0.000999000999	1	0	0	INSUFFICIENT_SUPPORT
x040259	x041258	preferred	1000	0.000999000999	1	0	0	INSUFFICIENT_SUPPORT
x040259	x042107	preferred	1000	0.000999000999	1	0	0	INSUFFICIENT_SUPPORT
x040260	x001088	preferred	1000	0.000999000999	1	0	0	INSUFFICIENT_SUPPORT
x040260	x001425	preferred	1000	0.000999000999	1	0	0	INSUFFICIENT_SUPPORT
x040260	x014825	preferred	1000	0.000999000999	1	0	0	INSUFFICIENT_SUPPORT
x040260	x020019	preferred	1000	0.000999000999	1	0	0	INSUFFICIENT_SUPPORT
x040260	x024801	preferred	1000	0.000999000999	1	0	0	INSUFFICIENT_SUPPORT
x040260	x025532	preferred	1000	0.000999000999	1	0	0	INSUFFICIENT_SUPPORT
x040260	x025786	preferred	1000	0.000999000999	1	0	0	INSUFFICIENT_SUPPORT
x040260	x034497	preferred	1000	0.000999000999	1	0	0	INSUFFICIENT_SUPPORT
x040260	x037860	preferred	1000	0.000999000999	1	0	0	INSUFFICIENT_SUPPORT
x040632	x041441	preferred	1000	0.000999000999	1	0	0	INSUFFICIENT_SUPPORT
x040633	x009305	preferred	1000	0.000999000999	1	0	0	INSUFFICIENT_SUPPORT
x040633	x013721	preferred	1000	0.000999000999	1	0	0	INSUFFICIENT_SUPPORT
x040633	x022521	preferred	1000	0.000999000999	1	0	0	INSUFFICIENT_SUPPORT
x040633	x034243	preferred	1000	0.000999000999	1	0	0	INSUFFICIENT_SUPPORT
x040634	x013425	preferred	1000	0.000999000999	1	0	0	INSUFFICIENT_SUPPORT
x040634	x024088	preferred	1000	0.000999000999	1	0	0	INSUFFICIENT_SUPPORT
x040635	x041440	preferred	1000	0.000999000999	1	0	0	INSUFFICIENT_SUPPORT
x040635	x041441	preferred	1000	0.000999000999	1	0	0	INSUFFICIENT_SUPPORT
x040636	x016264	preferred	1000	0.000999000999	1	0	0	INSUFFICIENT_SUPPORT
x040636	x021562	preferred	1000	0.000999000999	1	0	0	INSUFFICIENT_SUPPORT
x040636	x041442	preferred	1000	0.000999000999	1	0	0	INSUFFICIENT_SUPPORT
x041112	x000105	depleted	1000	0.8851148851	1	1	0.267207584	EXPECTED_FROM_NULL
x041112	x000106	depleted	1000	0.8911088911	1	0	0.3828986961	EXPECTED_FROM_NULL
x041112	x000107	depleted	1000	0.961038961	1	0	0.5734161225	EXPECTED_FROM_NULL
x041112	x000108	depleted	1000	0.9280719281	1	0	0.3374587308	EXPECTED_FROM_NULL
x041112	x000109	preferred	10000	0.00099990001	0.09202558005	0.6666666667	0.4168053182	EXPECTED_FROM_NULL
x041112	x000110	depleted	1000	0.9480519481	1	0	0.2893707512	EXPECTED_FROM_NULL
x041112	x001635	preferred	1000	1	1	0	0.214515609	EXPECTED_FROM_NULL
x041112	x002104	depleted	1000	0.98001998	1	0	0.3434352935	EXPECTED_FROM_NULL
x041112	x002109	preferred	1000	1	1	0	0.3409705666	EXPECTED_FROM_NULL
x041112	x015056	preferred	1000	1	1	0	0.214515609	EXPECTED_FROM_NULL
x041112	x016264	preferred	1000	0.01198801199	0.2517482517	1	0.214515609	EXPECTED_FROM_NULL
x041112	x017410	preferred	1000	0.03096903097	0.2551656488	1	0.4497750948	EXPECTED_FROM_NULL
x041112	x017411	preferred	1000	1	1	0	0.404375946	EXPECTED_FROM_NULL
x041112	x018498	depleted	1000	0.975024975	1	0	0.3700068538	EXPECTED_FROM_NULL
x041112	x018872	depleted	1000	0.962037962	1	0	0.4248820312	EXPECTED_FROM_NULL
x041112	x018873	depleted	1000	0.979020979	1	0	0.3148706183	EXPECTED_FROM_NULL
x041112	x018874	depleted	1000	1	1	1	0.5323520553	EXPECTED_FROM_NULL
x041112	x018875	depleted	1000	0.9480519481	1	0	0.2695228847	EXPECTED_FROM_NULL
x041112	x018876	depleted	1000	0.999000999	1	1	0.3457887836	EXPECTED_FROM_NULL
x041112	x020017	depleted	1000	0.952047952	1	0	0.3833764713	EXPECTED_FROM_NULL
x041112	x021788	preferred	1000	1	1	0	0.2638294975	EXPECTED_FROM_NULL
x041112	x024088	preferred	1000	1	1	0	0.2638294975	EXPECTED_FROM_NULL
x041112	x024800	preferred	1000	1	1	0	0.214515609	EXPECTED_FROM_NULL
x041112	x024802	preferred	1000	1	1	0	0.4193150588	EXPECTED_FROM_NULL
x041112	x024803	preferred	1000	1	1	0	0.3396225754	EXPECTED_FROM_NULL
x041112	x024928	preferred	1000	1	1	0	0.3648727032	EXPECTED_FROM_NULL
x041112	x024929	preferred	1000	0.02897102897	0.2551656488	1	0.342584479	EXPECTED_FROM_NULL
x041112	x025532	preferred	1000	1	1	0	0.2638294975	EXPECTED_FROM_NULL
x041112	x037848	depleted	1000	0.975024975	1	1	0.4116176741	EXPECTED_FROM_NULL
x041112	x037851	depleted	1000	0.983016983	1	0	0.3389213383	EXPECTED_FROM_NULL
x041112	x037852	depleted	1000	0.95004995	1	0	0.370605522	EXPECTED_FROM_NULL
x041112	x037855	preferred	1000	1	1	0	0.317864128	EXPECTED_FROM_NULL
x041112	x037856	depleted	1000	0.958041958	1	1	0.2683826597	EXPECTED_FROM_NULL
x041112	x037857	depleted	1000	0.966033966	1	1	0.2386634956	EXPECTED_FROM_NULL
x041112	x037858	depleted	1000	0.8161838162	1	0	0.229718351	EXPECTED_FROM_NULL
x041112	x037860	depleted	1000	0.9050949051	1	0	0.338633498	EXPECTED_FROM_NULL
x041112	x038540	preferred	1000	1	1	0	0.3434252636	EXPECTED_FROM_NULL
x041112	x038541	depleted	1000	0.965034965	1	0	0.4133962017	EXPECTED_FROM_NULL
x041112	x040632	preferred	1000	1	1	0	0.214515609	EXPECTED_FROM_NULL
x041112	x041528	preferred	1000	1	1	0	0.2620693613	EXPECTED_FROM_NULL
x041113	x000104	depleted	1000	0.8721278721	1	0	0.2470113299	EXPECTED_FROM_NULL
x041113	x000106	depleted	1000	0.8551448551	1	0	0.3581283705	EXPECTED_FROM_NULL
x041113	x000107	depleted	1000	0.8781218781	1	0	0.2878410239	EXPECTED_FROM_NULL
x041113	x000108	preferred	1000	0.06793206793	0.3251187315	1	0.4393837368	EXPECTED_FROM_NULL
x041113	x000110	preferred	1000	1	1	0	0.3167705046	EXPECTED_FROM_NULL
x041113	x000164	preferred	1000	1	1	0	0.4303003796	EXPECTED_FROM_NULL
x041113	x001088	preferred	1000	1	1	0	0.2982027748	EXPECTED_FROM_NULL
x041113	x001393	preferred	1000	1	1	0	0.3147273409	EXPECTED_FROM_NULL
x041113	x001394	preferred	1000	1	1	0	0.2453221864	EXPECTED_FROM_NULL
x041113	x001430	preferred	1000	0.01698301698	0.2517482517	1	0.3969549546	EXPECTED_FROM_NULL
x041113	x002104	depleted	1000	0.969030969	1	0	0.442627904	EXPECTED_FROM_NULL
x041113	x002338	preferred	1000	0.02897102897	0.2551656488	1	0.3969474557	EXPECTED_FROM_NULL
x041113	x011176	preferred	1000	1	1	1	0.2203605161	EXPECTED_FROM_NULL
x041113	x014362	preferred	1000	0.01698301698	0.2517482517	1	0.2480928539	EXPECTED_FROM_NULL
x041113	x017411	preferred	1000	1	1	1	0.6349835819	EXPECTED_FROM_NULL
x041113	x017998	preferred	1000	1	1	0	0.2047441524	EXPECTED_FROM_NULL
x041113	x018257	preferred	1000	1	1	0	0.3147273409	EXPECTED_FROM_NULL
x041113	x018498	depleted	1000	0.9160839161	1	0	0.2830942792	EXPECTED_FROM_NULL
x041113	x018499	depleted	1000	0.8491508492	1	0	0.3971887675	EXPECTED_FROM_NULL
x041113	x018875	depleted	1000	0.967032967	1	0	0.4210554498	EXPECTED_FROM_NULL
x041113	x018876	preferred	1000	1	1	0	0.3703651185	EXPECTED_FROM_NULL
x041113	x018877	preferred	1000	1	1	0	0.4119521496	EXPECTED_FROM_NULL
x041113	x020016	depleted	1000	0.9350649351	1	0	0.3533255986	EXPECTED_FROM_NULL
x041113	x020328	preferred	1000	1	1	0	0.2384354575	EXPECTED_FROM_NULL
x041113	x021277	preferred	1000	1	1	1	0.2047441524	EXPECTED_FROM_NULL
x041113	x024248	preferred	1000	1	1	0	0.2047441524	EXPECTED_FROM_NULL
x041113	x024667	preferred	10000	0.01279872013	0.2517482517	1	0.3147273409	EXPECTED_FROM_NULL
x041113	x024800	preferred	1000	1	1	1	0.2883489772	EXPECTED_FROM_NULL
x041113	x024803	preferred	1000	0.03996003996	0.2670057216	1	0.3428511222	EXPECTED_FROM_NULL
x041113	x025528	preferred	1000	0.02997002997	0.2551656488	1	0.4869297879	EXPECTED_FROM_NULL
x041113	x025546	preferred	1000	1	1	1	0.2480928539	EXPECTED_FROM_NULL
x041113	x025552	preferred	1000	1	1	0	0.2047441524	EXPECTED_FROM_NULL
x041113	x034496	preferred	1000	0.04395604396	0.2720647773	1	0.4252099325	EXPECTED_FROM_NULL
x041113	x034673	preferred	1000	1	1	0	0.2480928539	EXPECTED_FROM_NULL
x041113	x037856	depleted	1000	0.7632367632	1	0	0.2959859665	EXPECTED_FROM_NULL
x041113	x037857	depleted	1000	0.7372627373	1	0	0.2639991497	EXPECTED_FROM_NULL
x041113	x037860	depleted	1000	0.8861138861	1	0	0.3373480574	EXPECTED_FROM_NULL
x041113	x038537	depleted	1000	0.951048951	1	0	0.3128101685	EXPECTED_FROM_NULL
x041113	x038538	depleted	1000	0.8881118881	1	1	0.3166076382	EXPECTED_FROM_NULL
x041113	x038542	preferred	1000	1	1	1	0.4303003796	EXPECTED_FROM_NULL
x041113	x040209	preferred	1000	1	1	0	0.2480928539	EXPECTED_FROM_NULL
x041113	x041441	preferred	1000	1	1	0	0.4174643122	EXPECTED_FROM_NULL
x041114	x000104	depleted	1000	0.98001998	1	0	0.795836484	INSUFFICIENT_SUPPORT
x041114	x000105	depleted	1000	0.9290709291	1	0	0.5363577433	INSUFFICIENT_SUPPORT
x041114	x000106	depleted	1000	0.997002997	1	1	0.9866484908	INSUFFICIENT_SUPPORT
x041114	x000107	preferred	1000	1	1	0	0.7898748237	INSUFFICIENT_SUPPORT
x041114	x000109	depleted	1000	0.969030969	1	0	0.5407707022	INSUFFICIENT_SUPPORT
x041114	x002104	depleted	1000	1	1	0	0.71978996	INSUFFICIENT_SUPPORT
x041114	x002105	depleted	1000	0.988011988	1	0	0.6750458233	INSUFFICIENT_SUPPORT
x041114	x002107	preferred	1000	1	1	0	0.8689631052	INSUFFICIENT_SUPPORT
x041114	x002336	depleted	1000	0.975024975	1	0	0.795836484	INSUFFICIENT_SUPPORT
x041114	x017408	preferred	1000	0.02597402597	1	1	0.7945481606	INSUFFICIENT_SUPPORT
x041114	x018874	depleted	1000	0.98001998	1	0	0.6331153268	INSUFFICIENT_SUPPORT
x041114	x018875	preferred	1000	0.03596403596	1	1	0.5189560393	INSUFFICIENT_SUPPORT
x041114	x018876	preferred	1000	1	1	0	0.5928523029	INSUFFICIENT_SUPPORT
x041114	x020018	depleted	1000	0.988011988	1	0	0.8402024177	INSUFFICIENT_SUPPORT
x041114	x023864	preferred	1000	1	1	0	0.5115364084	INSUFFICIENT_SUPPORT
x041114	x024088	preferred	1000	1	1	0	0.5115364084	INSUFFICIENT_SUPPORT
x041114	x024241	depleted	1000	0.969030969	1	0	0.7041659487	INSUFFICIENT_SUPPORT
x041114	x024243	preferred	1000	0.01198801199	1	1	0.5115364084	INSUFFICIENT_SUPPORT
x041114	x024246	preferred	1000	1	1	0	0.8689631052	INSUFFICIENT_SUPPORT
x041114	x024801	preferred	1000	0.01498501499	1	1	0.5115364084	INSUFFICIENT_SUPPORT
x041114	x024804	preferred	1000	1	1	0	0.5115364084	INSUFFICIENT_SUPPORT
x041114	x024806	preferred	1000	1	1	0	0.5115364084	INSUFFICIENT_SUPPORT
x041114	x025392	depleted	1000	0.955044955	1	0	0.5363577433	INSUFFICIENT_SUPPORT
x041114	x025546	preferred	1000	1	1	0	0.5928523029	INSUFFICIENT_SUPPORT
x041114	x025554	preferred	1000	1	1	0	0.5115364084	INSUFFICIENT_SUPPORT
x041114	x025760	preferred	1000	1	1	0	0.9100090028	INSUFFICIENT_SUPPORT
x041114	x025789	preferred	1000	1	1	0	0.8689631052	INSUFFICIENT_SUPPORT
x041114	x034672	preferred	1000	0.02897102897	1	1	0.6423121257	INSUFFICIENT_SUPPORT
x041114	x034673	preferred	1000	1	1	0	0.5115364084	INSUFFICIENT_SUPPORT
x041114	x034675	preferred	1000	1	1	0	0.5115364084	INSUFFICIENT_SUPPORT
x041114	x037852	preferred	1000	1	1	0	0.7697462888	INSUFFICIENT_SUPPORT
x041114	x037853	preferred	1000	1	1	0	0.8689631052	INSUFFICIENT_SUPPORT
x041114	x037857	depleted	1000	0.8351648352	1	0	0.59480268	INSUFFICIENT_SUPPORT
x041114	x037858	depleted	1000	0.9270729271	1	0	0.6690703493	INSUFFICIENT_SUPPORT
x041114	x037859	depleted	1000	0.9130869131	1	0	0.5680021548	INSUFFICIENT_SUPPORT
x041114	x038536	depleted	1000	0.971028971	1	0	0.5564431059	INSUFFICIENT_SUPPORT
x041114	x038537	depleted	1000	0.998001998	1	1	0.795836484	INSUFFICIENT_SUPPORT
x041114	x038539	preferred	1000	0.03996003996	1	1	0.7147532667	INSUFFICIENT_SUPPORT
x041114	x040217	preferred	1000	1	1	0	0.5928523029	INSUFFICIENT_SUPPORT
x041114	x040636	preferred	1000	1	1	0	0.9100090028	INSUFFICIENT_SUPPORT
x041115	x000104	depleted	1000	0.973026973	1	0	1	INSUFFICIENT_SUPPORT
x041115	x000105	depleted	1000	0.968031968	1	0	1	INSUFFICIENT_SUPPORT
x041115	x000106	preferred	1000	1	1	0	1	INSUFFICIENT_SUPPORT
x041115	x000107	depleted	1000	0.959040959	1	0	1	INSUFFICIENT_SUPPORT
x041115	x000108	depleted	1000	0.979020979	1	0	1	INSUFFICIENT_SUPPORT
x041115	x000109	preferred	1000	1	1	0	1	INSUFFICIENT_SUPPORT
x041115	x000110	preferred	1000	0.02497502498	1	1	1	INSUFFICIENT_SUPPORT
x041115	x000161	preferred	1000	1	1	0	1	INSUFFICIENT_SUPPORT
x041115	x001088	depleted	1000	1	1	0	1	INSUFFICIENT_SUPPORT
x041115	x001398	preferred	1000	1	1	0	1	INSUFFICIENT_SUPPORT
x041115	x005075	preferred	1000	1	1	0	1	INSUFFICIENT_SUPPORT
x041115	x015056	preferred	1000	1	1	0	1	INSUFFICIENT_SUPPORT
x041115	x016969	preferred	1000	1	1	0	1	INSUFFICIENT_SUPPORT
x041115	x017409	depleted	1000	0.981018981	1	0	1	INSUFFICIENT_SUPPORT
x041115	x018874	depleted	1000	1	1	0	1	INSUFFICIENT_SUPPORT
x041115	x020018	depleted	1000	0.987012987	1	0	1	INSUFFICIENT_SUPPORT
x041115	x020019	preferred	1000	1	1	0	1	INSUFFICIENT_SUPPORT
x041115	x023865	preferred	1000	1	1	0	1	INSUFFICIENT_SUPPORT
x041115	x024806	preferred	1000	1	1	0	1	INSUFFICIENT_SUPPORT
x041115	x025394	preferred	1000	1	1	0	1	INSUFFICIENT_SUPPORT
x041115	x025395	depleted	1000	1	1	0	1	INSUFFICIENT_SUPPORT
x041115	x025528	depleted	1000	0.989010989	1	0	1	INSUFFICIENT_SUPPORT
x041115	x025531	preferred	1000	1	1	0	1	INSUFFICIENT_SUPPORT
x041115	x025533	preferred	1000	1	1	0	1	INSUFFICIENT_SUPPORT
x041115	x025544	preferred	1000	0.01498501499	1	1	1	INSUFFICIENT_SUPPORT
x041115	x025545	preferred	1000	1	1	0	1	INSUFFICIENT_SUPPORT
x041115	x037852	preferred	1000	0.03096903097	1	1	1	INSUFFICIENT_SUPPORT
x041115	x037856	depleted	1000	0.8601398601	1	0	1	INSUFFICIENT_SUPPORT
x041115	x037857	depleted	1000	0.9290709291	1	0	1	INSUFFICIENT_SUPPORT
x041115	x037858	depleted	1000	0.9490509491	1	0	1	INSUFFICIENT_SUPPORT
x041115	x037859	depleted	1000	0.955044955	1	0	1	INSUFFICIENT_SUPPORT
x041115	x037861	preferred	1000	1	1	0	1	INSUFFICIENT_SUPPORT
x041115	x038107	preferred	1000	1	1	0	1	INSUFFICIENT_SUPPORT
x041115	x038536	depleted	1000	0.977022977	1	0	1	INSUFFICIENT_SUPPORT
x041115	x038539	depleted	1000	0.991008991	1	0	1	INSUFFICIENT_SUPPORT
x041115	x041258	depleted	1000	0.983016983	1	0	1	INSUFFICIENT_SUPPORT
x041115	x041440	preferred	1000	1	1	0	1	INSUFFICIENT_SUPPORT
x041115	x042105	depleted	1000	0.988011988	1	0	1	INSUFFICIENT_SUPPORT
x041116	x000105	depleted	1000	0.997002997	1	1	0.8610907672	INSUFFICIENT_SUPPORT
x041116	x000106	depleted	1000	0.9450549451	1	0	0.8215046746	INSUFFICIENT_SUPPORT
x041116	x000109	depleted	1000	0.988011988	1	0	0.7027469254	INSUFFICIENT_SUPPORT
x041116	x001089	preferred	1000	1	1	0	0.7767180341	INSUFFICIENT_SUPPORT
x041116	x001394	preferred	1000	1	1	0	0.501018979	INSUFFICIENT_SUPPORT
x041116	x001395	preferred	1000	1	1	0	0.501018979	INSUFFICIENT_SUPPORT
x041116	x002108	preferred	1000	0.01998001998	1	1	0.7767180341	INSUFFICIENT_SUPPORT
x041116	x018248	preferred	1000	0.01098901099	1	1	0.501018979	INSUFFICIENT_SUPPORT
x041116	x018497	depleted	1000	0.965034965	1	0	0.6648861224	INSUFFICIENT_SUPPORT
x041116	x020019	depleted	1000	0.963036963	1	0	0.7027469254	INSUFFICIENT_SUPPORT
x041116	x020329	preferred	1000	1	1	0	0.501018979	INSUFFICIENT_SUPPORT
x041116	x021953	preferred	1000	1	1	0	0.889324597	INSUFFICIENT_SUPPORT
x041116	x024801	preferred	1000	1	1	0	0.889324597	INSUFFICIENT_SUPPORT
x041116	x024802	preferred	1000	1	1	0	0.5083415357	INSUFFICIENT_SUPPORT
x041116	x024806	preferred	1000	1	1	0	0.889324597	INSUFFICIENT_SUPPORT
x041116	x024930	preferred	1000	1	1	0	0.889324597	INSUFFICIENT_SUPPORT
x041116	x024933	preferred	1000	1	1	0	0.501018979	INSUFFICIENT_SUPPORT
x041116	x037857	depleted	1000	0.9350649351	1	1	0.7257030028	INSUFFICIENT_SUPPORT
x041116	x037858	depleted	1000	0.968031968	1	1	0.7234771792	INSUFFICIENT_SUPPORT
x041116	x037863	preferred	1000	1	1	0	0.8929568118	INSUFFICIENT_SUPPORT
x041116	x037952	depleted	1000	0.983016983	1	0	0.6987378029	INSUFFICIENT_SUPPORT
x041116	x038539	depleted	1000	0.964035964	1	0	0.5018364169	INSUFFICIENT_SUPPORT
x041117	x000104	preferred	1000	1	1	0	1	INSUFFICIENT_SUPPORT
x041117	x000107	preferred	1000	1	1	0	1	INSUFFICIENT_SUPPORT
x041117	x000109	depleted	1000	1	1	0	1	INSUFFICIENT_SUPPORT
x041117	x000110	preferred	1000	0.01198801199	1	1	1	INSUFFICIENT_SUPPORT
x041117	x001392	preferred	1000	1	1	0	1	INSUFFICIENT_SUPPORT
x041117	x001397	preferred	1000	1	1	0	1	INSUFFICIENT_SUPPORT
x041117	x002336	preferred	1000	1	1	0	1	INSUFFICIENT_SUPPORT
x041117	x002337	preferred	1000	1	1	0	1	INSUFFICIENT_SUPPORT
x041117	x014362	preferred	1000	1	1	0	1	INSUFFICIENT_SUPPORT
x041117	x017891	depleted	1000	0.982017982	1	0	1	INSUFFICIENT_SUPPORT
x041117	x018251	preferred	1000	0.01098901099	1	1	1	INSUFFICIENT_SUPPORT
x041117	x018874	preferred	1000	1	1	0	1	INSUFFICIENT_SUPPORT
x041117	x018875	depleted	1000	1	1	0	1	INSUFFICIENT_SUPPORT
x041117	x023864	preferred	1000	0.00999000999	1	1	1	INSUFFICIENT_SUPPORT
x041117	x024664	preferred	1000	1	1	0	1	INSUFFICIENT_SUPPORT
x041117	x024806	preferred	1000	1	1	0	1	INSUFFICIENT_SUPPORT
x041117	x024932	preferred	1000	0.008991008991	1	1	1	INSUFFICIENT_SUPPORT
x041117	x025549	preferred	1000	1	1	0	1	INSUFFICIENT_SUPPORT
x041117	x037849	depleted	1000	0.993006993	1	0	1	INSUFFICIENT_SUPPORT
x041117	x037851	depleted	1000	0.983016983	1	0	1	INSUFFICIENT_SUPPORT
x041117	x037854	preferred	1000	1	1	0	1	INSUFFICIENT_SUPPORT
x041117	x037857	depleted	1000	0.973026973	1	0	1	INSUFFICIENT_SUPPORT
x041117	x037861	depleted	1000	0.979020979	1	0	1	INSUFFICIENT_SUPPORT
x041117	x038541	preferred	1000	1	1	0	1	INSUFFICIENT_SUPPORT
x041117	x040208	preferred	1000	1	1	0	1	INSUFFICIENT_SUPPORT
x041117	x040635	preferred	1000	1	1	0	1	INSUFFICIENT_SUPPORT
x041118	x000106	preferred	1000	0.000999000999	1	0	0	INSUFFICIENT_SUPPORT
x041118	x000107	preferred	1000	0.000999000999	1	0	0	INSUFFICIENT_SUPPORT
x041118	x000108	preferred	1000	0.000999000999	1	0	0	INSUFFICIENT_SUPPORT
x041118	x001392	preferred	1000	0.000999000999	1	0	0	INSUFFICIENT_SUPPORT
x041118	x002104	preferred	1000	0.000999000999	1	0	0	INSUFFICIENT_SUPPORT
x041118	x002340	preferred	1000	0.000999000999	1	0	0	INSUFFICIENT_SUPPORT
x041118	x017837	preferred	1000	0.000999000999	1	0	0	INSUFFICIENT_SUPPORT
x041118	x018872	preferred	1000	0.000999000999	1	0	0	INSUFFICIENT_SUPPORT
x041118	x024806	preferred	1000	0.000999000999	1	0	0	INSUFFICIENT_SUPPORT
x041118	x024928	preferred	1000	0.000999000999	1	0	0	INSUFFICIENT_SUPPORT
x041118	x024929	preferred	1000	0.000999000999	1	0	0	INSUFFICIENT_SUPPORT
x041118	x025392	preferred	1000	0.000999000999	1	0	0	INSUFFICIENT_SUPPORT
x041118	x025528	preferred	1000	0.000999000999	1	0	0	INSUFFICIENT_SUPPORT
x041118	x037849	preferred	1000	0.000999000999	1	0	0	INSUFFICIENT_SUPPORT
x041118	x037856	preferred	1000	0.000999000999	1	0	0	INSUFFICIENT_SUPPORT
x041118	x038539	preferred	1000	0.000999000999	1	0	0	INSUFFICIENT_SUPPORT
x041119	x000110	preferred	1000	0.000999000999	1	0	0	INSUFFICIENT_SUPPORT
x041119	x000164	preferred	1000	0.000999000999	1	0	0	INSUFFICIENT_SUPPORT
x041119	x018873	preferred	1000	0.000999000999	1	0	0	INSUFFICIENT_SUPPORT
x041119	x025533	preferred	1000	0.000999000999	1	0	0	INSUFFICIENT_SUPPORT
x041119	x037856	preferred	1000	0.000999000999	1	0	0	INSUFFICIENT_SUPPORT
x041119	x037912	preferred	1000	0.000999000999	1	0	0	INSUFFICIENT_SUPPORT
x041240	x000107	preferred	1000	0.000999000999	1	0	0	INSUFFICIENT_SUPPORT
x041240	x017412	preferred	1000	0.000999000999	1	0	0	INSUFFICIENT_SUPPORT
x041240	x018497	preferred	1000	0.000999000999	1	0	0	INSUFFICIENT_SUPPORT
x041240	x019712	preferred	1000	0.000999000999	1	0	0	INSUFFICIENT_SUPPORT
x041240	x024245	preferred	1000	0.000999000999	1	0	0	INSUFFICIENT_SUPPORT
x041240	x024803	preferred	1000	0.000999000999	1	0	0	INSUFFICIENT_SUPPORT
x041240	x025790	preferred	1000	0.000999000999	1	0	0	INSUFFICIENT_SUPPORT
x041240	x037850	preferred	1000	0.000999000999	1	0	0	INSUFFICIENT_SUPPORT
x041240	x041258	preferred	1000	0.000999000999	1	0	0	INSUFFICIENT_SUPPORT
x041240	x041584	preferred	1000	0.000999000999	1	0	0	INSUFFICIENT_SUPPORT
x041240	x041657	preferred	1000	0.000999000999	1	0	0	INSUFFICIENT_SUPPORT
x041241	x005076	preferred	1000	0.000999000999	1	0	0	INSUFFICIENT_SUPPORT
x041241	x018876	preferred	1000	0.000999000999	1	0	0	INSUFFICIENT_SUPPORT
x041241	x025394	preferred	1000	0.000999000999	1	0	0	INSUFFICIENT_SUPPORT
x041241	x037848	preferred	1000	0.000999000999	1	0	0	INSUFFICIENT_SUPPORT
x041241	x037857	preferred	1000	0.000999000999	1	0	0	INSUFFICIENT_SUPPORT
x041241	x037912	preferred	1000	0.000999000999	1	0	0	INSUFFICIENT_SUPPORT
x041241	x038543	preferred	1000	0.000999000999	1	0	0	INSUFFICIENT_SUPPORT
x041243	x001426	preferred	1000	0.000999000999	1	0	0	INSUFFICIENT_SUPPORT
x041243	x001428	preferred	1000	0.000999000999	1	0	0	INSUFFICIENT_SUPPORT
x041243	x005108	preferred	1000	0.000999000999	1	0	0	INSUFFICIENT_SUPPORT
x041243	x018498	preferred	1000	0.000999000999	1	0	0	INSUFFICIENT_SUPPORT
x041243	x018501	preferred	1000	0.000999000999	1	0	0	INSUFFICIENT_SUPPORT
x041243	x024072	preferred	1000	0.000999000999	1	0	0	INSUFFICIENT_SUPPORT
x041243	x025399	preferred	1000	0.000999000999	1	0	0	INSUFFICIENT_SUPPORT
x041243	x037985	preferred	1000	0.000999000999	1	0	0	INSUFFICIENT_SUPPORT
x041243	x040211	preferred	1000	0.000999000999	1	0	0	INSUFFICIENT_SUPPORT
x041243	x041260	preferred	1000	0.000999000999	1	0	0	INSUFFICIENT_SUPPORT
x041256	x001091	preferred	1000	1	1	0	0.2777682284	EXPECTED_FROM_NULL
x041256	x005248	preferred	1000	1	1	0	0.3670181662	EXPECTED_FROM_NULL
x041256	x005249	preferred	1000	1	1	0	0.3670181662	EXPECTED_FROM_NULL
x041256	x005252	preferred	1000	1	1	0	0.2777682284	EXPECTED_FROM_NULL
x041256	x008313	preferred	1000	1	1	0	0.3670181662	EXPECTED_FROM_NULL
x041256	x008315	preferred	1000	0.05094905095	0.2808566434	1	0.4314820222	EXPECTED_FROM_NULL
x041256	x008316	preferred	10000	0.000199980002	0.04409559044	0.5	0.3079963662	BACKBONE_PREFERRED
x041256	x010280	preferred	1000	1	1	0	0.4818701982	EXPECTED_FROM_NULL
x041256	x016896	preferred	1000	1	1	0	0.5837613895	EXPECTED_FROM_NULL
x041256	x016897	preferred	1000	1	1	1	0.8037106441	EXPECTED_FROM_NULL
x041256	x016898	preferred	1000	1	1	0	0.5407750383	EXPECTED_FROM_NULL
x041256	x016900	preferred	1000	1	1	0	0.3670181662	EXPECTED_FROM_NULL
x041256	x017378	preferred	1000	0.05094905095	0.2808566434	1	0.5500619152	EXPECTED_FROM_NULL
x041256	x017690	preferred	1000	1	1	0	0.3521468439	EXPECTED_FROM_NULL
x041256	x022924	preferred	1000	0.01298701299	0.2517482517	1	0.2777682284	EXPECTED_FROM_NULL
x041256	x024202	preferred	1000	1	1	0	0.2777682284	EXPECTED_FROM_NULL
x041256	x024930	preferred	1000	1	1	0	0.9184436228	EXPECTED_FROM_NULL
x041256	x033413	preferred	1000	0.01298701299	0.2517482517	1	0.2777682284	EXPECTED_FROM_NULL
x041256	x038542	preferred	1000	1	1	0	0.3521468439	EXPECTED_FROM_NULL
x041256	x038674	preferred	1000	1	1	1	0.2790803305	EXPECTED_FROM_NULL
x041256	x041464	preferred	1000	0.01898101898	0.2517482517	1	0.3091315669	EXPECTED_FROM_NULL
x041256	x041465	preferred	1000	1	1	0	0.481895077	EXPECTED_FROM_NULL
x041256	x041466	preferred	1000	0.02097902098	0.2534725548	1	0.3845019604	EXPECTED_FROM_NULL
x041256	x041938	preferred	1000	0.01898101898	0.2517482517	1	0.3670181662	EXPECTED_FROM_NULL
x041256	x041939	preferred	1000	0.03296703297	0.2584615385	1	0.4314820222	EXPECTED_FROM_NULL
x041257	x001893	preferred	1000	1	1	0	1	INSUFFICIENT_SUPPORT
x041257	x005232	preferred	1000	1	1	0	1	INSUFFICIENT_SUPPORT
x041257	x005235	preferred	1000	1	1	0	1	INSUFFICIENT_SUPPORT
x041257	x005249	preferred	1000	1	1	0	1	INSUFFICIENT_SUPPORT
x041257	x005252	preferred	1000	1	1	0	1	INSUFFICIENT_SUPPORT
x041257	x008315	preferred	1000	1	1	0	1	INSUFFICIENT_SUPPORT
x041257	x008318	preferred	1000	1	1	0	1	INSUFFICIENT_SUPPORT
x041257	x016897	depleted	1000	0.978021978	1	0	1	INSUFFICIENT_SUPPORT
x041257	x016898	preferred	1000	1	1	0	1	INSUFFICIENT_SUPPORT
x041257	x016899	preferred	1000	1	1	0	1	INSUFFICIENT_SUPPORT
x041257	x016900	preferred	1000	1	1	0	1	INSUFFICIENT_SUPPORT
x041257	x017376	depleted	1000	0.954045954	1	0	1	INSUFFICIENT_SUPPORT
x041257	x017378	preferred	1000	1	1	0	1	INSUFFICIENT_SUPPORT
x041257	x020633	preferred	1000	1	1	0	1	INSUFFICIENT_SUPPORT
x041257	x024200	preferred	1000	1	1	0	1	INSUFFICIENT_SUPPORT
x041257	x024201	preferred	1000	1	1	0	1	INSUFFICIENT_SUPPORT
x041257	x032992	preferred	1000	0.01898101898	1	1	1	INSUFFICIENT_SUPPORT
x041257	x032993	preferred	1000	1	1	0	1	INSUFFICIENT_SUPPORT
x041257	x032996	preferred	1000	0.01998001998	1	1	1	INSUFFICIENT_SUPPORT
x041257	x041464	preferred	1000	1	1	0	1	INSUFFICIENT_SUPPORT
x041257	x041465	preferred	1000	1	1	0	1	INSUFFICIENT_SUPPORT
x041257	x041466	preferred	1000	1	1	0	1	INSUFFICIENT_SUPPORT
x041257	x041936	preferred	1000	1	1	0	1	INSUFFICIENT_SUPPORT
x041258	x001090	preferred	1000	1	1	0	0.3811777363	EXPECTED_FROM_NULL
x041258	x001093	preferred	1000	1	1	0	0.3482683928	EXPECTED_FROM_NULL
x041258	x001889	preferred	1000	1	1	1	0.3482683928	EXPECTED_FROM_NULL
x041258	x001891	preferred	1000	1	1	0	0.4999974963	EXPECTED_FROM_NULL
x041258	x001893	preferred	1000	1	1	1	0.3482683928	EXPECTED_FROM_NULL
x041258	x005250	preferred	1000	1	1	0	0.4976420126	EXPECTED_FROM_NULL
x041258	x008312	preferred	1000	1	1	0	0.6862992431	EXPECTED_FROM_NULL
x041258	x010280	preferred	1000	1	1	0	0.4999974963	EXPECTED_FROM_NULL
x041258	x016897	preferred	1000	1	1	0	0.886233629	EXPECTED_FROM_NULL
x041258	x016898	preferred	1000	1	1	1	0.4054822352	EXPECTED_FROM_NULL
x041258	x016899	preferred	1000	1	1	0	0.8859975278	EXPECTED_FROM_NULL
x041258	x017376	preferred	1000	1	1	0	0.4976420126	EXPECTED_FROM_NULL
x041258	x017377	preferred	1000	1	1	0	0.4999974963	EXPECTED_FROM_NULL
x041258	x017379	preferred	1000	1	1	0	0.3482683928	EXPECTED_FROM_NULL
x041258	x017380	preferred	1000	1	1	0	0.4999974963	EXPECTED_FROM_NULL
x041258	x017381	preferred	1000	1	1	0	0.3482683928	EXPECTED_FROM_NULL
x041258	x017382	preferred	1000	1	1	0	0.4999974963	EXPECTED_FROM_NULL
x041258	x023368	preferred	1000	1	1	0	0.3482683928	EXPECTED_FROM_NULL
x041258	x032992	preferred	1000	1	1	0	0.3482683928	EXPECTED_FROM_NULL
x041258	x032996	preferred	1000	1	1	0	0.3482683928	EXPECTED_FROM_NULL
x041258	x039659	preferred	1000	1	1	0	0.3482683928	EXPECTED_FROM_NULL
x041258	x040633	preferred	1000	1	1	0	0.4999974963	EXPECTED_FROM_NULL
x041258	x041464	depleted	1000	0.968031968	1	0	0.4999910964	EXPECTED_FROM_NULL
x041258	x041465	preferred	1000	0.01098901099	0.2517482517	1	0.4633913518	EXPECTED_FROM_NULL
x041258	x041466	preferred	1000	0.01498501499	0.2517482517	1	0.7761867283	EXPECTED_FROM_NULL
x041258	x041468	preferred	1000	1	1	0	0.6782723335	EXPECTED_FROM_NULL
x041258	x041469	preferred	1000	0.02397602398	0.2551656488	1	0.6732899165	EXPECTED_FROM_NULL
x041258	x041470	preferred	1000	0.01498501499	0.2517482517	1	0.500002858	EXPECTED_FROM_NULL
x041259	x001090	preferred	1000	0.03096903097	1	1	1	INSUFFICIENT_SUPPORT
x041259	x001091	depleted	1000	0.988011988	1	0	1	INSUFFICIENT_SUPPORT
x041259	x001092	preferred	1000	1	1	0	1	INSUFFICIENT_SUPPORT
x041259	x001892	preferred	1000	1	1	0	1	INSUFFICIENT_SUPPORT
x041259	x005249	preferred	1000	1	1	0	1	INSUFFICIENT_SUPPORT
x041259	x005250	preferred	1000	1	1	0	1	INSUFFICIENT_SUPPORT
x041259	x005252	preferred	1000	0.01998001998	1	1	1	INSUFFICIENT_SUPPORT
x041259	x008315	preferred	1000	1	1	0	1	INSUFFICIENT_SUPPORT
x041259	x015064	depleted	1000	0.972027972	1	0	1	INSUFFICIENT_SUPPORT
x041259	x016896	preferred	1000	1	1	0	1	INSUFFICIENT_SUPPORT
x041259	x016897	preferred	1000	0.03996003996	1	1	1	INSUFFICIENT_SUPPORT
x041259	x017381	preferred	1000	1	1	0	1	INSUFFICIENT_SUPPORT
x041259	x024202	preferred	1000	1	1	0	1	INSUFFICIENT_SUPPORT
x041259	x024203	preferred	1000	1	1	0	1	INSUFFICIENT_SUPPORT
x041259	x033408	preferred	1000	1	1	0	1	INSUFFICIENT_SUPPORT
x041259	x038539	preferred	1000	1	1	0	1	INSUFFICIENT_SUPPORT
x041259	x038674	preferred	1000	1	1	0	1	INSUFFICIENT_SUPPORT
x041259	x041465	preferred	1000	1	1	0	1	INSUFFICIENT_SUPPORT
x041259	x041466	depleted	1000	0.973026973	1	0	1	INSUFFICIENT_SUPPORT
x041259	x041468	preferred	1000	1	1	0	1	INSUFFICIENT_SUPPORT
x041260	x001888	preferred	1000	0.000999000999	1	0	0	INSUFFICIENT_SUPPORT
x041260	x008318	preferred	1000	0.000999000999	1	0	0	INSUFFICIENT_SUPPORT
x041260	x015801	preferred	1000	0.000999000999	1	0	0	INSUFFICIENT_SUPPORT
x041260	x016896	preferred	1000	0.000999000999	1	0	0	INSUFFICIENT_SUPPORT
x041260	x016899	preferred	1000	0.000999000999	1	0	0	INSUFFICIENT_SUPPORT
x041260	x016900	preferred	1000	0.000999000999	1	0	0	INSUFFICIENT_SUPPORT
x041260	x017376	preferred	1000	0.000999000999	1	0	0	INSUFFICIENT_SUPPORT
x041260	x022921	preferred	1000	0.000999000999	1	0	0	INSUFFICIENT_SUPPORT
x041260	x024200	preferred	1000	0.000999000999	1	0	0	INSUFFICIENT_SUPPORT
x041260	x032992	preferred	1000	0.000999000999	1	0	0	INSUFFICIENT_SUPPORT
x041260	x032993	preferred	1000	0.000999000999	1	0	0	INSUFFICIENT_SUPPORT
x041260	x032996	preferred	1000	0.000999000999	1	0	0	INSUFFICIENT_SUPPORT
x041260	x038674	preferred	1000	0.000999000999	1	0	0	INSUFFICIENT_SUPPORT
x041260	x041464	preferred	1000	0.000999000999	1	0	0	INSUFFICIENT_SUPPORT
x041260	x041466	preferred	1000	0.000999000999	1	0	0	INSUFFICIENT_SUPPORT
x041260	x041469	preferred	1000	0.000999000999	1	0	0	INSUFFICIENT_SUPPORT
x041260	x041470	preferred	1000	0.000999000999	1	0	0	INSUFFICIENT_SUPPORT
x041260	x041936	preferred	1000	0.000999000999	1	0	0	INSUFFICIENT_SUPPORT
x041261	x001090	preferred	1000	0.000999000999	1	0	0	INSUFFICIENT_SUPPORT
x041261	x001091	preferred	1000	0.000999000999	1	0	0	INSUFFICIENT_SUPPORT
x041261	x001891	preferred	1000	0.000999000999	1	0	0	INSUFFICIENT_SUPPORT
x041261	x005232	preferred	1000	0.000999000999	1	0	0	INSUFFICIENT_SUPPORT
x041261	x007096	preferred	1000	0.000999000999	1	0	0	INSUFFICIENT_SUPPORT
x041261	x008312	preferred	1000	0.000999000999	1	0	0	INSUFFICIENT_SUPPORT
x041261	x010937	preferred	1000	0.000999000999	1	0	0	INSUFFICIENT_SUPPORT
x041261	x016897	preferred	1000	0.000999000999	1	0	0	INSUFFICIENT_SUPPORT
x041261	x016898	preferred	1000	0.000999000999	1	0	0	INSUFFICIENT_SUPPORT
x041261	x016901	preferred	1000	0.000999000999	1	0	0	INSUFFICIENT_SUPPORT
x041261	x017378	preferred	1000	0.000999000999	1	0	0	INSUFFICIENT_SUPPORT
x041261	x017381	preferred	1000	0.000999000999	1	0	0	INSUFFICIENT_SUPPORT
x041261	x017382	preferred	1000	0.000999000999	1	0	0	INSUFFICIENT_SUPPORT
x041261	x020637	preferred	1000	0.000999000999	1	0	0	INSUFFICIENT_SUPPORT
x041261	x023368	preferred	1000	0.000999000999	1	0	0	INSUFFICIENT_SUPPORT
x041261	x024201	preferred	1000	0.000999000999	1	0	0	INSUFFICIENT_SUPPORT
x041261	x024203	preferred	1000	0.000999000999	1	0	0	INSUFFICIENT_SUPPORT
x041261	x032993	preferred	1000	0.000999000999	1	0	0	INSUFFICIENT_SUPPORT
x041261	x033409	preferred	1000	0.000999000999	1	0	0	INSUFFICIENT_SUPPORT
x041261	x041937	preferred	1000	0.000999000999	1	0	0	INSUFFICIENT_SUPPORT
x041262	x016897	preferred	1000	0.000999000999	1	0	0	INSUFFICIENT_SUPPORT
x041262	x016900	preferred	1000	0.000999000999	1	0	0	INSUFFICIENT_SUPPORT
x041262	x017378	preferred	1000	0.000999000999	1	0	0	INSUFFICIENT_SUPPORT
x041262	x017380	preferred	1000	0.000999000999	1	0	0	INSUFFICIENT_SUPPORT
x041262	x025554	preferred	1000	0.000999000999	1	0	0	INSUFFICIENT_SUPPORT
x041262	x032992	preferred	1000	0.000999000999	1	0	0	INSUFFICIENT_SUPPORT
x041262	x032993	preferred	1000	0.000999000999	1	0	0	INSUFFICIENT_SUPPORT
x041262	x041465	preferred	1000	0.000999000999	1	0	0	INSUFFICIENT_SUPPORT
x041262	x041468	preferred	1000	0.000999000999	1	0	0	INSUFFICIENT_SUPPORT
x041440	x001428	preferred	1000	0.000999000999	1	0	0	INSUFFICIENT_SUPPORT
x041440	x002106	preferred	1000	0.000999000999	1	0	0	INSUFFICIENT_SUPPORT
x041440	x002107	preferred	1000	0.000999000999	1	0	0	INSUFFICIENT_SUPPORT
x041440	x002108	preferred	1000	0.000999000999	1	0	0	INSUFFICIENT_SUPPORT
x041440	x010937	preferred	1000	0.000999000999	1	0	0	INSUFFICIENT_SUPPORT
x041440	x017411	preferred	1000	0.000999000999	1	0	0	INSUFFICIENT_SUPPORT
x041440	x018496	preferred	1000	0.000999000999	1	0	0	INSUFFICIENT_SUPPORT
x041440	x024932	preferred	1000	0.000999000999	1	0	0	INSUFFICIENT_SUPPORT
x041440	x031704	preferred	1000	0.000999000999	1	0	0	INSUFFICIENT_SUPPORT
x041440	x031706	preferred	1000	0.000999000999	1	0	0	INSUFFICIENT_SUPPORT
x041440	x031707	preferred	1000	0.000999000999	1	0	0	INSUFFICIENT_SUPPORT
x041440	x033881	preferred	1000	0.000999000999	1	0	0	INSUFFICIENT_SUPPORT
x041440	x037849	preferred	1000	0.000999000999	1	0	0	INSUFFICIENT_SUPPORT
x041440	x037851	preferred	1000	0.000999000999	1	0	0	INSUFFICIENT_SUPPORT
x041440	x037958	preferred	1000	0.000999000999	1	0	0	INSUFFICIENT_SUPPORT
x041440	x038537	preferred	1000	0.000999000999	1	0	0	INSUFFICIENT_SUPPORT
x041440	x038541	preferred	1000	0.000999000999	1	0	0	INSUFFICIENT_SUPPORT
x041440	x040212	preferred	1000	0.000999000999	1	0	0	INSUFFICIENT_SUPPORT
x041440	x042801	preferred	1000	0.000999000999	1	0	0	INSUFFICIENT_SUPPORT
x041440	x042802	preferred	1000	0.000999000999	1	0	0	INSUFFICIENT_SUPPORT
x041441	x001424	preferred	1000	0.000999000999	1	0	0	INSUFFICIENT_SUPPORT
x041441	x017410	preferred	1000	0.000999000999	1	0	0	INSUFFICIENT_SUPPORT
x041441	x018496	preferred	1000	0.000999000999	1	0	0	INSUFFICIENT_SUPPORT
x041441	x018498	preferred	1000	0.000999000999	1	0	0	INSUFFICIENT_SUPPORT
x041441	x018499	preferred	1000	0.000999000999	1	0	0	INSUFFICIENT_SUPPORT
x041441	x031704	preferred	1000	0.000999000999	1	0	0	INSUFFICIENT_SUPPORT
x041441	x034240	preferred	1000	0.000999000999	1	0	0	INSUFFICIENT_SUPPORT
x041441	x037852	preferred	1000	0.000999000999	1	0	0	INSUFFICIENT_SUPPORT
x041441	x037854	preferred	1000	0.000999000999	1	0	0	INSUFFICIENT_SUPPORT
x041441	x037859	preferred	1000	0.000999000999	1	0	0	INSUFFICIENT_SUPPORT
x041441	x041258	preferred	1000	0.000999000999	1	0	0	INSUFFICIENT_SUPPORT
x041441	x041584	preferred	1000	0.000999000999	1	0	0	INSUFFICIENT_SUPPORT
x041441	x042104	preferred	1000	0.000999000999	1	0	0	INSUFFICIENT_SUPPORT
x041441	x042801	preferred	1000	0.000999000999	1	0	0	INSUFFICIENT_SUPPORT
x041442	x005072	preferred	1000	0.000999000999	1	0	0	INSUFFICIENT_SUPPORT
x041442	x015283	preferred	1000	0.000999000999	1	0	0	INSUFFICIENT_SUPPORT
x041442	x017412	preferred	1000	0.000999000999	1	0	0	INSUFFICIENT_SUPPORT
x041442	x025008	preferred	1000	0.000999000999	1	0	0	INSUFFICIENT_SUPPORT
x041442	x034242	preferred	1000	0.000999000999	1	0	0	INSUFFICIENT_SUPPORT
x041442	x037851	preferred	1000	0.000999000999	1	0	0	INSUFFICIENT_SUPPORT
x041442	x037857	preferred	1000	0.000999000999	1	0	0	INSUFFICIENT_SUPPORT
x041442	x041443	preferred	1000	0.000999000999	1	0	0	INSUFFICIENT_SUPPORT
x041442	x041610	preferred	1000	0.000999000999	1	0	0	INSUFFICIENT_SUPPORT
x041443	x014824	preferred	1000	0.000999000999	1	0	0	INSUFFICIENT_SUPPORT
x041443	x017995	preferred	1000	0.000999000999	1	0	0	INSUFFICIENT_SUPPORT
x041443	x018563	preferred	1000	0.000999000999	1	0	0	INSUFFICIENT_SUPPORT
x041443	x020016	preferred	1000	0.000999000999	1	0	0	INSUFFICIENT_SUPPORT
x041443	x037954	preferred	1000	0.000999000999	1	0	0	INSUFFICIENT_SUPPORT
x041443	x037957	preferred	1000	0.000999000999	1	0	0	INSUFFICIENT_SUPPORT
x041443	x038536	preferred	1000	0.000999000999	1	0	0	INSUFFICIENT_SUPPORT
x041464	x001088	preferred	1000	0.000999000999	1	0	0	INSUFFICIENT_SUPPORT
x041464	x001089	preferred	1000	0.000999000999	1	0	0	INSUFFICIENT_SUPPORT
x041464	x001397	preferred	1000	0.000999000999	1	0	0	INSUFFICIENT_SUPPORT
x041464	x005076	preferred	1000	0.000999000999	1	0	0	INSUFFICIENT_SUPPORT
x041464	x018873	preferred	1000	0.000999000999	1	0	0	INSUFFICIENT_SUPPORT
x041464	x018874	preferred	1000	0.000999000999	1	0	0	INSUFFICIENT_SUPPORT
x041464	x018876	preferred	1000	0.000999000999	1	0	0	INSUFFICIENT_SUPPORT
x041464	x024929	preferred	1000	0.000999000999	1	0	0	INSUFFICIENT_SUPPORT
x041464	x025548	preferred	1000	0.000999000999	1	0	0	INSUFFICIENT_SUPPORT
x041464	x037859	preferred	1000	0.000999000999	1	0	0	INSUFFICIENT_SUPPORT
x041464	x037860	preferred	1000	0.000999000999	1	0	0	INSUFFICIENT_SUPPORT
x041464	x037861	preferred	1000	0.000999000999	1	0	0	INSUFFICIENT_SUPPORT
x041464	x038536	preferred	1000	0.000999000999	1	0	0	INSUFFICIENT_SUPPORT
x041464	x039656	preferred	1000	0.000999000999	1	0	0	INSUFFICIENT_SUPPORT
x041464	x039657	preferred	1000	0.000999000999	1	0	0	INSUFFICIENT_SUPPORT
x041464	x042817	preferred	1000	0.000999000999	1	0	0	INSUFFICIENT_SUPPORT
x041465	x000106	preferred	1000	0.000999000999	1	0	0	INSUFFICIENT_SUPPORT
x041465	x001088	preferred	1000	0.000999000999	1	0	0	INSUFFICIENT_SUPPORT
x041465	x001090	preferred	1000	0.000999000999	1	0	0	INSUFFICIENT_SUPPORT
x041465	x001091	preferred	1000	0.000999000999	1	0	0	INSUFFICIENT_SUPPORT
x041465	x002104	preferred	1000	0.000999000999	1	0	0	INSUFFICIENT_SUPPORT
x041465	x002337	preferred	1000	0.000999000999	1	0	0	INSUFFICIENT_SUPPORT
x041465	x017412	preferred	1000	0.000999000999	1	0	0	INSUFFICIENT_SUPPORT
x041465	x018498	preferred	1000	0.000999000999	1	0	0	INSUFFICIENT_SUPPORT
x041465	x018872	preferred	1000	0.000999000999	1	0	0	INSUFFICIENT_SUPPORT
x041465	x018873	preferred	1000	0.000999000999	1	0	0	INSUFFICIENT_SUPPORT
x041465	x025545	preferred	1000	0.000999000999	1	0	0	INSUFFICIENT_SUPPORT
x041465	x038536	preferred	1000	0.000999000999	1	0	0	INSUFFICIENT_SUPPORT
x041465	x038537	preferred	1000	0.000999000999	1	0	0	INSUFFICIENT_SUPPORT
x041465	x038539	preferred	1000	0.000999000999	1	0	0	INSUFFICIENT_SUPPORT
x041465	x039660	preferred	1000	0.000999000999	1	0	0	INSUFFICIENT_SUPPORT
x041465	x040216	preferred	1000	0.000999000999	1	0	0	INSUFFICIENT_SUPPORT
x041465	x041258	preferred	1000	0.000999000999	1	0	0	INSUFFICIENT_SUPPORT
x041466	x000110	preferred	1000	0.000999000999	1	0	0	INSUFFICIENT_SUPPORT
x041466	x000162	preferred	1000	0.000999000999	1	0	0	INSUFFICIENT_SUPPORT
x041466	x005076	preferred	1000	0.000999000999	1	0	0	INSUFFICIENT_SUPPORT
x041466	x017893	preferred	1000	0.000999000999	1	0	0	INSUFFICIENT_SUPPORT
x041466	x018872	preferred	1000	0.000999000999	1	0	0	INSUFFICIENT_SUPPORT
x041466	x018873	preferred	1000	0.000999000999	1	0	0	INSUFFICIENT_SUPPORT
x041466	x024931	preferred	1000	0.000999000999	1	0	0	INSUFFICIENT_SUPPORT
x041466	x025552	preferred	1000	0.000999000999	1	0	0	INSUFFICIENT_SUPPORT
x041466	x025760	preferred	1000	0.000999000999	1	0	0	INSUFFICIENT_SUPPORT
x041466	x037954	preferred	1000	0.000999000999	1	0	0	INSUFFICIENT_SUPPORT
x041466	x038540	preferred	1000	0.000999000999	1	0	0	INSUFFICIENT_SUPPORT
x041466	x038541	preferred	1000	0.000999000999	1	0	0	INSUFFICIENT_SUPPORT
x041467	x018874	preferred	1000	0.000999000999	1	0	0	INSUFFICIENT_SUPPORT
x041467	x018876	preferred	1000	0.000999000999	1	0	0	INSUFFICIENT_SUPPORT
x041467	x024929	preferred	1000	0.000999000999	1	0	0	INSUFFICIENT_SUPPORT
x041468	x001090	preferred	1000	0.000999000999	1	0	0	INSUFFICIENT_SUPPORT
x041468	x034240	preferred	1000	0.000999000999	1	0	0	INSUFFICIENT_SUPPORT
x041468	x042802	preferred	1000	0.000999000999	1	0	0	INSUFFICIENT_SUPPORT
x041469	x015056	preferred	1000	0.000999000999	1	0	0	INSUFFICIENT_SUPPORT
x041470	x001091	preferred	1000	0.000999000999	1	0	0	INSUFFICIENT_SUPPORT
x041470	x037861	preferred	1000	0.000999000999	1	0	0	INSUFFICIENT_SUPPORT
x041470	x038540	preferred	1000	0.000999000999	1	0	0	INSUFFICIENT_SUPPORT
x041528	x000105	preferred	1000	0.000999000999	1	0	0	INSUFFICIENT_SUPPORT
x041528	x001889	preferred	1000	0.000999000999	1	0	0	INSUFFICIENT_SUPPORT
x041528	x010936	preferred	1000	0.000999000999	1	0	0	INSUFFICIENT_SUPPORT
x041528	x010937	preferred	1000	0.000999000999	1	0	0	INSUFFICIENT_SUPPORT
x041528	x017408	preferred	1000	0.000999000999	1	0	0	INSUFFICIENT_SUPPORT
x041528	x018496	preferred	1000	0.000999000999	1	0	0	INSUFFICIENT_SUPPORT
x041528	x018497	preferred	1000	0.000999000999	1	0	0	INSUFFICIENT_SUPPORT
x041528	x018501	preferred	1000	0.000999000999	1	0	0	INSUFFICIENT_SUPPORT
x041528	x019936	preferred	1000	0.000999000999	1	0	0	INSUFFICIENT_SUPPORT
x041528	x019939	preferred	1000	0.000999000999	1	0	0	INSUFFICIENT_SUPPORT
x041528	x038443	preferred	1000	0.000999000999	1	0	0	INSUFFICIENT_SUPPORT
x041528	x041113	preferred	1000	0.000999000999	1	0	0	INSUFFICIENT_SUPPORT
x041528	x041117	preferred	1000	0.000999000999	1	0	0	INSUFFICIENT_SUPPORT
x041528	x042801	preferred	1000	0.000999000999	1	0	0	INSUFFICIENT_SUPPORT
x041529	x000107	preferred	1000	0.000999000999	1	0	0	INSUFFICIENT_SUPPORT
x041529	x001392	preferred	1000	0.000999000999	1	0	0	INSUFFICIENT_SUPPORT
x041529	x001634	preferred	1000	0.000999000999	1	0	0	INSUFFICIENT_SUPPORT
x041529	x008318	preferred	1000	0.000999000999	1	0	0	INSUFFICIENT_SUPPORT
x041529	x010936	preferred	1000	0.000999000999	1	0	0	INSUFFICIENT_SUPPORT
x041529	x016897	preferred	1000	0.000999000999	1	0	0	INSUFFICIENT_SUPPORT
x041529	x017378	preferred	1000	0.000999000999	1	0	0	INSUFFICIENT_SUPPORT
x041529	x017410	preferred	1000	0.000999000999	1	0	0	INSUFFICIENT_SUPPORT
x041529	x017414	preferred	1000	0.000999000999	1	0	0	INSUFFICIENT_SUPPORT
x041529	x018497	preferred	1000	0.000999000999	1	0	0	INSUFFICIENT_SUPPORT
x041529	x018498	preferred	1000	0.000999000999	1	0	0	INSUFFICIENT_SUPPORT
x041529	x019937	preferred	1000	0.000999000999	1	0	0	INSUFFICIENT_SUPPORT
x041529	x019938	preferred	1000	0.000999000999	1	0	0	INSUFFICIENT_SUPPORT
x041529	x031617	preferred	1000	0.000999000999	1	0	0	INSUFFICIENT_SUPPORT
x041529	x037856	preferred	1000	0.000999000999	1	0	0	INSUFFICIENT_SUPPORT
x041529	x037880	preferred	1000	0.000999000999	1	0	0	INSUFFICIENT_SUPPORT
x041529	x041114	preferred	1000	0.000999000999	1	0	0	INSUFFICIENT_SUPPORT
x041529	x042105	preferred	1000	0.000999000999	1	0	0	INSUFFICIENT_SUPPORT
x041530	x000107	preferred	1000	0.000999000999	1	0	0	INSUFFICIENT_SUPPORT
x041530	x000110	preferred	1000	0.000999000999	1	0	0	INSUFFICIENT_SUPPORT
x041530	x008314	preferred	1000	0.000999000999	1	0	0	INSUFFICIENT_SUPPORT
x041530	x008316	preferred	1000	0.000999000999	1	0	0	INSUFFICIENT_SUPPORT
x041530	x017377	preferred	1000	0.000999000999	1	0	0	INSUFFICIENT_SUPPORT
x041530	x018496	preferred	1000	0.000999000999	1	0	0	INSUFFICIENT_SUPPORT
x041530	x018497	preferred	1000	0.000999000999	1	0	0	INSUFFICIENT_SUPPORT
x041530	x019940	preferred	1000	0.000999000999	1	0	0	INSUFFICIENT_SUPPORT
x041530	x031618	preferred	1000	0.000999000999	1	0	0	INSUFFICIENT_SUPPORT
x041530	x037986	preferred	1000	0.000999000999	1	0	0	INSUFFICIENT_SUPPORT
x041530	x038537	preferred	1000	0.000999000999	1	0	0	INSUFFICIENT_SUPPORT
x041530	x041115	preferred	1000	0.000999000999	1	0	0	INSUFFICIENT_SUPPORT
x041530	x041256	preferred	1000	0.000999000999	1	0	0	INSUFFICIENT_SUPPORT
x041530	x041262	preferred	1000	0.000999000999	1	0	0	INSUFFICIENT_SUPPORT
x041530	x042802	preferred	1000	0.000999000999	1	0	0	INSUFFICIENT_SUPPORT
x041531	x000104	preferred	1000	0.000999000999	1	0	0	INSUFFICIENT_SUPPORT
x041531	x000111	preferred	1000	0.000999000999	1	0	0	INSUFFICIENT_SUPPORT
x041531	x008312	preferred	1000	0.000999000999	1	0	0	INSUFFICIENT_SUPPORT
x041531	x010936	preferred	1000	0.000999000999	1	0	0	INSUFFICIENT_SUPPORT
x041531	x010938	preferred	1000	0.000999000999	1	0	0	INSUFFICIENT_SUPPORT
x041531	x017376	preferred	1000	0.000999000999	1	0	0	INSUFFICIENT_SUPPORT
x041531	x018876	preferred	1000	0.000999000999	1	0	0	INSUFFICIENT_SUPPORT
x041531	x020020	preferred	1000	0.000999000999	1	0	0	INSUFFICIENT_SUPPORT
x041531	x037857	preferred	1000	0.000999000999	1	0	0	INSUFFICIENT_SUPPORT
x041531	x041113	preferred	1000	0.000999000999	1	0	0	INSUFFICIENT_SUPPORT
x041531	x042800	preferred	1000	0.000999000999	1	0	0	INSUFFICIENT_SUPPORT
x041531	x042802	preferred	1000	0.000999000999	1	0	0	INSUFFICIENT_SUPPORT
x041532	x000104	preferred	1000	0.000999000999	1	0	0	INSUFFICIENT_SUPPORT
x041532	x010936	preferred	1000	0.000999000999	1	0	0	INSUFFICIENT_SUPPORT
x041532	x018496	preferred	1000	0.000999000999	1	0	0	INSUFFICIENT_SUPPORT
x041532	x018501	preferred	1000	0.000999000999	1	0	0	INSUFFICIENT_SUPPORT
x041532	x018502	preferred	1000	0.000999000999	1	0	0	INSUFFICIENT_SUPPORT
x041532	x019936	preferred	1000	0.000999000999	1	0	0	INSUFFICIENT_SUPPORT
x041532	x019937	preferred	1000	0.000999000999	1	0	0	INSUFFICIENT_SUPPORT
x041532	x019939	preferred	1000	0.000999000999	1	0	0	INSUFFICIENT_SUPPORT
x041532	x020019	preferred	1000	0.000999000999	1	0	0	INSUFFICIENT_SUPPORT
x041532	x038536	preferred	1000	0.000999000999	1	0	0	INSUFFICIENT_SUPPORT
x041532	x042111	preferred	1000	0.000999000999	1	0	0	INSUFFICIENT_SUPPORT
x041532	x042806	preferred	1000	0.000999000999	1	0	0	INSUFFICIENT_SUPPORT
x041532	x042807	preferred	1000	0.000999000999	1	0	0	INSUFFICIENT_SUPPORT
x041533	x000104	preferred	1000	0.000999000999	1	0	0	INSUFFICIENT_SUPPORT
x041533	x016264	preferred	1000	0.000999000999	1	0	0	INSUFFICIENT_SUPPORT
x041533	x019936	preferred	1000	0.000999000999	1	0	0	INSUFFICIENT_SUPPORT
x041533	x020020	preferred	1000	0.000999000999	1	0	0	INSUFFICIENT_SUPPORT
x041533	x020023	preferred	1000	0.000999000999	1	0	0	INSUFFICIENT_SUPPORT
x041533	x038107	preferred	1000	0.000999000999	1	0	0	INSUFFICIENT_SUPPORT
x041533	x042466	preferred	1000	0.000999000999	1	0	0	INSUFFICIENT_SUPPORT
x041584	x017409	preferred	1000	0.000999000999	1	0	0	INSUFFICIENT_SUPPORT
x041584	x017410	preferred	1000	0.000999000999	1	0	0	INSUFFICIENT_SUPPORT
x041584	x017411	preferred	1000	0.000999000999	1	0	0	INSUFFICIENT_SUPPORT
x041584	x017413	preferred	1000	0.000999000999	1	0	0	INSUFFICIENT_SUPPORT
x041584	x018496	preferred	1000	0.000999000999	1	0	0	INSUFFICIENT_SUPPORT
x041584	x018497	preferred	1000	0.000999000999	1	0	0	INSUFFICIENT_SUPPORT
x041584	x018498	preferred	1000	0.000999000999	1	0	0	INSUFFICIENT_SUPPORT
x041584	x018499	preferred	1000	0.000999000999	1	0	0	INSUFFICIENT_SUPPORT
x041584	x018500	preferred	1000	0.000999000999	1	0	0	INSUFFICIENT_SUPPORT
x041584	x020020	preferred	1000	0.000999000999	1	0	0	INSUFFICIENT_SUPPORT
x041584	x037849	preferred	1000	0.000999000999	1	0	0	INSUFFICIENT_SUPPORT
x041584	x037859	preferred	1000	0.000999000999	1	0	0	INSUFFICIENT_SUPPORT
x041584	x037952	preferred	1000	0.000999000999	1	0	0	INSUFFICIENT_SUPPORT
x041584	x041258	preferred	1000	0.000999000999	1	0	0	INSUFFICIENT_SUPPORT
x041584	x041259	preferred	1000	0.000999000999	1	0	0	INSUFFICIENT_SUPPORT
x041584	x041260	preferred	1000	0.000999000999	1	0	0	INSUFFICIENT_SUPPORT
x041584	x042803	preferred	1000	0.000999000999	1	0	0	INSUFFICIENT_SUPPORT
x041585	x017411	preferred	1000	0.000999000999	1	0	0	INSUFFICIENT_SUPPORT
x041585	x017412	preferred	1000	0.000999000999	1	0	0	INSUFFICIENT_SUPPORT
x041585	x018496	preferred	1000	0.000999000999	1	0	0	INSUFFICIENT_SUPPORT
x041585	x018497	preferred	1000	0.000999000999	1	0	0	INSUFFICIENT_SUPPORT
x041585	x018499	preferred	1000	0.000999000999	1	0	0	INSUFFICIENT_SUPPORT
x041585	x018501	preferred	1000	0.000999000999	1	0	0	INSUFFICIENT_SUPPORT
x041585	x018503	preferred	1000	0.000999000999	1	0	0	INSUFFICIENT_SUPPORT
x041585	x025763	preferred	1000	0.000999000999	1	0	0	INSUFFICIENT_SUPPORT
x041585	x037986	preferred	1000	0.000999000999	1	0	0	INSUFFICIENT_SUPPORT
x041585	x041260	preferred	1000	0.000999000999	1	0	0	INSUFFICIENT_SUPPORT
x041586	x002337	preferred	1000	0.000999000999	1	0	0	INSUFFICIENT_SUPPORT
x041586	x014361	preferred	1000	0.000999000999	1	0	0	INSUFFICIENT_SUPPORT
x041586	x017408	preferred	1000	0.000999000999	1	0	0	INSUFFICIENT_SUPPORT
x041586	x017412	preferred	1000	0.000999000999	1	0	0	INSUFFICIENT_SUPPORT
x041586	x018496	preferred	1000	0.000999000999	1	0	0	INSUFFICIENT_SUPPORT
x041586	x018499	preferred	1000	0.000999000999	1	0	0	INSUFFICIENT_SUPPORT
x041586	x018500	preferred	1000	0.000999000999	1	0	0	INSUFFICIENT_SUPPORT
x041586	x018502	preferred	1000	0.000999000999	1	0	0	INSUFFICIENT_SUPPORT
x041586	x024247	preferred	1000	0.000999000999	1	0	0	INSUFFICIENT_SUPPORT
x041586	x037856	preferred	1000	0.000999000999	1	0	0	INSUFFICIENT_SUPPORT
x041586	x037985	preferred	1000	0.000999000999	1	0	0	INSUFFICIENT_SUPPORT
x041586	x037986	preferred	1000	0.000999000999	1	0	0	INSUFFICIENT_SUPPORT
x041586	x041257	preferred	1000	0.000999000999	1	0	0	INSUFFICIENT_SUPPORT
x041586	x041259	preferred	1000	0.000999000999	1	0	0	INSUFFICIENT_SUPPORT
x041586	x041261	preferred	1000	0.000999000999	1	0	0	INSUFFICIENT_SUPPORT
x041586	x042104	preferred	1000	0.000999000999	1	0	0	INSUFFICIENT_SUPPORT
x041586	x042801	preferred	1000	0.000999000999	1	0	0	INSUFFICIENT_SUPPORT
x041609	x017408	preferred	1000	0.000999000999	1	0	0	INSUFFICIENT_SUPPORT
x041609	x017412	preferred	1000	0.000999000999	1	0	0	INSUFFICIENT_SUPPORT
x041609	x018496	preferred	1000	0.000999000999	1	0	0	INSUFFICIENT_SUPPORT
x041609	x018500	preferred	1000	0.000999000999	1	0	0	INSUFFICIENT_SUPPORT
x041609	x021788	preferred	1000	0.000999000999	1	0	0	INSUFFICIENT_SUPPORT
x041609	x033308	preferred	1000	0.000999000999	1	0	0	INSUFFICIENT_SUPPORT
x041609	x037859	preferred	1000	0.000999000999	1	0	0	INSUFFICIENT_SUPPORT
x041609	x037953	preferred	1000	0.000999000999	1	0	0	INSUFFICIENT_SUPPORT
x041609	x037984	preferred	1000	0.000999000999	1	0	0	INSUFFICIENT_SUPPORT
x041609	x042800	preferred	1000	0.000999000999	1	0	0	INSUFFICIENT_SUPPORT
x041610	x000107	preferred	1000	0.000999000999	1	0	0	INSUFFICIENT_SUPPORT
x041610	x017409	preferred	1000	0.000999000999	1	0	0	INSUFFICIENT_SUPPORT
x041610	x018498	preferred	1000	0.000999000999	1	0	0	INSUFFICIENT_SUPPORT
x041610	x020017	preferred	1000	0.000999000999	1	0	0	INSUFFICIENT_SUPPORT
x041610	x037856	preferred	1000	0.000999000999	1	0	0	INSUFFICIENT_SUPPORT
x041610	x037857	preferred	1000	0.000999000999	1	0	0	INSUFFICIENT_SUPPORT
x041610	x037858	preferred	1000	0.000999000999	1	0	0	INSUFFICIENT_SUPPORT
x041610	x037862	preferred	1000	0.000999000999	1	0	0	INSUFFICIENT_SUPPORT
x041610	x037988	preferred	1000	0.000999000999	1	0	0	INSUFFICIENT_SUPPORT
x041610	x042803	preferred	1000	0.000999000999	1	0	0	INSUFFICIENT_SUPPORT
x041656	x001888	preferred	1000	0.000999000999	1	0	0	INSUFFICIENT_SUPPORT
x041656	x008312	preferred	1000	0.000999000999	1	0	0	INSUFFICIENT_SUPPORT
x041656	x016897	preferred	1000	0.000999000999	1	0	0	INSUFFICIENT_SUPPORT
x041656	x016898	preferred	1000	0.000999000999	1	0	0	INSUFFICIENT_SUPPORT
x041656	x016901	preferred	1000	0.000999000999	1	0	0	INSUFFICIENT_SUPPORT
x041656	x017288	preferred	1000	0.000999000999	1	0	0	INSUFFICIENT_SUPPORT
x041656	x017408	preferred	1000	0.000999000999	1	0	0	INSUFFICIENT_SUPPORT
x041656	x017410	preferred	1000	0.000999000999	1	0	0	INSUFFICIENT_SUPPORT
x041656	x017411	preferred	1000	0.000999000999	1	0	0	INSUFFICIENT_SUPPORT
x041656	x017889	preferred	1000	0.000999000999	1	0	0	INSUFFICIENT_SUPPORT
x041656	x018496	preferred	1000	0.000999000999	1	0	0	INSUFFICIENT_SUPPORT
x041656	x018497	preferred	1000	0.000999000999	1	0	0	INSUFFICIENT_SUPPORT
x041656	x018498	preferred	1000	0.000999000999	1	0	0	INSUFFICIENT_SUPPORT
x041656	x018499	preferred	1000	0.000999000999	1	0	0	INSUFFICIENT_SUPPORT
x041656	x019936	preferred	1000	0.000999000999	1	0	0	INSUFFICIENT_SUPPORT
x041656	x019939	preferred	1000	0.000999000999	1	0	0	INSUFFICIENT_SUPPORT
x041656	x024802	preferred	1000	0.000999000999	1	0	0	INSUFFICIENT_SUPPORT
x041656	x025010	preferred	1000	0.000999000999	1	0	0	INSUFFICIENT_SUPPORT
x041656	x033100	preferred	1000	0.000999000999	1	0	0	INSUFFICIENT_SUPPORT
x041656	x033409	preferred	1000	0.000999000999	1	0	0	INSUFFICIENT_SUPPORT
x041656	x037856	preferred	1000	0.000999000999	1	0	0	INSUFFICIENT_SUPPORT
x041656	x040637	preferred	1000	0.000999000999	1	0	0	INSUFFICIENT_SUPPORT
x041656	x041112	preferred	1000	0.000999000999	1	0	0	INSUFFICIENT_SUPPORT
x041656	x041113	preferred	1000	0.000999000999	1	0	0	INSUFFICIENT_SUPPORT
x041656	x041118	preferred	1000	0.000999000999	1	0	0	INSUFFICIENT_SUPPORT
x041656	x041256	preferred	1000	0.000999000999	1	0	0	INSUFFICIENT_SUPPORT
x041656	x041258	preferred	1000	0.000999000999	1	0	0	INSUFFICIENT_SUPPORT
x041656	x041259	preferred	1000	0.000999000999	1	0	0	INSUFFICIENT_SUPPORT
x041656	x042466	preferred	1000	0.000999000999	1	0	0	INSUFFICIENT_SUPPORT
x041656	x042803	preferred	1000	0.000999000999	1	0	0	INSUFFICIENT_SUPPORT
x041657	x000104	depleted	1000	0.9460539461	1	0	1	INSUFFICIENT_SUPPORT
x041657	x000108	depleted	1000	1	1	0	1	INSUFFICIENT_SUPPORT
x041657	x005104	preferred	1000	1	1	0	1	INSUFFICIENT_SUPPORT
x041657	x016896	depleted	1000	0.953046953	1	0	1	INSUFFICIENT_SUPPORT
x041657	x016899	preferred	1000	1	1	0	1	INSUFFICIENT_SUPPORT
x041657	x017290	preferred	1000	1	1	0	1	INSUFFICIENT_SUPPORT
x041657	x017382	preferred	1000	1	1	0	1	INSUFFICIENT_SUPPORT
x041657	x017408	preferred	1000	0.01398601399	1	1	1	INSUFFICIENT_SUPPORT
x041657	x017411	preferred	1000	1	1	0	1	INSUFFICIENT_SUPPORT
x041657	x017412	preferred	1000	1	1	0	1	INSUFFICIENT_SUPPORT
x041657	x017414	preferred	1000	1	1	0	1	INSUFFICIENT_SUPPORT
x041657	x018497	depleted	1000	0.956043956	1	0	1	INSUFFICIENT_SUPPORT
x041657	x018498	depleted	1000	0.961038961	1	0	1	INSUFFICIENT_SUPPORT
x041657	x018499	depleted	1000	0.985014985	1	0	1	INSUFFICIENT_SUPPORT
x041657	x018500	depleted	1000	0.982017982	1	0	1	INSUFFICIENT_SUPPORT
x041657	x019936	depleted	1000	1	1	0	1	INSUFFICIENT_SUPPORT
x041657	x019937	preferred	1000	1	1	0	1	INSUFFICIENT_SUPPORT
x041657	x019939	preferred	1000	1	1	0	1	INSUFFICIENT_SUPPORT
x041657	x023520	preferred	1000	0.01798201798	1	1	1	INSUFFICIENT_SUPPORT
x041657	x024243	preferred	1000	1	1	0	1	INSUFFICIENT_SUPPORT
x041657	x033098	preferred	1000	0.03696303696	1	1	1	INSUFFICIENT_SUPPORT
x041657	x037857	depleted	1000	0.9150849151	1	0	1	INSUFFICIENT_SUPPORT
x041657	x037858	depleted	1000	0.9220779221	1	0	1	INSUFFICIENT_SUPPORT
x041657	x041112	depleted	1000	0.962037962	1	0	1	INSUFFICIENT_SUPPORT
x041657	x041114	depleted	1000	0.99000999	1	0	1	INSUFFICIENT_SUPPORT
x041657	x041117	preferred	1000	1	1	0	1	INSUFFICIENT_SUPPORT
x041657	x041240	preferred	1000	1	1	0	1	INSUFFICIENT_SUPPORT
x041657	x041258	preferred	1000	0.01598401598	1	1	1	INSUFFICIENT_SUPPORT
x041657	x041260	preferred	1000	1	1	0	1	INSUFFICIENT_SUPPORT
x041657	x041261	preferred	1000	1	1	0	1	INSUFFICIENT_SUPPORT
x041657	x041936	preferred	1000	1	1	0	1	INSUFFICIENT_SUPPORT
x041657	x041937	preferred	1000	1	1	0	1	INSUFFICIENT_SUPPORT
x041657	x042465	preferred	1000	1	1	0	1	INSUFFICIENT_SUPPORT
x041657	x042800	preferred	1000	1	1	0	1	INSUFFICIENT_SUPPORT
x041658	x016896	preferred	1000	0.000999000999	1	0	0	INSUFFICIENT_SUPPORT
x041658	x016898	preferred	1000	0.000999000999	1	0	0	INSUFFICIENT_SUPPORT
x041658	x016899	preferred	1000	0.000999000999	1	0	0	INSUFFICIENT_SUPPORT
x041658	x016900	preferred	1000	0.000999000999	1	0	0	INSUFFICIENT_SUPPORT
x041658	x017291	preferred	1000	0.000999000999	1	0	0	INSUFFICIENT_SUPPORT
x041658	x017409	preferred	1000	0.000999000999	1	0	0	INSUFFICIENT_SUPPORT
x041658	x017413	preferred	1000	0.000999000999	1	0	0	INSUFFICIENT_SUPPORT
x041658	x017415	preferred	1000	0.000999000999	1	0	0	INSUFFICIENT_SUPPORT
x041658	x018496	preferred	1000	0.000999000999	1	0	0	INSUFFICIENT_SUPPORT
x041658	x018497	preferred	1000	0.000999000999	1	0	0	INSUFFICIENT_SUPPORT
x041658	x018498	preferred	1000	0.000999000999	1	0	0	INSUFFICIENT_SUPPORT
x041658	x018499	preferred	1000	0.000999000999	1	0	0	INSUFFICIENT_SUPPORT
x041658	x018874	preferred	1000	0.000999000999	1	0	0	INSUFFICIENT_SUPPORT
x041658	x019937	preferred	1000	0.000999000999	1	0	0	INSUFFICIENT_SUPPORT
x041658	x020022	preferred	1000	0.000999000999	1	0	0	INSUFFICIENT_SUPPORT
x041658	x024802	preferred	1000	0.000999000999	1	0	0	INSUFFICIENT_SUPPORT
x041658	x025393	preferred	1000	0.000999000999	1	0	0	INSUFFICIENT_SUPPORT
x041658	x037857	preferred	1000	0.000999000999	1	0	0	INSUFFICIENT_SUPPORT
x041658	x037985	preferred	1000	0.000999000999	1	0	0	INSUFFICIENT_SUPPORT
x041658	x041112	preferred	1000	0.000999000999	1	0	0	INSUFFICIENT_SUPPORT
x041658	x041114	preferred	1000	0.000999000999	1	0	0	INSUFFICIENT_SUPPORT
x041658	x041256	preferred	1000	0.000999000999	1	0	0	INSUFFICIENT_SUPPORT
x041658	x041464	preferred	1000	0.000999000999	1	0	0	INSUFFICIENT_SUPPORT
x041658	x041466	preferred	1000	0.000999000999	1	0	0	INSUFFICIENT_SUPPORT
x041658	x042467	preferred	1000	0.000999000999	1	0	0	INSUFFICIENT_SUPPORT
x041658	x042803	preferred	1000	0.000999000999	1	0	0	INSUFFICIENT_SUPPORT
x041658	x042806	preferred	1000	0.000999000999	1	0	0	INSUFFICIENT_SUPPORT
x041659	x017288	preferred	1000	0.000999000999	1	0	0	INSUFFICIENT_SUPPORT
x041659	x017892	preferred	1000	0.000999000999	1	0	0	INSUFFICIENT_SUPPORT
x041659	x017996	preferred	1000	0.000999000999	1	0	0	INSUFFICIENT_SUPPORT
x041659	x018496	preferred	1000	0.000999000999	1	0	0	INSUFFICIENT_SUPPORT
x041659	x018499	preferred	1000	0.000999000999	1	0	0	INSUFFICIENT_SUPPORT
x041659	x018500	preferred	1000	0.000999000999	1	0	0	INSUFFICIENT_SUPPORT
x041659	x018875	preferred	1000	0.000999000999	1	0	0	INSUFFICIENT_SUPPORT
x041659	x019936	preferred	1000	0.000999000999	1	0	0	INSUFFICIENT_SUPPORT
x041659	x019937	preferred	1000	0.000999000999	1	0	0	INSUFFICIENT_SUPPORT
x041659	x020017	preferred	1000	0.000999000999	1	0	0	INSUFFICIENT_SUPPORT
x041659	x032993	preferred	1000	0.000999000999	1	0	0	INSUFFICIENT_SUPPORT
x041659	x037857	preferred	1000	0.000999000999	1	0	0	INSUFFICIENT_SUPPORT
x041659	x038538	preferred	1000	0.000999000999	1	0	0	INSUFFICIENT_SUPPORT
x041659	x038674	preferred	1000	0.000999000999	1	0	0	INSUFFICIENT_SUPPORT
x041659	x041112	preferred	1000	0.000999000999	1	0	0	INSUFFICIENT_SUPPORT
x041659	x041114	preferred	1000	0.000999000999	1	0	0	INSUFFICIENT_SUPPORT
x041659	x042464	preferred	1000	0.000999000999	1	0	0	INSUFFICIENT_SUPPORT
x041659	x042465	preferred	1000	0.000999000999	1	0	0	INSUFFICIENT_SUPPORT
x041659	x042816	preferred	1000	0.000999000999	1	0	0	INSUFFICIENT_SUPPORT
x041660	x000105	preferred	1000	0.000999000999	1	0	0	INSUFFICIENT_SUPPORT
x041660	x016900	preferred	1000	0.000999000999	1	0	0	INSUFFICIENT_SUPPORT
x041660	x017290	preferred	1000	0.000999000999	1	0	0	INSUFFICIENT_SUPPORT
x041660	x017293	preferred	1000	0.000999000999	1	0	0	INSUFFICIENT_SUPPORT
x041660	x017408	preferred	1000	0.000999000999	1	0	0	INSUFFICIENT_SUPPORT
x041660	x018499	preferred	1000	0.000999000999	1	0	0	INSUFFICIENT_SUPPORT
x041660	x019939	preferred	1000	0.000999000999	1	0	0	INSUFFICIENT_SUPPORT
x041660	x019940	preferred	1000	0.000999000999	1	0	0	INSUFFICIENT_SUPPORT
x041660	x020018	preferred	1000	0.000999000999	1	0	0	INSUFFICIENT_SUPPORT
x041660	x023368	preferred	1000	0.000999000999	1	0	0	INSUFFICIENT_SUPPORT
x041660	x041112	preferred	1000	0.000999000999	1	0	0	INSUFFICIENT_SUPPORT
x041660	x041119	preferred	1000	0.000999000999	1	0	0	INSUFFICIENT_SUPPORT
x041660	x041259	preferred	1000	0.000999000999	1	0	0	INSUFFICIENT_SUPPORT
x041660	x041261	preferred	1000	0.000999000999	1	0	0	INSUFFICIENT_SUPPORT
x041660	x041468	preferred	1000	0.000999000999	1	0	0	INSUFFICIENT_SUPPORT
x041661	x016902	preferred	1000	0.000999000999	1	0	0	INSUFFICIENT_SUPPORT
x041661	x017409	preferred	1000	0.000999000999	1	0	0	INSUFFICIENT_SUPPORT
x041661	x017410	preferred	1000	0.000999000999	1	0	0	INSUFFICIENT_SUPPORT
x041661	x018503	preferred	1000	0.000999000999	1	0	0	INSUFFICIENT_SUPPORT
x041661	x024664	preferred	1000	0.000999000999	1	0	0	INSUFFICIENT_SUPPORT
x041661	x033096	preferred	1000	0.000999000999	1	0	0	INSUFFICIENT_SUPPORT
x041661	x037858	preferred	1000	0.000999000999	1	0	0	INSUFFICIENT_SUPPORT
x041661	x041117	preferred	1000	0.000999000999	1	0	0	INSUFFICIENT_SUPPORT
x041661	x042805	preferred	1000	0.000999000999	1	0	0	INSUFFICIENT_SUPPORT
x041662	x016900	preferred	1000	0.000999000999	1	0	0	INSUFFICIENT_SUPPORT
x041662	x018258	preferred	1000	0.000999000999	1	0	0	INSUFFICIENT_SUPPORT
x041662	x018498	preferred	1000	0.000999000999	1	0	0	INSUFFICIENT_SUPPORT
x041662	x018500	preferred	1000	0.000999000999	1	0	0	INSUFFICIENT_SUPPORT
x041662	x019938	preferred	1000	0.000999000999	1	0	0	INSUFFICIENT_SUPPORT
x041662	x019940	preferred	1000	0.000999000999	1	0	0	INSUFFICIENT_SUPPORT
x041662	x024241	preferred	1000	0.000999000999	1	0	0	INSUFFICIENT_SUPPORT
x041662	x033098	preferred	1000	0.000999000999	1	0	0	INSUFFICIENT_SUPPORT
x041662	x033308	preferred	1000	0.000999000999	1	0	0	INSUFFICIENT_SUPPORT
x041662	x037857	preferred	1000	0.000999000999	1	0	0	INSUFFICIENT_SUPPORT
x041662	x037860	preferred	1000	0.000999000999	1	0	0	INSUFFICIENT_SUPPORT
x041662	x041258	preferred	1000	0.000999000999	1	0	0	INSUFFICIENT_SUPPORT
x041662	x041259	preferred	1000	0.000999000999	1	0	0	INSUFFICIENT_SUPPORT
x041662	x042464	preferred	1000	0.000999000999	1	0	0	INSUFFICIENT_SUPPORT
x041662	x042806	preferred	1000	0.000999000999	1	0	0	INSUFFICIENT_SUPPORT
x041800	x001889	preferred	1000	0.000999000999	1	0	0	INSUFFICIENT_SUPPORT
x041800	x002104	preferred	1000	0.000999000999	1	0	0	INSUFFICIENT_SUPPORT
x041800	x005248	preferred	1000	0.000999000999	1	0	0	INSUFFICIENT_SUPPORT
x041800	x017293	preferred	1000	0.000999000999	1	0	0	INSUFFICIENT_SUPPORT
x041800	x019936	preferred	1000	0.000999000999	1	0	0	INSUFFICIENT_SUPPORT
x041800	x025760	preferred	1000	0.000999000999	1	0	0	INSUFFICIENT_SUPPORT
x041800	x041112	preferred	1000	0.000999000999	1	0	0	INSUFFICIENT_SUPPORT
x041800	x041464	preferred	1000	0.000999000999	1	0	0	INSUFFICIENT_SUPPORT
x041800	x041466	preferred	1000	0.000999000999	1	0	0	INSUFFICIENT_SUPPORT
x041801	x001891	preferred	1000	0.000999000999	1	0	0	INSUFFICIENT_SUPPORT
x041801	x008314	preferred	1000	0.000999000999	1	0	0	INSUFFICIENT_SUPPORT
x041801	x016898	preferred	1000	0.000999000999	1	0	0	INSUFFICIENT_SUPPORT
x041801	x016899	preferred	1000	0.000999000999	1	0	0	INSUFFICIENT_SUPPORT
x041801	x016901	preferred	1000	0.000999000999	1	0	0	INSUFFICIENT_SUPPORT
x041801	x024074	preferred	1000	0.000999000999	1	0	0	INSUFFICIENT_SUPPORT
x041801	x033409	preferred	1000	0.000999000999	1	0	0	INSUFFICIENT_SUPPORT
x041801	x041939	preferred	1000	0.000999000999	1	0	0	INSUFFICIENT_SUPPORT
x041802	x005232	preferred	1000	0.000999000999	1	0	0	INSUFFICIENT_SUPPORT
x041802	x016898	preferred	1000	0.000999000999	1	0	0	INSUFFICIENT_SUPPORT
x041802	x016899	preferred	1000	0.000999000999	1	0	0	INSUFFICIENT_SUPPORT
x041802	x016902	preferred	1000	0.000999000999	1	0	0	INSUFFICIENT_SUPPORT
x041802	x017292	preferred	1000	0.000999000999	1	0	0	INSUFFICIENT_SUPPORT
x041802	x017380	preferred	1000	0.000999000999	1	0	0	INSUFFICIENT_SUPPORT
x041802	x041467	preferred	1000	0.000999000999	1	0	0	INSUFFICIENT_SUPPORT
x041802	x042107	preferred	1000	0.000999000999	1	0	0	INSUFFICIENT_SUPPORT
x041803	x001891	preferred	1000	0.000999000999	1	0	0	INSUFFICIENT_SUPPORT
x041803	x017288	preferred	1000	0.000999000999	1	0	0	INSUFFICIENT_SUPPORT
x041803	x017379	preferred	1000	0.000999000999	1	0	0	INSUFFICIENT_SUPPORT
x041803	x019938	preferred	1000	0.000999000999	1	0	0	INSUFFICIENT_SUPPORT
x041803	x041117	preferred	1000	0.000999000999	1	0	0	INSUFFICIENT_SUPPORT
x041804	x001889	preferred	1000	0.000999000999	1	0	0	INSUFFICIENT_SUPPORT
x041804	x017380	preferred	1000	0.000999000999	1	0	0	INSUFFICIENT_SUPPORT
x041804	x018496	preferred	1000	0.000999000999	1	0	0	INSUFFICIENT_SUPPORT
x041804	x019942	preferred	1000	0.000999000999	1	0	0	INSUFFICIENT_SUPPORT
x041804	x041114	preferred	1000	0.000999000999	1	0	0	INSUFFICIENT_SUPPORT
x041804	x041116	preferred	1000	0.000999000999	1	0	0	INSUFFICIENT_SUPPORT
x041804	x041464	preferred	1000	0.000999000999	1	0	0	INSUFFICIENT_SUPPORT
x041936	x002976	preferred	1000	0.000999000999	1	0	0	INSUFFICIENT_SUPPORT
x041936	x002978	preferred	1000	0.000999000999	1	0	0	INSUFFICIENT_SUPPORT
x041936	x002979	preferred	1000	0.000999000999	1	0	0	INSUFFICIENT_SUPPORT
x041936	x002981	preferred	1000	0.000999000999	1	0	0	INSUFFICIENT_SUPPORT
x041936	x010936	preferred	1000	0.000999000999	1	0	0	INSUFFICIENT_SUPPORT
x041936	x032440	preferred	1000	0.000999000999	1	0	0	INSUFFICIENT_SUPPORT
x041937	x002976	preferred	1000	0.000999000999	1	0	0	INSUFFICIENT_SUPPORT
x041937	x002977	preferred	1000	0.000999000999	1	0	0	INSUFFICIENT_SUPPORT
x041937	x002982	preferred	1000	0.000999000999	1	0	0	INSUFFICIENT_SUPPORT
x041937	x005073	preferred	1000	0.000999000999	1	0	0	INSUFFICIENT_SUPPORT
x041937	x017376	preferred	1000	0.000999000999	1	0	0	INSUFFICIENT_SUPPORT
x041937	x017379	preferred	1000	0.000999000999	1	0	0	INSUFFICIENT_SUPPORT
x041937	x018497	preferred	1000	0.000999000999	1	0	0	INSUFFICIENT_SUPPORT
x041937	x038057	preferred	1000	0.000999000999	1	0	0	INSUFFICIENT_SUPPORT
x041938	x001430	preferred	1000	0.000999000999	1	0	0	INSUFFICIENT_SUPPORT
x041938	x002976	preferred	1000	0.000999000999	1	0	0	INSUFFICIENT_SUPPORT
x041938	x002979	preferred	1000	0.000999000999	1	0	0	INSUFFICIENT_SUPPORT
x041938	x002980	preferred	1000	0.000999000999	1	0	0	INSUFFICIENT_SUPPORT
x041938	x017381	preferred	1000	0.000999000999	1	0	0	INSUFFICIENT_SUPPORT
x041938	x032442	preferred	1000	0.000999000999	1	0	0	INSUFFICIENT_SUPPORT
x041939	x002976	preferred	1000	0.000999000999	1	0	0	INSUFFICIENT_SUPPORT
x041939	x002977	preferred	1000	0.000999000999	1	0	0	INSUFFICIENT_SUPPORT
x041939	x002978	preferred	1000	0.000999000999	1	0	0	INSUFFICIENT_SUPPORT
x041939	x002980	preferred	1000	0.000999000999	1	0	0	INSUFFICIENT_SUPPORT
x041939	x007098	preferred	1000	0.000999000999	1	0	0	INSUFFICIENT_SUPPORT
x041939	x010937	preferred	1000	0.000999000999	1	0	0	INSUFFICIENT_SUPPORT
x041939	x017376	preferred	1000	0.000999000999	1	0	0	INSUFFICIENT_SUPPORT
x041939	x017377	preferred	1000	0.000999000999	1	0	0	INSUFFICIENT_SUPPORT
x041939	x018496	preferred	1000	0.000999000999	1	0	0	INSUFFICIENT_SUPPORT
x041939	x018872	preferred	1000	0.000999000999	1	0	0	INSUFFICIENT_SUPPORT
x041939	x024930	preferred	1000	0.000999000999	1	0	0	INSUFFICIENT_SUPPORT
x041939	x024933	preferred	1000	0.000999000999	1	0	0	INSUFFICIENT_SUPPORT
x041939	x038057	preferred	1000	0.000999000999	1	0	0	INSUFFICIENT_SUPPORT
x042104	x000104	preferred	1000	0.02997002997	1	1	0.9008097981	INSUFFICIENT_SUPPORT
x042104	x000105	preferred	1000	0.000999000999	1	0.5	0.5525361766	INSUFFICIENT_SUPPORT
x042104	x000106	depleted	1000	1	1	0	0.9162575541	INSUFFICIENT_SUPPORT
x042104	x000107	depleted	1000	0.978021978	1	0	0.7863296582	INSUFFICIENT_SUPPORT
x042104	x000108	depleted	1000	1	1	1	0.9901977336	INSUFFICIENT_SUPPORT
x042104	x000109	depleted	1000	0.978021978	1	0	0.620461699	INSUFFICIENT_SUPPORT
x042104	x000110	preferred	1000	1	1	0	0.9060773901	INSUFFICIENT_SUPPORT
x042104	x001089	preferred	1000	1	1	0	0.5113993922	INSUFFICIENT_SUPPORT
x042104	x001091	preferred	1000	1	1	0	0.5113993922	INSUFFICIENT_SUPPORT
x042104	x001393	preferred	1000	1	1	0	0.9060773901	INSUFFICIENT_SUPPORT
x042104	x001395	preferred	1000	1	1	0	0.5113993922	INSUFFICIENT_SUPPORT
x042104	x017832	preferred	1000	1	1	0	0.9060773901	INSUFFICIENT_SUPPORT
x042104	x017833	depleted	1000	1	1	0	0.8545287377	INSUFFICIENT_SUPPORT
x042104	x017837	preferred	1000	1	1	0	0.6452218214	INSUFFICIENT_SUPPORT
x042104	x017888	depleted	1000	0.965034965	1	0	0.9162575541	INSUFFICIENT_SUPPORT
x042104	x017889	preferred	1000	1	1	0	0.5436719674	INSUFFICIENT_SUPPORT
x042104	x017890	preferred	1000	0.06493506494	1	1	0.6503138104	INSUFFICIENT_SUPPORT
x042104	x017893	preferred	1000	1	1	0	0.6159051551	INSUFFICIENT_SUPPORT
x042104	x020020	preferred	1000	1	1	0	0.6159051551	INSUFFICIENT_SUPPORT
x042104	x022953	preferred	1000	1	1	0	0.6096052655	INSUFFICIENT_SUPPORT
x042104	x022954	preferred	1000	1	1	0	0.7328865225	INSUFFICIENT_SUPPORT
x042104	x024246	preferred	1000	1	1	0	0.948356222	INSUFFICIENT_SUPPORT
x042104	x034675	preferred	1000	1	1	0	0.5113993922	INSUFFICIENT_SUPPORT
x042104	x037856	depleted	1000	0.991008991	1	1	0.8926639718	INSUFFICIENT_SUPPORT
x042104	x037857	depleted	1000	0.8841158841	1	0	0.645356599	INSUFFICIENT_SUPPORT
x042104	x037858	depleted	1000	0.996003996	1	1	0.6327736378	INSUFFICIENT_SUPPORT
x042104	x037859	depleted	1000	0.9460539461	1	0	0.7517184247	INSUFFICIENT_SUPPORT
x042104	x037860	depleted	1000	0.978021978	1	0	0.6668862835	INSUFFICIENT_SUPPORT
x042104	x037861	depleted	1000	0.96003996	1	0	0.5559925764	INSUFFICIENT_SUPPORT
x042104	x037862	depleted	1000	0.994005994	1	0	0.9162575541	INSUFFICIENT_SUPPORT
x042104	x037881	preferred	1000	1	1	0	0.5113993922	INSUFFICIENT_SUPPORT
x042104	x038104	preferred	1000	1	1	0	0.9060773901	INSUFFICIENT_SUPPORT
x042104	x040257	preferred	1000	1	1	0	0.7491686686	INSUFFICIENT_SUPPORT
x042104	x040258	preferred	1000	1	1	0	0.7328865225	INSUFFICIENT_SUPPORT
x042104	x040259	preferred	1000	1	1	0	0.5113993922	INSUFFICIENT_SUPPORT
x042104	x040260	preferred	1000	1	1	0	0.5113993922	INSUFFICIENT_SUPPORT
x042104	x041530	preferred	1000	1	1	0	0.5113993922	INSUFFICIENT_SUPPORT
x042104	x042800	preferred	1000	1	1	0	0.5436719674	INSUFFICIENT_SUPPORT
x042104	x042801	depleted	1000	0.994005994	1	0	0.5180310938	INSUFFICIENT_SUPPORT
x042104	x042802	preferred	1000	1	1	0	0.9060773901	INSUFFICIENT_SUPPORT
x042104	x042803	preferred	1000	0.02297702298	1	1	0.7245860399	INSUFFICIENT_SUPPORT
x042104	x042806	preferred	1000	1	1	0	0.7491686686	INSUFFICIENT_SUPPORT
x042104	x042816	preferred	1000	1	1	0	0.948356222	INSUFFICIENT_SUPPORT
x042105	x000104	preferred	1000	0.000999000999	1	0	0	INSUFFICIENT_SUPPORT
x042105	x000105	preferred	1000	0.000999000999	1	0	0	INSUFFICIENT_SUPPORT
x042105	x000106	preferred	1000	0.000999000999	1	0	0	INSUFFICIENT_SUPPORT
x042105	x000107	preferred	1000	0.000999000999	1	0	0	INSUFFICIENT_SUPPORT
x042105	x000108	preferred	1000	0.000999000999	1	0	0	INSUFFICIENT_SUPPORT
x042105	x000109	preferred	1000	0.000999000999	1	0	0	INSUFFICIENT_SUPPORT
x042105	x000111	preferred	1000	0.000999000999	1	0	0	INSUFFICIENT_SUPPORT
x042105	x001089	preferred	1000	0.000999000999	1	0	0	INSUFFICIENT_SUPPORT
x042105	x001394	preferred	1000	0.000999000999	1	0	0	INSUFFICIENT_SUPPORT
x042105	x016969	preferred	1000	0.000999000999	1	0	0	INSUFFICIENT_SUPPORT
x042105	x017677	preferred	1000	0.000999000999	1	0	0	INSUFFICIENT_SUPPORT
x042105	x017834	preferred	1000	0.000999000999	1	0	0	INSUFFICIENT_SUPPORT
x042105	x017836	preferred	1000	0.000999000999	1	0	0	INSUFFICIENT_SUPPORT
x042105	x017888	preferred	1000	0.000999000999	1	0	0	INSUFFICIENT_SUPPORT
x042105	x017889	preferred	1000	0.000999000999	1	0	0	INSUFFICIENT_SUPPORT
x042105	x017890	preferred	1000	0.000999000999	1	0	0	INSUFFICIENT_SUPPORT
x042105	x017891	preferred	1000	0.000999000999	1	0	0	INSUFFICIENT_SUPPORT
x042105	x022953	preferred	1000	0.000999000999	1	0	0	INSUFFICIENT_SUPPORT
x042105	x022954	preferred	1000	0.000999000999	1	0	0	INSUFFICIENT_SUPPORT
x042105	x024072	preferred	1000	0.000999000999	1	0	0	INSUFFICIENT_SUPPORT
x042105	x024244	preferred	1000	0.000999000999	1	0	0	INSUFFICIENT_SUPPORT
x042105	x025766	preferred	1000	0.000999000999	1	0	0	INSUFFICIENT_SUPPORT
x042105	x037851	preferred	1000	0.000999000999	1	0	0	INSUFFICIENT_SUPPORT
x042105	x037856	preferred	1000	0.000999000999	1	0	0	INSUFFICIENT_SUPPORT
x042105	x037857	preferred	1000	0.000999000999	1	0	0	INSUFFICIENT_SUPPORT
x042105	x037858	preferred	1000	0.000999000999	1	0	0	INSUFFICIENT_SUPPORT
x042105	x037859	preferred	1000	0.000999000999	1	0	0	INSUFFICIENT_SUPPORT
x042105	x037860	preferred	1000	0.000999000999	1	0	0	INSUFFICIENT_SUPPORT
x042105	x037861	preferred	1000	0.000999000999	1	0	0	INSUFFICIENT_SUPPORT
x042105	x037862	preferred	1000	0.000999000999	1	0	0	INSUFFICIENT_SUPPORT
x042105	x037863	preferred	1000	0.000999000999	1	0	0	INSUFFICIENT_SUPPORT
x042105	x037881	preferred	1000	0.000999000999	1	0	0	INSUFFICIENT_SUPPORT
x042105	x038104	preferred	1000	0.000999000999	1	0	0	INSUFFICIENT_SUPPORT
x042105	x042800	preferred	1000	0.000999000999	1	0	0	INSUFFICIENT_SUPPORT
x042105	x042816	preferred	1000	0.000999000999	1	0	0	INSUFFICIENT_SUPPORT
x042106	x000104	preferred	1000	0.000999000999	1	0	0	INSUFFICIENT_SUPPORT
x042106	x000105	preferred	1000	0.000999000999	1	0	0	INSUFFICIENT_SUPPORT
x042106	x000106	preferred	1000	0.000999000999	1	0	0	INSUFFICIENT_SUPPORT
x042106	x000107	preferred	1000	0.000999000999	1	0	0	INSUFFICIENT_SUPPORT
x042106	x000108	preferred	1000	0.000999000999	1	0	0	INSUFFICIENT_SUPPORT
x042106	x000110	preferred	1000	0.000999000999	1	0	0	INSUFFICIENT_SUPPORT
x042106	x001091	preferred	1000	0.000999000999	1	0	0	INSUFFICIENT_SUPPORT
x042106	x001392	preferred	1000	0.000999000999	1	0	0	INSUFFICIENT_SUPPORT
x042106	x005072	preferred	1000	0.000999000999	1	0	0	INSUFFICIENT_SUPPORT
x042106	x017832	preferred	1000	0.000999000999	1	0	0	INSUFFICIENT_SUPPORT
x042106	x017834	preferred	1000	0.000999000999	1	0	0	INSUFFICIENT_SUPPORT
x042106	x017888	preferred	1000	0.000999000999	1	0	0	INSUFFICIENT_SUPPORT
x042106	x017889	preferred	1000	0.000999000999	1	0	0	INSUFFICIENT_SUPPORT
x042106	x017890	preferred	1000	0.000999000999	1	0	0	INSUFFICIENT_SUPPORT
x042106	x017891	preferred	1000	0.000999000999	1	0	0	INSUFFICIENT_SUPPORT
x042106	x020016	preferred	1000	0.000999000999	1	0	0	INSUFFICIENT_SUPPORT
x042106	x024240	preferred	1000	0.000999000999	1	0	0	INSUFFICIENT_SUPPORT
x042106	x024246	preferred	1000	0.000999000999	1	0	0	INSUFFICIENT_SUPPORT
x042106	x025544	preferred	1000	0.000999000999	1	0	0	INSUFFICIENT_SUPPORT
x042106	x025762	preferred	1000	0.000999000999	1	0	0	INSUFFICIENT_SUPPORT
x042106	x025765	preferred	1000	0.000999000999	1	0	0	INSUFFICIENT_SUPPORT
x042106	x034675	preferred	1000	0.000999000999	1	0	0	INSUFFICIENT_SUPPORT
x042106	x037856	preferred	1000	0.000999000999	1	0	0	INSUFFICIENT_SUPPORT
x042106	x037857	preferred	1000	0.000999000999	1	0	0	INSUFFICIENT_SUPPORT
x042106	x037858	preferred	1000	0.000999000999	1	0	0	INSUFFICIENT_SUPPORT
x042106	x037859	preferred	1000	0.000999000999	1	0	0	INSUFFICIENT_SUPPORT
x042106	x037861	preferred	1000	0.000999000999	1	0	0	INSUFFICIENT_SUPPORT
x042106	x037881	preferred	1000	0.000999000999	1	0	0	INSUFFICIENT_SUPPORT
x042106	x038110	preferred	1000	0.000999000999	1	0	0	INSUFFICIENT_SUPPORT
x042106	x040256	preferred	1000	0.000999000999	1	0	0	INSUFFICIENT_SUPPORT
x042106	x040257	preferred	1000	0.000999000999	1	0	0	INSUFFICIENT_SUPPORT
x042106	x040258	preferred	1000	0.000999000999	1	0	0	INSUFFICIENT_SUPPORT
x042106	x042801	preferred	1000	0.000999000999	1	0	0	INSUFFICIENT_SUPPORT
x042106	x042806	preferred	1000	0.000999000999	1	0	0	INSUFFICIENT_SUPPORT
x042107	x000104	preferred	1000	0.000999000999	1	0	0	INSUFFICIENT_SUPPORT
x042107	x000105	preferred	1000	0.000999000999	1	0	0	INSUFFICIENT_SUPPORT
x042107	x000106	preferred	1000	0.000999000999	1	0	0	INSUFFICIENT_SUPPORT
x042107	x000107	preferred	1000	0.000999000999	1	0	0	INSUFFICIENT_SUPPORT
x042107	x000108	preferred	1000	0.000999000999	1	0	0	INSUFFICIENT_SUPPORT
x042107	x000110	preferred	1000	0.000999000999	1	0	0	INSUFFICIENT_SUPPORT
x042107	x000111	preferred	1000	0.000999000999	1	0	0	INSUFFICIENT_SUPPORT
x042107	x001393	preferred	1000	0.000999000999	1	0	0	INSUFFICIENT_SUPPORT
x042107	x001396	preferred	1000	0.000999000999	1	0	0	INSUFFICIENT_SUPPORT
x042107	x017833	preferred	1000	0.000999000999	1	0	0	INSUFFICIENT_SUPPORT
x042107	x017835	preferred	1000	0.000999000999	1	0	0	INSUFFICIENT_SUPPORT
x042107	x017890	preferred	1000	0.000999000999	1	0	0	INSUFFICIENT_SUPPORT
x042107	x017892	preferred	1000	0.000999000999	1	0	0	INSUFFICIENT_SUPPORT
x042107	x022953	preferred	1000	0.000999000999	1	0	0	INSUFFICIENT_SUPPORT
x042107	x022955	preferred	1000	0.000999000999	1	0	0	INSUFFICIENT_SUPPORT
x042107	x022957	preferred	1000	0.000999000999	1	0	0	INSUFFICIENT_SUPPORT
x042107	x024242	preferred	1000	0.000999000999	1	0	0	INSUFFICIENT_SUPPORT
x042107	x024243	preferred	1000	0.000999000999	1	0	0	INSUFFICIENT_SUPPORT
x042107	x025489	preferred	1000	0.000999000999	1	0	0	INSUFFICIENT_SUPPORT
x042107	x025762	preferred	1000	0.000999000999	1	0	0	INSUFFICIENT_SUPPORT
x042107	x025763	preferred	1000	0.000999000999	1	0	0	INSUFFICIENT_SUPPORT
x042107	x025764	preferred	1000	0.000999000999	1	0	0	INSUFFICIENT_SUPPORT
x042107	x034243	preferred	1000	0.000999000999	1	0	0	INSUFFICIENT_SUPPORT
x042107	x037857	preferred	1000	0.000999000999	1	0	0	INSUFFICIENT_SUPPORT
x042107	x037858	preferred	1000	0.000999000999	1	0	0	INSUFFICIENT_SUPPORT
x042107	x037859	preferred	1000	0.000999000999	1	0	0	INSUFFICIENT_SUPPORT
x042107	x040257	preferred	1000	0.000999000999	1	0	0	INSUFFICIENT_SUPPORT
x042107	x040260	preferred	1000	0.000999000999	1	0	0	INSUFFICIENT_SUPPORT
x042107	x041657	preferred	1000	0.000999000999	1	0	0	INSUFFICIENT_SUPPORT
x042107	x042801	preferred	1000	0.000999000999	1	0	0	INSUFFICIENT_SUPPORT
x042107	x042816	preferred	1000	0.000999000999	1	0	0	INSUFFICIENT_SUPPORT
x042108	x000105	preferred	1000	0.000999000999	1	0	0	INSUFFICIENT_SUPPORT
x042108	x000106	preferred	1000	0.000999000999	1	0	0	INSUFFICIENT_SUPPORT
x042108	x000108	preferred	1000	0.000999000999	1	0	0	INSUFFICIENT_SUPPORT
x042108	x000109	preferred	1000	0.000999000999	1	0	0	INSUFFICIENT_SUPPORT
x042108	x000110	preferred	1000	0.000999000999	1	0	0	INSUFFICIENT_SUPPORT
x042108	x000111	preferred	1000	0.000999000999	1	0	0	INSUFFICIENT_SUPPORT
x042108	x017672	preferred	1000	0.000999000999	1	0	0	INSUFFICIENT_SUPPORT
x042108	x017674	preferred	1000	0.000999000999	1	0	0	INSUFFICIENT_SUPPORT
x042108	x017835	preferred	1000	0.000999000999	1	0	0	INSUFFICIENT_SUPPORT
x042108	x017838	preferred	1000	0.000999000999	1	0	0	INSUFFICIENT_SUPPORT
x042108	x017889	preferred	1000	0.000999000999	1	0	0	INSUFFICIENT_SUPPORT
x042108	x017891	preferred	1000	0.000999000999	1	0	0	INSUFFICIENT_SUPPORT
x042108	x020019	preferred	1000	0.000999000999	1	0	0	INSUFFICIENT_SUPPORT
x042108	x022956	preferred	1000	0.000999000999	1	0	0	INSUFFICIENT_SUPPORT
x042108	x024240	preferred	1000	0.000999000999	1	0	0	INSUFFICIENT_SUPPORT
x042108	x024245	preferred	1000	0.000999000999	1	0	0	INSUFFICIENT_SUPPORT
x042108	x025761	preferred	1000	0.000999000999	1	0	0	INSUFFICIENT_SUPPORT
x042108	x037856	preferred	1000	0.000999000999	1	0	0	INSUFFICIENT_SUPPORT
x042108	x037857	preferred	1000	0.000999000999	1	0	0	INSUFFICIENT_SUPPORT
x042108	x037862	preferred	1000	0.000999000999	1	0	0	INSUFFICIENT_SUPPORT
x042108	x037897	preferred	1000	0.000999000999	1	0	0	INSUFFICIENT_SUPPORT
x042108	x041658	preferred	1000	0.000999000999	1	0	0	INSUFFICIENT_SUPPORT
x042108	x041662	preferred	1000	0.000999000999	1	0	0	INSUFFICIENT_SUPPORT
x042109	x000104	preferred	1000	0.000999000999	1	0	0	INSUFFICIENT_SUPPORT
x042109	x000106	preferred	1000	0.000999000999	1	0	0	INSUFFICIENT_SUPPORT
x042109	x000107	preferred	1000	0.000999000999	1	0	0	INSUFFICIENT_SUPPORT
x042109	x000109	preferred	1000	0.000999000999	1	0	0	INSUFFICIENT_SUPPORT
x042109	x001392	preferred	1000	0.000999000999	1	0	0	INSUFFICIENT_SUPPORT
x042109	x001393	preferred	1000	0.000999000999	1	0	0	INSUFFICIENT_SUPPORT
x042109	x017836	preferred	1000	0.000999000999	1	0	0	INSUFFICIENT_SUPPORT
x042109	x017889	preferred	1000	0.000999000999	1	0	0	INSUFFICIENT_SUPPORT
x042109	x024242	preferred	1000	0.000999000999	1	0	0	INSUFFICIENT_SUPPORT
x042109	x034672	preferred	1000	0.000999000999	1	0	0	INSUFFICIENT_SUPPORT
x042109	x037856	preferred	1000	0.000999000999	1	0	0	INSUFFICIENT_SUPPORT
x042109	x037857	preferred	1000	0.000999000999	1	0	0	INSUFFICIENT_SUPPORT
x042109	x037858	preferred	1000	0.000999000999	1	0	0	INSUFFICIENT_SUPPORT
x042109	x037859	preferred	1000	0.000999000999	1	0	0	INSUFFICIENT_SUPPORT
x042109	x037862	preferred	1000	0.000999000999	1	0	0	INSUFFICIENT_SUPPORT
x042109	x037880	preferred	1000	0.000999000999	1	0	0	INSUFFICIENT_SUPPORT
x042109	x039659	preferred	1000	0.000999000999	1	0	0	INSUFFICIENT_SUPPORT
x042110	x000107	preferred	1000	0.000999000999	1	0	0	INSUFFICIENT_SUPPORT
x042110	x017834	preferred	1000	0.000999000999	1	0	0	INSUFFICIENT_SUPPORT
x042110	x017891	preferred	1000	0.000999000999	1	0	0	INSUFFICIENT_SUPPORT
x042110	x024241	preferred	1000	0.000999000999	1	0	0	INSUFFICIENT_SUPPORT
x042110	x025760	preferred	1000	0.000999000999	1	0	0	INSUFFICIENT_SUPPORT
x042110	x037857	preferred	1000	0.000999000999	1	0	0	INSUFFICIENT_SUPPORT
x042110	x037859	preferred	1000	0.000999000999	1	0	0	INSUFFICIENT_SUPPORT
x042110	x037862	preferred	1000	0.000999000999	1	0	0	INSUFFICIENT_SUPPORT
x042110	x037881	preferred	1000	0.000999000999	1	0	0	INSUFFICIENT_SUPPORT
x042111	x000105	preferred	1000	0.000999000999	1	0	0	INSUFFICIENT_SUPPORT
x042111	x000106	preferred	1000	0.000999000999	1	0	0	INSUFFICIENT_SUPPORT
x042111	x000108	preferred	1000	0.000999000999	1	0	0	INSUFFICIENT_SUPPORT
x042111	x001089	preferred	1000	0.000999000999	1	0	0	INSUFFICIENT_SUPPORT
x042111	x001398	preferred	1000	0.000999000999	1	0	0	INSUFFICIENT_SUPPORT
x042111	x017888	preferred	1000	0.000999000999	1	0	0	INSUFFICIENT_SUPPORT
x042111	x024804	preferred	1000	0.000999000999	1	0	0	INSUFFICIENT_SUPPORT
x042111	x037857	preferred	1000	0.000999000999	1	0	0	INSUFFICIENT_SUPPORT
x042111	x037858	preferred	1000	0.000999000999	1	0	0	INSUFFICIENT_SUPPORT
x042111	x037859	preferred	1000	0.000999000999	1	0	0	INSUFFICIENT_SUPPORT
x042464	x002976	preferred	1000	0.000999000999	1	0	0	INSUFFICIENT_SUPPORT
x042464	x002978	preferred	1000	0.000999000999	1	0	0	INSUFFICIENT_SUPPORT
x042464	x002979	preferred	1000	0.000999000999	1	0	0	INSUFFICIENT_SUPPORT
x042464	x002980	preferred	1000	0.000999000999	1	0	0	INSUFFICIENT_SUPPORT
x042464	x002981	preferred	1000	0.000999000999	1	0	0	INSUFFICIENT_SUPPORT
x042464	x017376	preferred	1000	0.000999000999	1	0	0	INSUFFICIENT_SUPPORT
x042464	x017377	preferred	1000	0.000999000999	1	0	0	INSUFFICIENT_SUPPORT
x042464	x017379	preferred	1000	0.000999000999	1	0	0	INSUFFICIENT_SUPPORT
x042464	x020020	preferred	1000	0.000999000999	1	0	0	INSUFFICIENT_SUPPORT
x042464	x021562	preferred	1000	0.000999000999	1	0	0	INSUFFICIENT_SUPPORT
x042464	x024928	preferred	1000	0.000999000999	1	0	0	INSUFFICIENT_SUPPORT
x042464	x037912	preferred	1000	0.000999000999	1	0	0	INSUFFICIENT_SUPPORT
x042464	x042800	preferred	1000	0.000999000999	1	0	0	INSUFFICIENT_SUPPORT
x042464	x042806	preferred	1000	0.000999000999	1	0	0	INSUFFICIENT_SUPPORT
x042465	x002977	preferred	1000	0.000999000999	1	0	0	INSUFFICIENT_SUPPORT
x042465	x002979	preferred	1000	0.000999000999	1	0	0	INSUFFICIENT_SUPPORT
x042465	x017376	preferred	1000	0.000999000999	1	0	0	INSUFFICIENT_SUPPORT
x042465	x017377	preferred	1000	0.000999000999	1	0	0	INSUFFICIENT_SUPPORT
x042465	x017378	preferred	1000	0.000999000999	1	0	0	INSUFFICIENT_SUPPORT
x042465	x017379	preferred	1000	0.000999000999	1	0	0	INSUFFICIENT_SUPPORT
x042465	x017380	preferred	1000	0.000999000999	1	0	0	INSUFFICIENT_SUPPORT
x042465	x017382	preferred	1000	0.000999000999	1	0	0	INSUFFICIENT_SUPPORT
x042465	x017410	preferred	1000	0.000999000999	1	0	0	INSUFFICIENT_SUPPORT
x042465	x021969	preferred	1000	0.000999000999	1	0	0	INSUFFICIENT_SUPPORT
x042465	x024667	preferred	1000	0.000999000999	1	0	0	INSUFFICIENT_SUPPORT
x042465	x042801	preferred	1000	0.000999000999	1	0	0	INSUFFICIENT_SUPPORT
x042466	x002976	preferred	1000	0.000999000999	1	0	0	INSUFFICIENT_SUPPORT
x042466	x002979	preferred	1000	0.000999000999	1	0	0	INSUFFICIENT_SUPPORT
x042466	x002980	preferred	1000	0.000999000999	1	0	0	INSUFFICIENT_SUPPORT
x042466	x017377	preferred	1000	0.000999000999	1	0	0	INSUFFICIENT_SUPPORT
x042466	x018496	preferred	1000	0.000999000999	1	0	0	INSUFFICIENT_SUPPORT
x042466	x021561	preferred	1000	0.000999000999	1	0	0	INSUFFICIENT_SUPPORT
x042466	x024929	preferred	1000	0.000999000999	1	0	0	INSUFFICIENT_SUPPORT
x042466	x024932	preferred	1000	0.000999000999	1	0	0	INSUFFICIENT_SUPPORT
x042466	x042804	preferred	1000	0.000999000999	1	0	0	INSUFFICIENT_SUPPORT
x042467	x002976	preferred	1000	0.000999000999	1	0	0	INSUFFICIENT_SUPPORT
x042467	x002977	preferred	1000	0.000999000999	1	0	0	INSUFFICIENT_SUPPORT
x042467	x002981	preferred	1000	0.000999000999	1	0	0	INSUFFICIENT_SUPPORT
x042467	x017378	preferred	1000	0.000999000999	1	0	0	INSUFFICIENT_SUPPORT
x042467	x017380	preferred	1000	0.000999000999	1	0	0	INSUFFICIENT_SUPPORT
x042467	x042801	preferred	1000	0.000999000999	1	0	0	INSUFFICIENT_SUPPORT
x042469	x002981	preferred	1000	0.000999000999	1	0	0	INSUFFICIENT_SUPPORT
x042469	x007097	preferred	1000	0.000999000999	1	0	0	INSUFFICIENT_SUPPORT
x042469	x017379	preferred	1000	0.000999000999	1	0	0	INSUFFICIENT_SUPPORT
x042469	x017380	preferred	1000	0.000999000999	1	0	0	INSUFFICIENT_SUPPORT
x042469	x017408	preferred	1000	0.000999000999	1	0	0	INSUFFICIENT_SUPPORT
x042469	x022458	preferred	1000	0.000999000999	1	0	0	INSUFFICIENT_SUPPORT
x042469	x024933	preferred	1000	0.000999000999	1	0	0	INSUFFICIENT_SUPPORT
x042469	x042802	preferred	1000	0.000999000999	1	0	0	INSUFFICIENT_SUPPORT
x042469	x042806	preferred	1000	0.000999000999	1	0	0	INSUFFICIENT_SUPPORT
x042800	x001093	preferred	1000	1	1	0	0.5013014791	EXPECTED_FROM_NULL
x042800	x001425	depleted	1000	1	1	0	0.4494642182	EXPECTED_FROM_NULL
x042800	x001888	preferred	1000	1	1	0	0.4088559594	EXPECTED_FROM_NULL
x042800	x001891	preferred	1000	0.04895104895	0.2776516088	1	0.637366762	EXPECTED_FROM_NULL
x042800	x001892	preferred	1000	1	1	0	0.3492111856	EXPECTED_FROM_NULL
x042800	x002105	preferred	1000	0.05494505495	0.2910602911	1	0.4100202837	EXPECTED_FROM_NULL
x042800	x002110	preferred	1000	1	1	0	0.3492111856	EXPECTED_FROM_NULL
x042800	x002336	preferred	1000	1	1	0	0.9213610143	EXPECTED_FROM_NULL
x042800	x005075	preferred	1000	1	1	1	0.4463250871	EXPECTED_FROM_NULL
x042800	x005248	preferred	1000	1	1	0	0.4986289313	EXPECTED_FROM_NULL
x042800	x005249	preferred	1000	1	1	0	0.3492111856	EXPECTED_FROM_NULL
x042800	x005250	depleted	1000	0.96003996	1	0	0.8554447884	EXPECTED_FROM_NULL
x042800	x005252	preferred	1000	1	1	0	0.3492111856	EXPECTED_FROM_NULL
x042800	x007096	preferred	1000	1	1	0	0.3492111856	EXPECTED_FROM_NULL
x042800	x011064	preferred	1000	1	1	0	0.3492111856	EXPECTED_FROM_NULL
x042800	x014824	depleted	1000	1	1	0	0.9056994655	EXPECTED_FROM_NULL
x042800	x014825	preferred	1000	1	1	0	0.5013014791	EXPECTED_FROM_NULL
x042800	x016899	depleted	1000	0.963036963	1	0	0.6546563527	EXPECTED_FROM_NULL
x042800	x016900	preferred	1000	1	1	0	0.5140683731	EXPECTED_FROM_NULL
x042800	x016902	preferred	1000	1	1	0	0.3492111856	EXPECTED_FROM_NULL
x042800	x017377	depleted	1000	0.982017982	1	0	0.9357188261	EXPECTED_FROM_NULL
x042800	x017378	preferred	1000	1	1	0	0.5140683731	EXPECTED_FROM_NULL
x042800	x017379	preferred	1000	0.04895104895	0.2776516088	0.5	0.4813546113	EXPECTED_FROM_NULL
x042800	x017488	preferred	1000	1	1	0	0.3492111856	EXPECTED_FROM_NULL
x042800	x018249	preferred	1000	1	1	0	0.3492111856	EXPECTED_FROM_NULL
x042800	x018256	preferred	1000	1	1	1	0.3492111856	EXPECTED_FROM_NULL
x042800	x018499	depleted	1000	0.9340659341	1	0	0.7313054323	EXPECTED_FROM_NULL
x042800	x018872	preferred	1000	1	1	0	0.6397722513	EXPECTED_FROM_NULL
x042800	x018877	preferred	1000	0.01798201798	0.2517482517	1	0.5140683731	EXPECTED_FROM_NULL
x042800	x020633	preferred	1000	1	1	0	0.9427659002	EXPECTED_FROM_NULL
x042800	x021968	preferred	1000	1	1	0	0.3492111856	EXPECTED_FROM_NULL
x042800	x022458	preferred	1000	1	1	0	0.5140683731	EXPECTED_FROM_NULL
x042800	x022920	preferred	1000	0.02097902098	0.2534725548	1	0.3492111856	EXPECTED_FROM_NULL
x042800	x023368	preferred	1000	1	1	0	0.3657119192	EXPECTED_FROM_NULL
x042800	x024072	preferred	1000	1	1	0	0.3492111856	EXPECTED_FROM_NULL
x042800	x024201	preferred	1000	1	1	0	0.3492111856	EXPECTED_FROM_NULL
x042800	x024203	depleted	1000	0.957042957	1	0	0.6728995886	EXPECTED_FROM_NULL
x042800	x024241	depleted	1000	0.966033966	1	0	0.5480615906	EXPECTED_FROM_NULL
x042800	x025657	preferred	1000	1	1	0	0.3492111856	EXPECTED_FROM_NULL
x042800	x032440	preferred	1000	1	1	0	0.5140683731	EXPECTED_FROM_NULL
x042800	x032443	preferred	1000	1	1	0	0.3492111856	EXPECTED_FROM_NULL
x042800	x033409	preferred	1000	1	1	0	0.3492111856	EXPECTED_FROM_NULL
x042800	x037848	depleted	1000	0.9410589411	1	0	0.5386727008	EXPECTED_FROM_NULL
x042800	x037849	depleted	1000	0.962037962	1	0	0.5593851153	EXPECTED_FROM_NULL
x042800	x037853	depleted	1000	1	1	0	0.8998776828	EXPECTED_FROM_NULL
x042800	x037857	depleted	1000	0.9030969031	1	0	0.3836862649	EXPECTED_FROM_NULL
x042800	x037859	depleted	1000	0.8731268731	1	0	0.3542969325	EXPECTED_FROM_NULL
x042800	x037914	preferred	1000	1	1	0	0.5140683731	EXPECTED_FROM_NULL
x042800	x038057	preferred	1000	1	1	0	0.5140683731	EXPECTED_FROM_NULL
x042800	x038104	preferred	1000	1	1	1	0.4727100513	EXPECTED_FROM_NULL
x042800	x038536	depleted	1000	1	1	0	0.3975500928	EXPECTED_FROM_NULL
x042800	x041466	preferred	1000	1	1	0	0.3492111856	EXPECTED_FROM_NULL
x042800	x041936	preferred	1000	1	1	0	0.5140683731	EXPECTED_FROM_NULL
x042800	x041937	preferred	1000	1	1	0	0.4986289313	EXPECTED_FROM_NULL
x042800	x042105	preferred	1000	1	1	0	0.9213610143	EXPECTED_FROM_NULL
x042800	x042464	preferred	1000	1	1	0	0.4173086127	EXPECTED_FROM_NULL
x042800	x042469	preferred	1000	0.01798201798	0.2517482517	1	0.413268184	EXPECTED_FROM_NULL
x042801	x000104	depleted	1000	0.9110889111	1	0	0.3113475253	EXPECTED_FROM_NULL
x042801	x001426	depleted	1000	0.984015984	1	1	0.360033122	EXPECTED_FROM_NULL
x042801	x001888	preferred	1000	1	1	0	0.4239302098	EXPECTED_FROM_NULL
x042801	x001889	preferred	1000	1	1	0	0.4652904227	EXPECTED_FROM_NULL
x042801	x001891	preferred	1000	0.01198801199	0.2517482517	1	0.2719028443	EXPECTED_FROM_NULL
x042801	x002110	preferred	1000	1	1	0	0.2719028443	EXPECTED_FROM_NULL
x042801	x005234	preferred	1000	0.02497502498	0.2551656488	1	0.3569227287	EXPECTED_FROM_NULL
x042801	x014825	preferred	1000	1	1	0	0.3569227287	EXPECTED_FROM_NULL
x042801	x014827	preferred	1000	1	1	0	0.4090107264	EXPECTED_FROM_NULL
x042801	x014828	preferred	1000	1	1	0	0.3242562877	EXPECTED_FROM_NULL
x042801	x016296	preferred	1000	1	1	1	0.2719028443	EXPECTED_FROM_NULL
x042801	x016896	preferred	1000	1	1	0	0.4874161557	EXPECTED_FROM_NULL
x042801	x016899	preferred	1000	0.01498501499	0.2517482517	1	0.3976872929	EXPECTED_FROM_NULL
x042801	x016900	preferred	1000	0.02697302697	0.2551656488	1	0.3828517169	EXPECTED_FROM_NULL
x042801	x017376	depleted	1000	0.959040959	1	1	0.3576320415	EXPECTED_FROM_NULL
x042801	x017377	depleted	1000	0.9400599401	1	0	0.5075536722	EXPECTED_FROM_NULL
x042801	x017378	depleted	1000	0.9370629371	1	0	0.4457634389	EXPECTED_FROM_NULL
x042801	x017379	preferred	1000	1	1	0	0.4501414468	EXPECTED_FROM_NULL
x042801	x017381	preferred	1000	1	1	0	0.3292220273	EXPECTED_FROM_NULL
x042801	x017688	preferred	1000	0.03196803197	0.2551656488	1	0.3569227287	EXPECTED_FROM_NULL
x042801	x017994	preferred	1000	1	1	0	0.3569227287	EXPECTED_FROM_NULL
x042801	x018248	preferred	1000	1	1	0	0.3479594605	EXPECTED_FROM_NULL
x042801	x018256	preferred	1000	1	1	0	0.4222752951	EXPECTED_FROM_NULL
x042801	x018497	depleted	1000	0.8531468531	1	0	0.2740245003	EXPECTED_FROM_NULL
x042801	x018498	depleted	1000	0.8711288711	1	0	0.4852401874	EXPECTED_FROM_NULL
x042801	x018561	depleted	1000	0.98001998	1	0	0.655175843	EXPECTED_FROM_NULL
x042801	x018874	depleted	1000	0.974025974	1	0	0.5290543591	EXPECTED_FROM_NULL
x042801	x024200	preferred	1000	1	1	0	0.3569227287	EXPECTED_FROM_NULL
x042801	x024202	preferred	1000	1	1	0	0.2719028443	EXPECTED_FROM_NULL
x042801	x024203	preferred	1000	1	1	0	0.4652904227	EXPECTED_FROM_NULL
x042801	x024245	preferred	1000	1	1	0	0.7657358573	EXPECTED_FROM_NULL
x042801	x025009	preferred	1000	1	1	0	0.2719028443	EXPECTED_FROM_NULL
x042801	x025012	preferred	1000	1	1	0	0.4675432354	EXPECTED_FROM_NULL
x042801	x031706	preferred	1000	1	1	0	0.4529143648	EXPECTED_FROM_NULL
x042801	x032440	preferred	1000	1	1	0	0.2719028443	EXPECTED_FROM_NULL
x042801	x032441	preferred	1000	1	1	0	0.5062589282	EXPECTED_FROM_NULL
x042801	x032442	preferred	1000	1	1	0	0.3305508984	EXPECTED_FROM_NULL
x042801	x032443	preferred	1000	1	1	0	0.4395537497	EXPECTED_FROM_NULL
x042801	x038056	preferred	1000	1	1	0	0.3911538509	EXPECTED_FROM_NULL
x042801	x038536	depleted	1000	0.9340659341	1	0	0.3639362077	EXPECTED_FROM_NULL
x042801	x038538	depleted	1000	0.954045954	1	0	0.3943055523	EXPECTED_FROM_NULL
x042801	x038539	depleted	1000	0.8531468531	1	0	0.4112779825	EXPECTED_FROM_NULL
x042801	x038543	preferred	1000	1	1	0	0.3479594605	EXPECTED_FROM_NULL
x042801	x039659	preferred	1000	1	1	1	0.3057691824	EXPECTED_FROM_NULL
x042801	x040210	preferred	1000	1	1	0	0.7372354482	EXPECTED_FROM_NULL
x042801	x040218	preferred	1000	0.01398601399	0.2517482517	1	0.3479594605	EXPECTED_FROM_NULL
x042801	x041257	depleted	1000	0.991008991	1	0	0.5075536722	EXPECTED_FROM_NULL
x042801	x041465	preferred	1000	0.01698301698	0.2517482517	1	0.3569227287	EXPECTED_FROM_NULL
x042801	x041528	preferred	1000	1	1	0	0.7372354482	EXPECTED_FROM_NULL
x042801	x041936	preferred	1000	1	1	0	0.281476521	EXPECTED_FROM_NULL
x042801	x041938	preferred	1000	0.07892107892	0.3437451437	1	0.4176440608	EXPECTED_FROM_NULL
x042801	x041939	preferred	1000	1	1	0	0.4652904227	EXPECTED_FROM_NULL
x042801	x042467	preferred	1000	0.05594405594	0.2928500071	1	0.5596844406	EXPECTED_FROM_NULL
x042801	x042469	preferred	1000	1	1	0	0.5192999145	EXPECTED_FROM_NULL
x042802	x000104	depleted	1000	0.8441558442	1	0	0.3295463001	EXPECTED_FROM_NULL
x042802	x001393	preferred	1000	1	1	0	0.3439848001	EXPECTED_FROM_NULL
x042802	x001888	preferred	1000	1	1	0	0.2737574708	EXPECTED_FROM_NULL
x042802	x001889	preferred	1000	1	1	1	0.2737574708	EXPECTED_FROM_NULL
x042802	x001890	preferred	1000	1	1	0	0.4600668051	EXPECTED_FROM_NULL
x042802	x001892	preferred	1000	1	1	1	0.2737574708	EXPECTED_FROM_NULL
x042802	x003192	preferred	1000	1	1	1	0.2426252687	EXPECTED_FROM_NULL
x042802	x005073	preferred	1000	1	1	0	0.385576657	EXPECTED_FROM_NULL
x042802	x005074	preferred	1000	0.02597402597	0.2551656488	1	0.3868298925	EXPECTED_FROM_NULL
x042802	x005107	preferred	1000	1	1	0	0.2208029142	EXPECTED_FROM_NULL
x042802	x005249	preferred	1000	0.01098901099	0.2517482517	1	0.2208029142	EXPECTED_FROM_NULL
x042802	x005250	preferred	1000	1	1	0	0.31385437	EXPECTED_FROM_NULL
x042802	x016896	preferred	1000	1	1	0	0.337629383	EXPECTED_FROM_NULL
x042802	x016898	preferred	1000	1	1	0	0.2737574708	EXPECTED_FROM_NULL
x042802	x017378	preferred	10000	9.9990001e-05	0.04409559044	1	0.2405649018	BLOCK_CONCENTRATED
x042802	x017379	preferred	1000	1	1	0	0.4291070616	EXPECTED_FROM_NULL
x042802	x017380	preferred	1000	1	1	0	0.3483128561	EXPECTED_FROM_NULL
x042802	x017381	preferred	1000	1	1	1	0.2891989612	EXPECTED_FROM_NULL
x042802	x017382	preferred	10000	9.9990001e-05	0.04409559044	0.3333333333	0.4960929281	BACKBONE_PREFERRED
x042802	x017993	preferred	1000	1	1	0	0.2569494242	EXPECTED_FROM_NULL
x042802	x018500	depleted	1000	0.984015984	1	0	0.3412860329	EXPECTED_FROM_NULL
x042802	x018502	depleted	1000	0.998001998	1	1	0.4278841875	EXPECTED_FROM_NULL
x042802	x018560	depleted	1000	0.999000999	1	1	0.4049923518	EXPECTED_FROM_NULL
x042802	x020633	preferred	1000	1	1	0	0.4744711658	EXPECTED_FROM_NULL
x042802	x024073	preferred	1000	1	1	0	0.2208029142	EXPECTED_FROM_NULL
x042802	x024201	preferred	1000	1	1	0	0.3601253428	EXPECTED_FROM_NULL
x042802	x024202	preferred	1000	1	1	0	0.2208029142	EXPECTED_FROM_NULL
x042802	x024802	preferred	1000	1	1	0	0.2953045601	EXPECTED_FROM_NULL
x042802	x025011	preferred	1000	1	1	0	0.344360007	EXPECTED_FROM_NULL
x042802	x025012	preferred	1000	0.01198801199	0.2517482517	1	0.2462019959	EXPECTED_FROM_NULL
x042802	x031704	preferred	1000	1	1	0	0.3439848001	EXPECTED_FROM_NULL
x042802	x031706	preferred	1000	1	1	0	0.2541217425	EXPECTED_FROM_NULL
x042802	x032441	preferred	1000	0.03296703297	0.2584615385	1	0.3253212672	EXPECTED_FROM_NULL
x042802	x033881	preferred	1000	1	1	0	0.3232171354	EXPECTED_FROM_NULL
x042802	x037913	preferred	1000	1	1	0	0.2208029142	EXPECTED_FROM_NULL
x042802	x038057	preferred	1000	1	1	0	0.2208029142	EXPECTED_FROM_NULL
x042802	x038537	depleted	1000	1	1	1	0.43368796	EXPECTED_FROM_NULL
x042802	x038538	depleted	1000	0.9340659341	1	0	0.3415181223	EXPECTED_FROM_NULL
x042802	x041440	preferred	1000	0.01698301698	0.2517482517	1	0.2569494242	EXPECTED_FROM_NULL
x042802	x041936	preferred	1000	1	1	0	0.3598614028	EXPECTED_FROM_NULL
x042802	x041938	preferred	1000	1	1	0	0.2737574708	EXPECTED_FROM_NULL
x042802	x041939	preferred	1000	1	1	0	0.2737574708	EXPECTED_FROM_NULL
x042802	x042106	preferred	1000	0.05194805195	0.2845849802	1	0.3654760329	EXPECTED_FROM_NULL
x042802	x042464	preferred	1000	0.05694305694	0.2928500071	1	0.4393463709	EXPECTED_FROM_NULL
x042802	x042465	preferred	1000	1	1	0	0.4101064503	EXPECTED_FROM_NULL
x042802	x042466	preferred	1000	1	1	0	0.2388151776	EXPECTED_FROM_NULL
x042802	x042467	preferred	1000	1	1	0	0.3076542355	EXPECTED_FROM_NULL
x042802	x042802	depleted	1000	0.8681318681	1	1	0.2730007946	EXPECTED_FROM_NULL
x042803	x000104	preferred	1000	0.000999000999	1	0	0	INSUFFICIENT_SUPPORT
x042803	x001426	preferred	1000	0.000999000999	1	0	0	INSUFFICIENT_SUPPORT
x042803	x001888	preferred	1000	0.000999000999	1	0	0	INSUFFICIENT_SUPPORT
x042803	x001892	preferred	1000	0.000999000999	1	0	0	INSUFFICIENT_SUPPORT
x042803	x005249	preferred	1000	0.000999000999	1	0	0	INSUFFICIENT_SUPPORT
x042803	x007097	preferred	1000	0.000999000999	1	0	0	INSUFFICIENT_SUPPORT
x042803	x014824	preferred	1000	0.000999000999	1	0	0	INSUFFICIENT_SUPPORT
x042803	x016899	preferred	1000	0.000999000999	1	0	0	INSUFFICIENT_SUPPORT
x042803	x017376	preferred	1000	0.000999000999	1	0	0	INSUFFICIENT_SUPPORT
x042803	x017378	preferred	1000	0.000999000999	1	0	0	INSUFFICIENT_SUPPORT
x042803	x017381	preferred	1000	0.000999000999	1	0	0	INSUFFICIENT_SUPPORT
x042803	x018497	preferred	1000	0.000999000999	1	0	0	INSUFFICIENT_SUPPORT
x042803	x018560	preferred	1000	0.000999000999	1	0	0	INSUFFICIENT_SUPPORT
x042803	x018872	preferred	1000	0.000999000999	1	0	0	INSUFFICIENT_SUPPORT
x042803	x019713	preferred	1000	0.000999000999	1	0	0	INSUFFICIENT_SUPPORT
x042803	x019942	preferred	1000	0.000999000999	1	0	0	INSUFFICIENT_SUPPORT
x042803	x020632	preferred	1000	0.000999000999	1	0	0	INSUFFICIENT_SUPPORT
x042803	x024200	preferred	1000	0.000999000999	1	0	0	INSUFFICIENT_SUPPORT
x042803	x024201	preferred	1000	0.000999000999	1	0	0	INSUFFICIENT_SUPPORT
x042803	x024242	preferred	1000	0.000999000999	1	0	0	INSUFFICIENT_SUPPORT
x042803	x024800	preferred	1000	0.000999000999	1	0	0	INSUFFICIENT_SUPPORT
x042803	x025528	preferred	1000	0.000999000999	1	0	0	INSUFFICIENT_SUPPORT
x042803	x032441	preferred	1000	0.000999000999	1	0	0	INSUFFICIENT_SUPPORT
x042803	x037848	preferred	1000	0.000999000999	1	0	0	INSUFFICIENT_SUPPORT
x042803	x037851	preferred	1000	0.000999000999	1	0	0	INSUFFICIENT_SUPPORT
x042803	x037854	preferred	1000	0.000999000999	1	0	0	INSUFFICIENT_SUPPORT
x042803	x038058	preferred	1000	0.000999000999	1	0	0	INSUFFICIENT_SUPPORT
x042803	x038105	preferred	1000	0.000999000999	1	0	0	INSUFFICIENT_SUPPORT
x042803	x038538	preferred	1000	0.000999000999	1	0	0	INSUFFICIENT_SUPPORT
x042803	x038541	preferred	1000	0.000999000999	1	0	0	INSUFFICIENT_SUPPORT
x042803	x041936	preferred	1000	0.000999000999	1	0	0	INSUFFICIENT_SUPPORT
x042803	x041939	preferred	1000	0.000999000999	1	0	0	INSUFFICIENT_SUPPORT
x042803	x042464	preferred	1000	0.000999000999	1	0	0	INSUFFICIENT_SUPPORT
x042804	x001088	preferred	1000	1	1	0	1	INSUFFICIENT_SUPPORT
x042804	x001426	preferred	1000	1	1	0	1	INSUFFICIENT_SUPPORT
x042804	x001890	preferred	1000	1	1	0	1	INSUFFICIENT_SUPPORT
x042804	x001893	preferred	1000	0.00999000999	1	1	1	INSUFFICIENT_SUPPORT
x042804	x002338	preferred	1000	1	1	0	1	INSUFFICIENT_SUPPORT
x042804	x002343	preferred	1000	1	1	0	1	INSUFFICIENT_SUPPORT
x042804	x005248	depleted	1000	0.977022977	1	0	1	INSUFFICIENT_SUPPORT
x042804	x005250	preferred	1000	1	1	0	1	INSUFFICIENT_SUPPORT
x042804	x010937	preferred	1000	1	1	0	1	INSUFFICIENT_SUPPORT
x042804	x010938	preferred	1000	1	1	0	1	INSUFFICIENT_SUPPORT
x042804	x014827	preferred	1000	1	1	0	1	INSUFFICIENT_SUPPORT
x042804	x017376	depleted	1000	0.984015984	1	0	1	INSUFFICIENT_SUPPORT
x042804	x017377	preferred	1000	1	1	0	1	INSUFFICIENT_SUPPORT
x042804	x018248	preferred	1000	1	1	0	1	INSUFFICIENT_SUPPORT
x042804	x018496	depleted	1000	0.952047952	1	0	1	INSUFFICIENT_SUPPORT
x042804	x018499	depleted	1000	0.977022977	1	0	1	INSUFFICIENT_SUPPORT
x042804	x018875	depleted	1000	1	1	0	1	INSUFFICIENT_SUPPORT
x042804	x023368	preferred	1000	1	1	0	1	INSUFFICIENT_SUPPORT
x042804	x024203	preferred	1000	1	1	0	1	INSUFFICIENT_SUPPORT
x042804	x024240	preferred	1000	1	1	0	1	INSUFFICIENT_SUPPORT
x042804	x024242	preferred	1000	0.01898101898	1	1	1	INSUFFICIENT_SUPPORT
x042804	x025392	depleted	1000	0.968031968	1	0	1	INSUFFICIENT_SUPPORT
x042804	x034672	preferred	1000	1	1	0	1	INSUFFICIENT_SUPPORT
x042804	x037953	preferred	1000	1	1	0	1	INSUFFICIENT_SUPPORT
x042804	x038539	depleted	1000	0.976023976	1	0	1	INSUFFICIENT_SUPPORT
x042804	x041464	preferred	1000	1	1	0	1	INSUFFICIENT_SUPPORT
x042804	x041936	preferred	1000	1	1	0	1	INSUFFICIENT_SUPPORT
x042804	x041937	preferred	1000	1	1	0	1	INSUFFICIENT_SUPPORT
x042804	x042466	preferred	1000	1	1	0	1	INSUFFICIENT_SUPPORT
x042805	x000105	preferred	1000	0.000999000999	1	0	0	INSUFFICIENT_SUPPORT
x042805	x000106	preferred	1000	0.000999000999	1	0	0	INSUFFICIENT_SUPPORT
x042805	x001088	preferred	1000	0.000999000999	1	0	0	INSUFFICIENT_SUPPORT
x042805	x001889	preferred	1000	0.000999000999	1	0	0	INSUFFICIENT_SUPPORT
x042805	x010280	preferred	1000	0.000999000999	1	0	0	INSUFFICIENT_SUPPORT
x042805	x010937	preferred	1000	0.000999000999	1	0	0	INSUFFICIENT_SUPPORT
x042805	x011064	preferred	1000	0.000999000999	1	0	0	INSUFFICIENT_SUPPORT
x042805	x016896	preferred	1000	0.000999000999	1	0	0	INSUFFICIENT_SUPPORT
x042805	x016897	preferred	1000	0.000999000999	1	0	0	INSUFFICIENT_SUPPORT
x042805	x017378	preferred	1000	0.000999000999	1	0	0	INSUFFICIENT_SUPPORT
x042805	x018496	preferred	1000	0.000999000999	1	0	0	INSUFFICIENT_SUPPORT
x042805	x018500	preferred	1000	0.000999000999	1	0	0	INSUFFICIENT_SUPPORT
x042805	x019941	preferred	1000	0.000999000999	1	0	0	INSUFFICIENT_SUPPORT
x042805	x020328	preferred	1000	0.000999000999	1	0	0	INSUFFICIENT_SUPPORT
x042805	x020632	preferred	1000	0.000999000999	1	0	0	INSUFFICIENT_SUPPORT
x042805	x021277	preferred	1000	0.000999000999	1	0	0	INSUFFICIENT_SUPPORT
x042805	x024200	preferred	1000	0.000999000999	1	0	0	INSUFFICIENT_SUPPORT
x042805	x024202	preferred	1000	0.000999000999	1	0	0	INSUFFICIENT_SUPPORT
x042805	x024242	preferred	1000	0.000999000999	1	0	0	INSUFFICIENT_SUPPORT
x042805	x024245	preferred	1000	0.000999000999	1	0	0	INSUFFICIENT_SUPPORT
x042805	x032443	preferred	1000	0.000999000999	1	0	0	INSUFFICIENT_SUPPORT
x042805	x032993	preferred	1000	0.000999000999	1	0	0	INSUFFICIENT_SUPPORT
x042805	x037849	preferred	1000	0.000999000999	1	0	0	INSUFFICIENT_SUPPORT
x042805	x037859	preferred	1000	0.000999000999	1	0	0	INSUFFICIENT_SUPPORT
x042805	x038057	preferred	1000	0.000999000999	1	0	0	INSUFFICIENT_SUPPORT
x042805	x038108	preferred	1000	0.000999000999	1	0	0	INSUFFICIENT_SUPPORT
x042805	x038537	preferred	1000	0.000999000999	1	0	0	INSUFFICIENT_SUPPORT
x042805	x039659	preferred	1000	0.000999000999	1	0	0	INSUFFICIENT_SUPPORT
x042805	x040217	preferred	1000	0.000999000999	1	0	0	INSUFFICIENT_SUPPORT
x042805	x041115	preferred	1000	0.000999000999	1	0	0	INSUFFICIENT_SUPPORT
x042805	x041464	preferred	1000	0.000999000999	1	0	0	INSUFFICIENT_SUPPORT
x042805	x041936	preferred	1000	0.000999000999	1	0	0	INSUFFICIENT_SUPPORT
x042805	x041938	preferred	1000	0.000999000999	1	0	0	INSUFFICIENT_SUPPORT
x042806	x001426	preferred	1000	0.000999000999	1	0	0	INSUFFICIENT_SUPPORT
x042806	x001888	preferred	1000	0.000999000999	1	0	0	INSUFFICIENT_SUPPORT
x042806	x001893	preferred	1000	0.000999000999	1	0	0	INSUFFICIENT_SUPPORT
x042806	x016898	preferred	1000	0.000999000999	1	0	0	INSUFFICIENT_SUPPORT
x042806	x017376	preferred	1000	0.000999000999	1	0	0	INSUFFICIENT_SUPPORT
x042806	x017377	preferred	1000	0.000999000999	1	0	0	INSUFFICIENT_SUPPORT
x042806	x017378	preferred	1000	0.000999000999	1	0	0	INSUFFICIENT_SUPPORT
x042806	x017379	preferred	1000	0.000999000999	1	0	0	INSUFFICIENT_SUPPORT
x042806	x017380	preferred	1000	0.000999000999	1	0	0	INSUFFICIENT_SUPPORT
x042806	x017691	preferred	1000	0.000999000999	1	0	0	INSUFFICIENT_SUPPORT
x042806	x023368	preferred	1000	0.000999000999	1	0	0	INSUFFICIENT_SUPPORT
x042806	x037848	preferred	1000	0.000999000999	1	0	0	INSUFFICIENT_SUPPORT
x042806	x037850	preferred	1000	0.000999000999	1	0	0	INSUFFICIENT_SUPPORT
x042806	x038539	preferred	1000	0.000999000999	1	0	0	INSUFFICIENT_SUPPORT
x042806	x041939	preferred	1000	0.000999000999	1	0	0	INSUFFICIENT_SUPPORT
x042807	x014361	preferred	1000	0.000999000999	1	0	0	INSUFFICIENT_SUPPORT
x042807	x017377	preferred	1000	0.000999000999	1	0	0	INSUFFICIENT_SUPPORT
x042807	x018497	preferred	1000	0.000999000999	1	0	0	INSUFFICIENT_SUPPORT
x042807	x020633	preferred	1000	0.000999000999	1	0	0	INSUFFICIENT_SUPPORT
x042807	x038058	preferred	1000	0.000999000999	1	0	0	INSUFFICIENT_SUPPORT
x042807	x041936	preferred	1000	0.000999000999	1	0	0	INSUFFICIENT_SUPPORT
x042816	x005553	preferred	1000	0.000999000999	1	0	0	INSUFFICIENT_SUPPORT
x042816	x017032	preferred	1000	0.000999000999	1	0	0	INSUFFICIENT_SUPPORT
x042816	x026008	preferred	1000	0.000999000999	1	0	0	INSUFFICIENT_SUPPORT
x042817	x026008	preferred	1000	0.000999000999	1	0	0	INSUFFICIENT_SUPPORT
x042819	x038442	preferred	1000	0.000999000999	1	0	0	INSUFFICIENT_SUPPORT
x042820	x005552	preferred	1000	0.000999000999	1	0	0	INSUFFICIENT_SUPPORT
